Reading,Receive,Value,Unit,Data Quality
12/31/2023 11:57:12 AM,12/31/2023 11:57:25 AM,0.00,in,A
12/30/2023 11:57:11 PM,12/30/2023 11:57:25 PM,0.00,in,A
12/30/2023 11:57:10 AM,12/30/2023 11:57:25 AM,0.00,in,A
12/29/2023 11:57:09 PM,12/29/2023 11:57:25 PM,0.00,in,A
12/29/2023 11:57:08 AM,12/29/2023 11:57:25 AM,0.00,in,A
12/28/2023 11:57:07 PM,12/28/2023 11:57:25 PM,0.00,in,A
12/28/2023 11:57:06 AM,12/28/2023 11:57:25 AM,0.00,in,A
12/28/2023 03:47:23 AM,12/28/2023 03:47:25 AM,0.04,in,A
12/27/2023 11:57:05 PM,12/27/2023 11:57:25 PM,0.00,in,A
12/27/2023 01:40:12 PM,12/27/2023 01:40:25 PM,0.04,in,A
12/27/2023 01:04:17 PM,12/27/2023 01:04:25 PM,0.04,in,A
12/27/2023 12:29:22 PM,12/27/2023 12:29:25 PM,0.04,in,A
12/27/2023 11:57:04 AM,12/27/2023 11:57:25 AM,0.00,in,A
12/27/2023 11:56:26 AM,12/27/2023 11:56:55 AM,0.04,in,A
12/27/2023 11:19:15 AM,12/27/2023 11:19:25 AM,0.04,in,A
12/26/2023 11:57:03 PM,12/26/2023 11:57:25 PM,0.00,in,A
12/26/2023 11:38:51 PM,12/26/2023 11:38:55 PM,0.04,in,A
12/26/2023 03:34:55 PM,12/26/2023 03:35:25 PM,0.04,in,A
12/25/2023 11:57:01 PM,12/25/2023 11:57:25 PM,0.00,in,A
12/25/2023 11:57:00 AM,12/25/2023 11:57:25 AM,0.00,in,A
12/25/2023 03:20:00 AM,12/25/2023 03:20:25 AM,0.04,in,A
12/25/2023 01:07:05 AM,12/25/2023 01:23:47 AM,0.04,in,A
12/25/2023 12:42:41 AM,12/25/2023 12:57:23 AM,0.08,in,A
12/24/2023 11:57:59 PM,12/24/2023 11:58:51 PM,0.04,in,A
12/24/2023 11:56:59 PM,12/24/2023 11:58:48 PM,0.04,in,A
12/24/2023 11:32:24 PM,12/24/2023 11:34:38 PM,0.04,in,A
12/24/2023 11:25:35 PM,12/24/2023 11:28:27 PM,0.04,in,A
12/24/2023 11:20:34 PM,12/24/2023 11:28:19 PM,0.04,in,A
12/24/2023 11:14:56 PM,12/24/2023 11:24:41 PM,0.04,in,A
12/24/2023 11:09:00 PM,12/24/2023 11:11:40 PM,0.04,in,A
12/24/2023 11:03:34 PM,12/24/2023 11:11:24 PM,0.12,in,A
12/24/2023 10:29:59 PM,12/24/2023 10:31:22 PM,0.04,in,A
12/24/2023 10:18:13 PM,12/24/2023 10:18:25 PM,0.08,in,A
12/24/2023 09:51:27 PM,12/24/2023 09:51:55 PM,0.04,in,A
12/24/2023 09:39:05 PM,12/24/2023 09:42:27 PM,0.04,in,A
12/24/2023 09:28:12 PM,12/24/2023 09:28:25 PM,0.04,in,A
12/24/2023 09:17:24 PM,12/24/2023 09:17:25 PM,0.04,in,A
12/24/2023 09:08:23 PM,12/24/2023 09:08:25 PM,0.04,in,A
12/24/2023 08:57:45 PM,12/24/2023 08:57:55 PM,0.04,in,A
12/24/2023 08:35:44 PM,12/24/2023 08:35:55 PM,0.08,in,A
12/24/2023 08:00:46 PM,12/24/2023 08:00:55 PM,0.04,in,A
12/24/2023 07:39:47 PM,12/24/2023 07:39:55 PM,0.04,in,A
12/24/2023 07:32:30 PM,12/24/2023 07:32:55 PM,0.04,in,A
12/24/2023 07:23:23 PM,12/24/2023 07:23:25 PM,0.04,in,A
12/24/2023 07:15:26 PM,12/24/2023 07:15:55 PM,0.04,in,A
12/24/2023 06:57:53 PM,12/24/2023 06:57:55 PM,0.04,in,A
12/24/2023 06:36:51 PM,12/24/2023 06:36:55 PM,0.04,in,A
12/24/2023 06:15:43 PM,12/24/2023 06:15:55 PM,0.04,in,A
12/24/2023 05:23:45 PM,12/24/2023 05:23:55 PM,0.04,in,A
12/24/2023 04:38:16 PM,12/24/2023 04:38:25 PM,0.04,in,A
12/24/2023 03:30:19 PM,12/24/2023 03:30:25 PM,0.04,in,A
12/24/2023 02:21:25 PM,12/24/2023 02:21:55 PM,0.04,in,A
12/24/2023 01:09:27 PM,12/24/2023 01:09:55 PM,0.04,in,A
12/24/2023 12:14:50 PM,12/24/2023 12:14:55 PM,0.04,in,A
12/24/2023 11:56:59 AM,12/24/2023 11:57:29 AM,0.00,in,A
12/24/2023 11:26:05 AM,12/24/2023 11:26:25 AM,0.04,in,A
12/24/2023 10:21:39 AM,12/24/2023 10:21:55 AM,0.04,in,A
12/24/2023 09:50:11 AM,12/24/2023 09:50:25 AM,0.04,in,A
12/24/2023 09:12:26 AM,12/24/2023 09:12:55 AM,0.04,in,A
12/24/2023 08:25:37 AM,12/24/2023 08:25:55 AM,0.04,in,A
12/24/2023 08:01:37 AM,12/24/2023 08:01:55 AM,0.04,in,A
12/24/2023 07:50:17 AM,12/24/2023 07:50:25 AM,0.04,in,A
12/24/2023 07:44:10 AM,12/24/2023 07:44:25 AM,0.04,in,A
12/24/2023 07:35:43 AM,12/24/2023 07:35:55 AM,0.04,in,A
12/23/2023 11:56:58 PM,12/23/2023 11:57:25 PM,0.00,in,A
12/23/2023 11:56:58 AM,12/23/2023 11:57:25 AM,0.00,in,A
12/22/2023 11:56:57 PM,12/22/2023 11:57:25 PM,0.00,in,A
12/22/2023 11:56:56 AM,12/22/2023 11:57:25 AM,0.00,in,A
12/22/2023 08:11:48 AM,12/22/2023 08:11:55 AM,0.04,in,A
12/22/2023 05:37:37 AM,12/22/2023 05:37:55 AM,0.04,in,A
12/22/2023 05:24:41 AM,12/22/2023 05:24:55 AM,0.04,in,A
12/22/2023 05:12:23 AM,12/22/2023 05:12:25 AM,0.04,in,A
12/22/2023 05:02:12 AM,12/22/2023 05:02:25 AM,0.04,in,A
12/22/2023 04:40:06 AM,12/22/2023 04:40:25 AM,0.04,in,A
12/22/2023 04:27:36 AM,12/22/2023 04:27:55 AM,0.04,in,A
12/22/2023 04:17:28 AM,12/22/2023 04:17:55 AM,0.04,in,A
12/21/2023 11:56:56 PM,12/21/2023 11:57:25 PM,0.00,in,A
12/21/2023 08:00:11 PM,12/21/2023 08:00:25 PM,0.04,in,A
12/21/2023 11:56:55 AM,12/21/2023 11:57:25 AM,0.00,in,A
12/20/2023 11:56:54 PM,12/20/2023 11:57:25 PM,0.00,in,A
12/20/2023 11:56:54 AM,12/20/2023 11:56:55 AM,0.00,in,A
12/19/2023 11:56:53 PM,12/19/2023 11:56:55 PM,0.00,in,A
12/19/2023 11:56:52 AM,12/19/2023 11:56:55 AM,0.00,in,A
12/18/2023 11:56:51 PM,12/18/2023 11:57:05 PM,0.00,in,A
12/18/2023 11:56:50 AM,12/18/2023 11:56:55 AM,0.00,in,A
12/17/2023 11:56:49 PM,12/17/2023 11:56:55 PM,0.00,in,A
12/17/2023 11:56:48 AM,12/17/2023 11:56:55 AM,0.00,in,A
12/16/2023 11:56:47 PM,12/16/2023 11:56:55 PM,0.00,in,A
12/16/2023 02:00:17 PM,12/16/2023 02:00:25 PM,0.04,in,A
12/16/2023 11:56:46 AM,12/16/2023 11:56:55 AM,0.00,in,A
12/16/2023 02:47:22 AM,12/16/2023 02:47:25 AM,0.04,in,A
12/16/2023 01:45:45 AM,12/16/2023 01:45:55 AM,0.04,in,A
12/16/2023 01:15:26 AM,12/16/2023 01:15:55 AM,0.04,in,A
12/15/2023 11:56:45 PM,12/15/2023 11:56:55 PM,0.00,in,A
12/15/2023 09:33:06 PM,12/15/2023 09:33:25 PM,0.04,in,A
12/15/2023 07:53:25 PM,12/15/2023 07:53:55 PM,0.04,in,A
12/15/2023 06:54:20 PM,12/15/2023 06:54:25 PM,0.04,in,A
12/15/2023 06:09:47 PM,12/15/2023 06:09:55 PM,0.04,in,A
12/15/2023 05:38:17 PM,12/15/2023 05:38:25 PM,0.04,in,A
12/15/2023 05:06:49 PM,12/15/2023 05:06:55 PM,0.04,in,A
12/15/2023 04:37:45 PM,12/15/2023 04:37:55 PM,0.04,in,A
12/15/2023 04:10:58 PM,12/15/2023 04:12:57 PM,0.04,in,A
12/15/2023 03:46:58 PM,12/15/2023 03:49:44 PM,0.04,in,A
12/15/2023 03:31:50 PM,12/15/2023 03:34:14 PM,0.04,in,A
12/15/2023 03:07:38 PM,12/15/2023 03:11:23 PM,0.04,in,A
12/15/2023 02:59:45 PM,12/15/2023 03:03:04 PM,0.04,in,A
12/15/2023 02:28:09 PM,12/15/2023 02:28:25 PM,0.04,in,A
12/15/2023 01:57:21 PM,12/15/2023 01:57:58 PM,0.04,in,A
12/15/2023 11:56:45 AM,12/15/2023 11:59:01 AM,0.00,in,A
12/14/2023 11:56:44 PM,12/14/2023 11:56:55 PM,0.00,in,A
12/14/2023 11:56:43 AM,12/14/2023 11:56:55 AM,0.00,in,A
12/13/2023 11:56:42 PM,12/13/2023 11:56:55 PM,0.00,in,A
12/13/2023 11:56:41 AM,12/13/2023 11:56:55 AM,0.00,in,A
12/12/2023 11:56:40 PM,12/12/2023 11:56:55 PM,0.00,in,A
12/12/2023 11:56:39 AM,12/12/2023 11:56:55 AM,0.00,in,A
12/11/2023 11:56:38 PM,12/11/2023 11:56:55 PM,0.00,in,A
12/11/2023 11:56:37 AM,12/11/2023 11:56:55 AM,0.00,in,A
12/10/2023 11:56:36 PM,12/10/2023 11:58:56 PM,0.00,in,A
12/10/2023 11:56:35 AM,12/10/2023 11:56:55 AM,0.00,in,A
12/09/2023 11:56:34 PM,12/09/2023 11:56:55 PM,0.00,in,A
12/09/2023 11:56:34 AM,12/09/2023 11:56:56 AM,0.00,in,A
12/08/2023 11:56:33 PM,12/08/2023 11:58:49 PM,0.00,in,A
12/08/2023 09:25:16 PM,12/08/2023 09:25:25 PM,0.04,in,A
12/08/2023 07:53:55 PM,12/08/2023 07:54:25 PM,0.04,in,A
12/08/2023 05:57:56 PM,12/08/2023 05:58:25 PM,0.04,in,A
12/08/2023 04:45:50 PM,12/08/2023 04:45:55 PM,0.04,in,A
12/08/2023 11:56:32 AM,12/08/2023 11:56:55 AM,0.00,in,A
12/07/2023 11:56:32 PM,12/07/2023 11:56:55 PM,0.00,in,A
12/07/2023 11:56:31 AM,12/07/2023 11:56:55 AM,0.00,in,A
12/06/2023 11:56:30 PM,12/06/2023 11:56:55 PM,0.00,in,A
12/06/2023 11:56:29 AM,12/06/2023 11:56:55 AM,0.00,in,A
12/05/2023 11:56:28 PM,12/05/2023 11:56:55 PM,0.00,in,A
12/05/2023 11:56:27 AM,12/05/2023 11:56:55 AM,0.00,in,A
12/04/2023 11:56:27 PM,12/04/2023 11:56:55 PM,0.00,in,A
12/04/2023 11:56:26 AM,12/04/2023 11:56:55 AM,0.00,in,A
12/03/2023 11:56:25 PM,12/03/2023 11:56:55 PM,0.00,in,A
12/03/2023 11:56:24 AM,12/03/2023 11:56:55 AM,0.00,in,A
12/02/2023 11:56:23 PM,12/02/2023 11:56:25 PM,0.00,in,A
12/02/2023 04:52:40 PM,12/02/2023 04:52:55 PM,0.04,in,A
12/02/2023 03:29:33 PM,12/02/2023 03:29:55 PM,0.04,in,A
12/02/2023 02:56:30 PM,12/02/2023 02:56:55 PM,0.04,in,A
12/02/2023 11:56:22 AM,12/02/2023 11:56:25 AM,0.00,in,A
12/01/2023 11:56:21 PM,12/01/2023 11:56:25 PM,0.00,in,A
12/01/2023 11:59:45 AM,12/01/2023 11:59:55 AM,0.08,in,A
12/01/2023 11:58:48 AM,12/01/2023 11:58:55 AM,0.04,in,A
12/01/2023 11:54:48 AM,12/01/2023 11:54:55 AM,0.00,in,A
12/01/2023 11:54:35 AM,12/01/2023 11:54:55 AM,0.00,in,A
12/01/2023 09:30:15 AM,12/01/2023 09:32:15 AM,0.00,in,A
11/30/2023 09:30:14 PM,11/30/2023 09:32:04 PM,0.00,in,A
11/30/2023 09:30:14 AM,11/30/2023 09:32:07 AM,0.00,in,A
11/29/2023 09:30:13 PM,11/29/2023 09:32:24 PM,0.00,in,A
11/29/2023 09:30:12 AM,11/29/2023 09:31:38 AM,0.00,in,A
11/28/2023 09:30:11 PM,11/28/2023 09:32:04 PM,0.00,in,A
11/28/2023 09:30:10 AM,11/28/2023 09:31:48 AM,0.00,in,A
11/27/2023 09:30:09 PM,11/27/2023 09:32:01 PM,0.00,in,A
11/27/2023 09:30:08 AM,11/27/2023 09:32:48 AM,0.00,in,A
11/26/2023 09:30:07 PM,11/26/2023 09:31:36 PM,0.00,in,A
11/26/2023 09:30:06 AM,11/26/2023 09:31:48 AM,0.00,in,A
11/25/2023 09:30:05 PM,11/25/2023 09:32:08 PM,0.00,in,A
11/25/2023 09:30:04 AM,11/25/2023 09:31:46 AM,0.00,in,A
11/24/2023 09:30:03 PM,11/24/2023 09:33:00 PM,0.00,in,A
11/24/2023 09:30:02 AM,11/24/2023 09:31:53 AM,0.00,in,A
11/23/2023 09:30:01 PM,11/23/2023 09:31:42 PM,0.00,in,A
11/23/2023 09:30:00 AM,11/23/2023 09:31:32 AM,0.00,in,A
11/20/2023 10:18:11 AM,11/20/2023 10:18:25 AM,0.00,in,A
11/20/2023 10:17:55 AM,11/20/2023 10:18:25 AM,0.00,in,A
11/20/2023 08:14:36 AM,11/20/2023 08:17:54 AM,0.00,in,A
11/20/2023 08:13:07 AM,11/20/2023 08:13:26 AM,0.00,in,A
11/20/2023 06:20:57 AM,11/20/2023 06:21:25 AM,0.04,in,A
11/20/2023 04:09:37 AM,11/20/2023 04:09:55 AM,0.04,in,A
11/20/2023 03:42:47 AM,11/20/2023 03:42:55 AM,0.04,in,A
11/20/2023 03:30:35 AM,11/20/2023 03:30:55 AM,0.04,in,A
11/20/2023 03:16:15 AM,11/20/2023 03:18:51 AM,0.04,in,A
11/20/2023 02:49:18 AM,11/20/2023 02:51:24 AM,0.04,in,A
11/20/2023 02:24:01 AM,11/20/2023 02:24:25 AM,0.04,in,A
11/20/2023 01:41:21 AM,11/20/2023 01:41:25 AM,0.04,in,A
11/20/2023 12:52:58 AM,11/20/2023 12:53:25 AM,0.00,in,A
11/20/2023 12:49:56 AM,11/20/2023 12:50:25 AM,0.04,in,A
11/20/2023 12:05:46 AM,11/20/2023 12:05:55 AM,0.04,in,A
11/19/2023 10:32:33 PM,11/19/2023 10:32:55 PM,0.04,in,A
11/19/2023 05:32:18 PM,11/19/2023 05:32:25 PM,0.04,in,A
11/19/2023 03:19:39 PM,11/19/2023 03:19:55 PM,0.04,in,A
11/19/2023 12:58:48 PM,11/19/2023 12:58:55 PM,0.04,in,A
11/19/2023 12:52:58 PM,11/19/2023 12:53:25 PM,0.00,in,A
11/19/2023 12:52:58 AM,11/19/2023 12:53:25 AM,0.00,in,A
11/18/2023 12:52:57 PM,11/18/2023 12:53:25 PM,0.00,in,A
11/18/2023 12:52:57 AM,11/18/2023 12:53:25 AM,0.00,in,A
11/17/2023 12:52:57 PM,11/17/2023 12:53:25 PM,0.00,in,A
11/17/2023 12:52:56 AM,11/17/2023 12:53:25 AM,0.00,in,A
11/16/2023 12:52:56 PM,11/16/2023 12:53:25 PM,0.00,in,A
11/16/2023 12:52:56 AM,11/16/2023 12:53:25 AM,0.00,in,A
11/15/2023 12:52:56 PM,11/15/2023 12:53:25 PM,0.00,in,A
11/15/2023 12:52:55 AM,11/15/2023 12:53:25 AM,0.00,in,A
11/14/2023 12:52:55 PM,11/14/2023 12:53:25 PM,0.00,in,A
11/14/2023 12:52:55 AM,11/14/2023 12:53:25 AM,0.00,in,A
11/13/2023 12:52:55 PM,11/13/2023 12:53:25 PM,0.00,in,A
11/13/2023 12:52:54 AM,11/13/2023 12:53:25 AM,0.00,in,A
11/12/2023 12:52:54 PM,11/12/2023 12:52:55 PM,0.00,in,A
11/12/2023 12:52:54 AM,11/12/2023 12:52:55 AM,0.00,in,A
11/11/2023 12:52:53 PM,11/11/2023 12:52:55 PM,0.00,in,A
11/11/2023 12:52:53 AM,11/11/2023 12:52:55 AM,0.00,in,A
11/10/2023 12:52:53 PM,11/10/2023 12:52:55 PM,0.00,in,A
11/10/2023 12:52:52 AM,11/10/2023 12:52:56 AM,0.00,in,A
11/09/2023 12:52:52 PM,11/09/2023 12:52:55 PM,0.00,in,A
11/09/2023 12:52:52 AM,11/09/2023 12:52:55 AM,0.00,in,A
11/08/2023 12:52:52 PM,11/08/2023 12:52:55 PM,0.00,in,A
11/08/2023 12:52:51 AM,11/08/2023 12:52:55 AM,0.00,in,A
11/07/2023 12:52:51 PM,11/07/2023 12:52:55 PM,0.00,in,A
11/07/2023 12:52:51 AM,11/07/2023 12:52:55 AM,0.00,in,A
11/06/2023 12:52:51 PM,11/06/2023 12:52:55 PM,0.00,in,A
11/06/2023 12:52:50 AM,11/06/2023 12:52:55 AM,0.00,in,A
11/05/2023 12:52:50 PM,11/05/2023 12:52:55 PM,0.00,in,A
11/05/2023 01:52:50 AM,11/05/2023 01:52:55 AM,0.00,in,A
11/04/2023 03:55:27 PM,11/04/2023 03:55:55 PM,0.04,in,A
11/04/2023 10:29:32 AM,11/04/2023 10:29:55 AM,0.00,in,A
11/03/2023 10:29:31 PM,11/03/2023 10:29:55 PM,0.00,in,A
11/03/2023 10:29:31 AM,11/03/2023 10:29:56 AM,0.00,in,A
11/02/2023 10:29:30 PM,11/02/2023 10:30:23 PM,0.00,in,A
11/02/2023 10:29:29 AM,11/02/2023 10:29:57 AM,0.00,in,A
11/01/2023 10:29:29 PM,11/01/2023 10:29:56 PM,0.00,in,A
11/01/2023 10:29:28 AM,11/01/2023 10:30:13 AM,0.00,in,A
10/31/2023 10:29:27 PM,10/31/2023 10:29:55 PM,0.00,in,A
10/30/2023 10:29:24 AM,10/30/2023 10:30:06 AM,0.00,in,A
10/29/2023 10:29:23 PM,10/29/2023 10:29:41 PM,0.00,in,A
10/29/2023 02:16:01 PM,10/29/2023 02:16:25 PM,0.04,in,A
10/29/2023 10:29:22 AM,10/29/2023 10:29:31 AM,0.00,in,A
10/28/2023 10:29:21 PM,10/28/2023 10:29:42 PM,0.00,in,A
10/28/2023 10:23:45 PM,10/28/2023 10:23:55 PM,0.04,in,A
10/28/2023 09:30:17 PM,10/28/2023 09:30:31 PM,0.04,in,A
10/28/2023 09:18:02 PM,10/28/2023 09:18:25 PM,0.08,in,A
10/28/2023 08:58:16 PM,10/28/2023 08:58:25 PM,0.04,in,A
10/28/2023 08:08:36 PM,10/28/2023 08:09:29 PM,0.04,in,A
10/28/2023 08:01:54 PM,10/28/2023 08:02:25 PM,0.08,in,A
10/28/2023 07:38:33 PM,10/28/2023 07:38:55 PM,0.04,in,A
10/28/2023 07:32:48 PM,10/28/2023 07:32:55 PM,0.04,in,A
10/28/2023 07:06:40 PM,10/28/2023 07:06:55 PM,0.04,in,A
10/28/2023 06:50:29 PM,10/28/2023 06:50:55 PM,0.04,in,A
10/28/2023 06:26:15 PM,10/28/2023 06:27:35 PM,0.04,in,A
10/28/2023 05:20:40 PM,10/28/2023 05:23:51 PM,0.04,in,A
10/28/2023 04:55:22 PM,10/28/2023 04:57:46 PM,0.04,in,A
10/28/2023 04:32:08 PM,10/28/2023 04:33:36 PM,0.04,in,A
10/28/2023 03:59:45 PM,10/28/2023 03:59:55 PM,0.04,in,A
10/28/2023 03:37:51 PM,10/28/2023 03:37:55 PM,0.04,in,A
10/28/2023 03:12:13 PM,10/28/2023 03:13:20 PM,0.04,in,A
10/28/2023 02:57:34 PM,10/28/2023 02:57:55 PM,0.04,in,A
10/28/2023 02:38:45 PM,10/28/2023 02:39:56 PM,0.04,in,A
10/28/2023 02:30:00 PM,10/28/2023 02:30:38 PM,0.04,in,A
10/28/2023 02:20:15 PM,10/28/2023 02:20:25 PM,0.04,in,A
10/28/2023 01:48:06 PM,10/28/2023 01:48:25 PM,0.04,in,A
10/28/2023 10:29:20 AM,10/28/2023 10:30:00 AM,0.00,in,A
10/27/2023 10:29:20 PM,10/27/2023 10:29:51 PM,0.00,in,A
10/27/2023 10:29:19 AM,10/27/2023 10:30:22 AM,0.00,in,A
10/27/2023 06:29:02 AM,10/27/2023 06:29:25 AM,0.04,in,A
10/26/2023 10:29:18 AM,10/26/2023 10:43:43 AM,0.00,in,A
10/26/2023 09:16:13 AM,10/26/2023 09:19:56 AM,0.04,in,A
10/26/2023 08:43:33 AM,10/26/2023 08:47:18 AM,0.08,in,A
10/26/2023 08:23:28 AM,10/26/2023 08:24:30 AM,0.04,in,A
10/26/2023 08:19:21 AM,10/26/2023 08:19:27 AM,0.04,in,A
10/26/2023 08:12:12 AM,10/26/2023 08:14:55 AM,0.04,in,A
10/26/2023 08:08:06 AM,10/26/2023 08:10:28 AM,0.04,in,A
10/26/2023 08:05:53 AM,10/26/2023 08:10:24 AM,0.04,in,A
10/26/2023 07:43:32 AM,10/26/2023 07:43:55 AM,0.04,in,A
10/26/2023 07:28:57 AM,10/26/2023 07:29:25 AM,0.04,in,A
10/26/2023 07:10:33 AM,10/26/2023 07:10:55 AM,0.04,in,A
10/26/2023 07:07:40 AM,10/26/2023 07:07:55 AM,0.04,in,A
10/26/2023 07:01:03 AM,10/26/2023 07:01:25 AM,0.04,in,A
10/26/2023 06:57:37 AM,10/26/2023 06:57:55 AM,0.04,in,A
10/26/2023 06:56:27 AM,10/26/2023 06:57:30 AM,0.04,in,A
10/26/2023 06:55:22 AM,10/26/2023 06:57:29 AM,0.04,in,A
10/26/2023 06:53:49 AM,10/26/2023 06:53:55 AM,0.04,in,A
10/26/2023 01:07:18 AM,10/26/2023 01:07:25 AM,0.04,in,A
10/25/2023 10:29:18 PM,10/25/2023 10:29:53 PM,0.04,in,A
10/25/2023 05:53:57 PM,10/25/2023 07:18:50 PM,0.04,in,A
10/25/2023 05:15:14 PM,10/25/2023 06:06:20 PM,0.04,in,A
10/25/2023 05:02:19 PM,10/25/2023 05:45:23 PM,0.08,in,A
10/25/2023 04:24:21 PM,10/25/2023 04:53:26 PM,0.04,in,A
10/25/2023 04:15:41 PM,10/25/2023 04:35:30 PM,0.04,in,A
10/25/2023 04:13:01 PM,10/25/2023 04:32:26 PM,0.04,in,A
10/25/2023 04:11:36 PM,10/25/2023 04:32:19 PM,0.04,in,A
10/25/2023 04:10:13 PM,10/25/2023 04:28:10 PM,0.04,in,A
10/25/2023 04:07:59 PM,10/25/2023 04:24:24 PM,0.04,in,A
10/25/2023 03:40:29 PM,10/25/2023 03:40:55 PM,0.04,in,A
10/25/2023 03:21:42 PM,10/25/2023 03:23:43 PM,0.04,in,A
10/25/2023 03:20:36 PM,10/25/2023 03:23:40 PM,0.04,in,A
10/25/2023 03:19:37 PM,10/25/2023 03:23:38 PM,0.12,in,A
10/25/2023 03:17:57 PM,10/25/2023 03:18:25 PM,0.04,in,A
10/25/2023 03:16:57 PM,10/25/2023 03:17:25 PM,0.04,in,A
10/25/2023 12:10:49 PM,10/25/2023 12:10:55 PM,0.04,in,A
10/25/2023 11:47:48 AM,10/25/2023 11:48:02 AM,0.04,in,A
10/25/2023 11:36:11 AM,10/25/2023 11:36:25 AM,0.04,in,A
10/25/2023 11:27:23 AM,10/25/2023 11:31:11 AM,0.04,in,A
10/25/2023 11:15:10 AM,10/25/2023 11:15:25 AM,0.04,in,A
10/25/2023 10:52:19 AM,10/25/2023 10:52:25 AM,0.04,in,A
10/25/2023 10:43:38 AM,10/25/2023 10:43:55 AM,0.04,in,A
10/25/2023 10:29:17 AM,10/25/2023 10:29:52 AM,0.00,in,A
10/25/2023 09:58:06 AM,10/25/2023 09:58:25 AM,0.04,in,A
10/25/2023 09:36:38 AM,10/25/2023 09:39:45 AM,0.04,in,A
10/25/2023 08:21:14 AM,10/25/2023 08:39:54 AM,0.04,in,A
10/25/2023 07:30:35 AM,10/25/2023 08:25:54 AM,0.04,in,A
10/25/2023 06:39:37 AM,10/25/2023 08:12:07 AM,0.04,in,A
10/25/2023 06:08:44 AM,10/25/2023 08:01:06 AM,0.04,in,A
10/25/2023 05:53:46 AM,10/25/2023 07:53:54 AM,0.04,in,A
10/25/2023 04:49:22 AM,10/25/2023 07:39:42 AM,0.04,in,A
10/25/2023 04:34:02 AM,10/25/2023 07:32:00 AM,0.04,in,A
10/25/2023 04:22:01 AM,10/25/2023 07:21:55 AM,0.04,in,A
10/25/2023 04:16:40 AM,10/25/2023 07:17:27 AM,0.04,in,A
10/25/2023 04:09:38 AM,10/25/2023 07:11:01 AM,0.04,in,A
10/25/2023 04:04:33 AM,10/25/2023 07:04:16 AM,0.04,in,A
10/25/2023 04:01:46 AM,10/25/2023 07:04:03 AM,0.04,in,A
10/25/2023 03:59:50 AM,10/25/2023 06:58:02 AM,0.04,in,A
10/25/2023 03:55:32 AM,10/25/2023 06:57:43 AM,0.04,in,A
10/25/2023 03:51:00 AM,10/25/2023 06:54:23 AM,0.04,in,A
10/25/2023 03:39:37 AM,10/25/2023 06:47:25 AM,0.04,in,A
10/25/2023 03:37:36 AM,10/25/2023 06:47:21 AM,0.04,in,A
10/25/2023 03:36:12 AM,10/25/2023 06:44:11 AM,0.04,in,A
10/25/2023 03:33:54 AM,10/25/2023 06:40:54 AM,0.04,in,A
10/25/2023 03:24:53 AM,10/25/2023 06:28:54 AM,0.08,in,A
10/25/2023 03:15:53 AM,10/25/2023 06:25:24 AM,0.04,in,A
10/25/2023 03:07:47 AM,10/25/2023 06:19:07 AM,0.04,in,A
10/25/2023 03:03:07 AM,10/25/2023 06:18:55 AM,0.04,in,A
10/25/2023 03:00:40 AM,10/25/2023 06:12:50 AM,0.04,in,A
10/25/2023 02:59:20 AM,10/25/2023 06:12:46 AM,0.04,in,A
10/25/2023 02:58:21 AM,10/25/2023 06:12:43 AM,0.04,in,A
10/25/2023 02:56:11 AM,10/25/2023 06:06:24 AM,0.04,in,A
10/25/2023 02:53:23 AM,10/25/2023 06:06:14 AM,0.04,in,A
10/25/2023 02:43:13 AM,10/25/2023 05:54:29 AM,0.04,in,A
10/25/2023 02:39:26 AM,10/25/2023 05:46:20 AM,0.04,in,A
10/25/2023 02:37:12 AM,10/25/2023 05:46:17 AM,0.04,in,A
10/25/2023 02:36:06 AM,10/25/2023 05:42:56 AM,0.04,in,A
10/25/2023 02:35:07 AM,10/25/2023 05:42:54 AM,0.04,in,A
10/25/2023 02:34:04 AM,10/25/2023 05:42:51 AM,0.04,in,A
10/25/2023 02:32:20 AM,10/25/2023 05:38:18 AM,0.04,in,A
10/25/2023 02:30:59 AM,10/25/2023 05:37:18 AM,0.04,in,A
10/25/2023 02:26:17 AM,10/25/2023 05:32:33 AM,0.04,in,A
10/25/2023 02:17:56 AM,10/25/2023 05:18:20 AM,0.04,in,A
10/25/2023 02:06:44 AM,10/25/2023 05:06:31 AM,0.04,in,A
10/25/2023 02:02:22 AM,10/25/2023 04:57:59 AM,0.04,in,A
10/25/2023 01:42:47 AM,10/25/2023 04:35:14 AM,0.08,in,A
10/25/2023 01:28:58 AM,10/25/2023 03:55:32 AM,0.04,in,A
10/25/2023 01:26:45 AM,10/25/2023 03:52:35 AM,0.04,in,A
10/25/2023 01:22:52 AM,10/25/2023 03:35:42 AM,0.04,in,A
10/25/2023 01:19:06 AM,10/25/2023 03:29:32 AM,0.04,in,A
10/25/2023 01:17:03 AM,10/25/2023 03:23:54 AM,0.04,in,A
10/25/2023 01:15:18 AM,10/25/2023 03:18:32 AM,0.04,in,A
10/25/2023 12:39:49 AM,10/25/2023 02:04:02 AM,0.04,in,A
10/24/2023 11:24:13 PM,10/24/2023 11:26:22 PM,0.04,in,A
10/24/2023 10:39:58 PM,10/24/2023 10:43:46 PM,0.04,in,A
10/24/2023 10:29:17 PM,10/24/2023 10:29:40 PM,0.00,in,A
10/24/2023 10:14:33 PM,10/24/2023 10:17:31 PM,0.04,in,A
10/24/2023 09:49:23 PM,10/24/2023 09:52:26 PM,0.04,in,A
10/24/2023 09:32:24 PM,10/24/2023 09:35:03 PM,0.04,in,A
10/24/2023 09:26:17 PM,10/24/2023 09:29:27 PM,0.04,in,A
10/24/2023 09:13:50 PM,10/24/2023 09:13:55 PM,0.08,in,A
10/24/2023 09:04:35 PM,10/24/2023 09:05:40 PM,0.04,in,A
10/24/2023 08:51:44 PM,10/24/2023 08:51:55 PM,0.04,in,A
10/24/2023 08:39:51 PM,10/24/2023 08:41:52 PM,0.04,in,A
10/24/2023 08:32:22 PM,10/24/2023 08:32:25 PM,0.04,in,A
10/24/2023 07:58:37 PM,10/24/2023 07:58:55 PM,0.04,in,A
10/24/2023 07:56:08 PM,10/24/2023 07:56:25 PM,0.04,in,A
10/24/2023 07:08:47 PM,10/24/2023 07:08:55 PM,0.04,in,A
10/24/2023 06:28:01 PM,10/24/2023 06:38:01 PM,0.04,in,A
10/24/2023 06:23:33 PM,10/24/2023 06:32:27 PM,0.04,in,A
10/24/2023 06:11:26 PM,10/24/2023 06:14:31 PM,0.04,in,A
10/24/2023 05:50:18 PM,10/24/2023 05:50:25 PM,0.04,in,A
10/24/2023 05:40:07 PM,10/24/2023 05:40:26 PM,0.04,in,A
10/24/2023 05:37:24 PM,10/24/2023 05:37:25 PM,0.04,in,A
10/24/2023 05:34:32 PM,10/24/2023 05:36:07 PM,0.04,in,A
10/24/2023 05:32:36 PM,10/24/2023 05:32:55 PM,0.04,in,A
10/24/2023 05:29:57 PM,10/24/2023 05:31:35 PM,0.04,in,A
10/24/2023 05:24:57 PM,10/24/2023 05:25:25 PM,0.08,in,A
10/24/2023 05:15:21 PM,10/24/2023 05:15:25 PM,0.04,in,A
10/24/2023 05:06:38 PM,10/24/2023 05:06:55 PM,0.04,in,A
10/24/2023 04:49:21 PM,10/24/2023 04:49:26 PM,0.04,in,A
10/24/2023 04:09:30 PM,10/24/2023 04:09:55 PM,0.04,in,A
10/24/2023 03:42:01 PM,10/24/2023 03:42:25 PM,0.04,in,A
10/24/2023 10:29:16 AM,10/24/2023 10:30:05 AM,0.00,in,A
10/24/2023 09:56:06 AM,10/24/2023 09:56:25 AM,0.04,in,A
10/23/2023 10:29:16 PM,10/23/2023 10:29:30 PM,0.00,in,A
10/23/2023 10:29:16 AM,10/23/2023 10:29:35 AM,0.00,in,A
10/22/2023 10:29:15 PM,10/22/2023 10:29:34 PM,0.00,in,A
10/22/2023 10:29:15 AM,10/22/2023 10:29:40 AM,0.00,in,A
10/21/2023 10:29:14 AM,10/21/2023 10:29:44 AM,0.00,in,A
10/20/2023 10:29:13 PM,10/20/2023 10:29:25 PM,0.00,in,A
10/20/2023 10:29:12 AM,10/20/2023 10:29:25 AM,0.00,in,A
10/19/2023 10:29:12 PM,10/19/2023 10:29:25 PM,0.00,in,A
10/19/2023 10:29:11 AM,10/19/2023 10:29:25 AM,0.00,in,A
10/18/2023 10:29:11 PM,10/18/2023 10:29:25 PM,0.00,in,A
10/18/2023 10:29:10 AM,10/18/2023 10:29:25 AM,0.00,in,A
10/17/2023 10:29:10 PM,10/17/2023 10:29:25 PM,0.00,in,A
10/17/2023 10:29:09 AM,10/17/2023 10:29:25 AM,0.00,in,A
10/16/2023 10:29:08 PM,10/16/2023 10:29:25 PM,0.00,in,A
10/16/2023 10:29:08 AM,10/16/2023 10:29:25 AM,0.00,in,A
10/15/2023 10:29:07 PM,10/15/2023 10:29:25 PM,0.00,in,A
10/15/2023 10:29:07 AM,10/15/2023 10:29:25 AM,0.00,in,A
10/15/2023 03:08:56 AM,10/15/2023 03:09:25 AM,0.04,in,A
10/15/2023 12:20:06 AM,10/15/2023 12:20:25 AM,0.04,in,A
10/14/2023 10:29:06 PM,10/14/2023 10:29:25 PM,0.00,in,A
10/14/2023 10:29:06 AM,10/14/2023 10:29:25 AM,0.00,in,A
10/13/2023 10:29:05 PM,10/13/2023 10:29:25 PM,0.00,in,A
10/13/2023 10:29:05 AM,10/13/2023 10:29:25 AM,0.00,in,A
10/12/2023 10:29:04 PM,10/12/2023 10:29:25 PM,0.00,in,A
10/12/2023 10:29:04 AM,10/12/2023 10:29:25 AM,0.00,in,A
10/11/2023 10:29:03 AM,10/11/2023 10:29:25 AM,0.00,in,A
10/11/2023 12:12:28 AM,10/11/2023 12:12:55 AM,0.04,in,A
10/10/2023 10:29:02 PM,10/10/2023 10:29:25 PM,0.00,in,A
10/10/2023 10:29:02 AM,10/10/2023 10:29:25 AM,0.00,in,A
10/09/2023 10:29:01 PM,10/09/2023 10:29:25 PM,0.00,in,A
10/09/2023 10:29:01 AM,10/09/2023 10:29:25 AM,0.00,in,A
10/08/2023 10:29:00 PM,10/08/2023 10:29:25 PM,0.00,in,A
10/08/2023 10:29:00 AM,10/08/2023 10:29:25 AM,0.00,in,A
10/07/2023 10:28:59 PM,10/07/2023 10:29:25 PM,0.00,in,A
10/07/2023 10:28:58 AM,10/07/2023 10:29:25 AM,0.00,in,A
10/06/2023 10:28:58 PM,10/06/2023 10:29:25 PM,0.00,in,A
10/06/2023 10:28:57 AM,10/06/2023 10:29:25 AM,0.00,in,A
10/05/2023 10:28:57 PM,10/05/2023 10:29:25 PM,0.00,in,A
10/05/2023 10:28:56 AM,10/05/2023 10:29:25 AM,0.00,in,A
10/04/2023 10:28:56 PM,10/04/2023 10:29:25 PM,0.00,in,A
10/04/2023 10:28:55 AM,10/04/2023 10:29:25 AM,0.00,in,A
10/03/2023 10:28:55 PM,10/03/2023 10:29:25 PM,0.00,in,A
10/03/2023 10:28:54 AM,10/03/2023 10:29:33 AM,0.00,in,A
10/02/2023 10:28:54 PM,10/02/2023 10:29:25 PM,0.00,in,A
10/02/2023 10:28:54 AM,10/02/2023 10:28:55 AM,0.00,in,A
10/01/2023 10:28:53 PM,10/01/2023 10:28:55 PM,0.00,in,A
10/01/2023 10:28:53 AM,10/01/2023 10:28:55 AM,0.00,in,A
09/30/2023 10:28:52 PM,09/30/2023 10:29:35 PM,0.00,in,A
09/30/2023 10:28:52 AM,09/30/2023 10:28:55 AM,0.00,in,A
09/29/2023 10:28:52 PM,09/29/2023 10:28:55 PM,0.00,in,A
09/29/2023 10:28:51 AM,09/29/2023 10:28:55 AM,0.00,in,A
09/28/2023 10:28:51 PM,09/28/2023 10:28:55 PM,0.00,in,A
09/28/2023 10:28:50 AM,09/28/2023 10:28:55 AM,0.00,in,A
09/27/2023 10:28:50 PM,09/27/2023 10:29:04 PM,0.00,in,A
09/27/2023 10:28:49 AM,09/27/2023 10:28:55 AM,0.00,in,A
09/26/2023 10:28:49 PM,09/26/2023 10:28:55 PM,0.00,in,A
09/26/2023 10:28:49 AM,09/26/2023 10:28:55 AM,0.00,in,A
09/25/2023 10:28:48 PM,09/25/2023 10:28:55 PM,0.00,in,A
09/25/2023 10:28:48 AM,09/25/2023 10:28:55 AM,0.00,in,A
09/24/2023 10:28:47 PM,09/24/2023 10:28:55 PM,0.00,in,A
09/24/2023 10:28:47 AM,09/24/2023 10:28:55 AM,0.00,in,A
09/23/2023 10:28:46 PM,09/23/2023 10:29:06 PM,0.04,in,A
09/23/2023 04:25:57 PM,09/23/2023 04:26:46 PM,0.04,in,A
09/23/2023 04:24:57 PM,09/23/2023 04:26:45 PM,0.04,in,A
09/23/2023 04:23:57 PM,09/23/2023 04:24:25 PM,0.04,in,A
09/23/2023 04:22:58 PM,09/23/2023 04:23:25 PM,0.12,in,A
09/23/2023 04:21:12 PM,09/23/2023 04:21:25 PM,0.04,in,A
09/23/2023 04:20:13 PM,09/23/2023 04:20:25 PM,0.04,in,A
09/23/2023 04:19:10 PM,09/23/2023 04:19:25 PM,0.04,in,A
09/23/2023 04:17:41 PM,09/23/2023 04:17:55 PM,0.04,in,A
09/23/2023 04:15:56 PM,09/23/2023 04:17:24 PM,0.04,in,A
09/23/2023 04:12:41 PM,09/23/2023 04:12:55 PM,0.04,in,A
09/23/2023 11:31:54 AM,09/23/2023 12:22:46 PM,0.04,in,A
09/23/2023 11:29:46 AM,09/23/2023 12:19:29 PM,0.04,in,A
09/23/2023 11:25:19 AM,09/23/2023 12:05:39 PM,0.08,in,A
09/23/2023 10:33:46 AM,09/23/2023 10:33:55 AM,0.04,in,A
09/23/2023 10:28:46 AM,09/23/2023 10:28:55 AM,0.00,in,A
09/22/2023 10:28:46 PM,09/22/2023 10:28:55 PM,0.00,in,A
09/22/2023 11:34:29 AM,09/22/2023 11:44:48 AM,0.04,in,A
09/22/2023 11:13:50 AM,09/22/2023 11:28:46 AM,0.04,in,A
09/22/2023 11:00:58 AM,09/22/2023 11:03:44 AM,0.04,in,A
09/22/2023 10:51:41 AM,09/22/2023 10:54:17 AM,0.04,in,A
09/22/2023 10:39:27 AM,09/22/2023 10:39:55 AM,0.04,in,A
09/22/2023 10:28:45 AM,09/22/2023 10:31:13 AM,0.00,in,A
09/22/2023 10:26:42 AM,09/22/2023 10:31:06 AM,0.04,in,A
09/22/2023 10:16:18 AM,09/22/2023 10:16:28 AM,0.04,in,A
09/22/2023 10:04:20 AM,09/22/2023 10:11:11 AM,0.04,in,A
09/22/2023 09:56:20 AM,09/22/2023 10:05:15 AM,0.04,in,A
09/22/2023 09:46:52 AM,09/22/2023 09:54:21 AM,0.04,in,A
09/22/2023 09:37:41 AM,09/22/2023 09:47:20 AM,0.04,in,A
09/22/2023 09:29:36 AM,09/22/2023 09:42:17 AM,0.08,in,A
09/22/2023 09:23:25 AM,09/22/2023 09:34:18 AM,0.04,in,A
09/22/2023 09:21:29 AM,09/22/2023 09:28:33 AM,0.04,in,A
09/22/2023 09:19:52 AM,09/22/2023 09:25:20 AM,0.04,in,A
09/22/2023 09:14:09 AM,09/22/2023 09:19:25 AM,0.04,in,A
09/22/2023 09:09:17 AM,09/22/2023 09:12:28 AM,0.04,in,A
09/22/2023 09:03:47 AM,09/22/2023 09:07:17 AM,0.04,in,A
09/22/2023 08:50:14 AM,09/22/2023 08:55:00 AM,0.04,in,A
09/22/2023 08:47:53 AM,09/22/2023 08:53:04 AM,0.04,in,A
09/22/2023 08:46:19 AM,09/22/2023 08:46:25 AM,0.04,in,A
09/22/2023 08:44:45 AM,09/22/2023 08:44:55 AM,0.08,in,A
09/22/2023 06:52:40 AM,09/22/2023 06:52:55 AM,0.04,in,A
09/21/2023 10:29:45 PM,09/21/2023 10:29:55 PM,0.04,in,A
09/21/2023 10:28:45 PM,09/21/2023 10:28:55 PM,0.00,in,A
09/21/2023 09:41:04 PM,09/21/2023 09:41:25 PM,0.04,in,A
09/21/2023 09:31:04 PM,09/21/2023 09:31:25 PM,0.04,in,A
09/21/2023 09:20:22 PM,09/21/2023 09:20:25 PM,0.04,in,A
09/21/2023 09:08:36 PM,09/21/2023 09:08:56 PM,0.04,in,A
09/21/2023 09:04:56 PM,09/21/2023 09:05:25 PM,0.04,in,A
09/21/2023 09:03:33 PM,09/21/2023 09:03:55 PM,0.04,in,A
09/21/2023 09:02:34 PM,09/21/2023 09:02:55 PM,0.04,in,A
09/21/2023 09:01:25 PM,09/21/2023 09:01:55 PM,0.04,in,A
09/21/2023 08:59:32 PM,09/21/2023 08:59:56 PM,0.04,in,A
09/21/2023 08:55:56 PM,09/21/2023 08:58:08 PM,0.04,in,A
09/21/2023 10:28:44 AM,09/21/2023 10:28:55 AM,0.00,in,A
09/20/2023 10:28:44 PM,09/20/2023 10:28:55 PM,0.00,in,A
09/20/2023 10:28:44 AM,09/20/2023 10:28:55 AM,0.00,in,A
09/19/2023 10:28:43 PM,09/19/2023 10:28:55 PM,0.00,in,A
09/19/2023 10:28:43 AM,09/19/2023 10:28:55 AM,0.00,in,A
09/18/2023 10:28:42 PM,09/18/2023 10:28:55 PM,0.00,in,A
09/18/2023 10:28:42 AM,09/18/2023 10:28:55 AM,0.00,in,A
09/17/2023 10:28:41 PM,09/17/2023 10:28:55 PM,0.00,in,A
09/17/2023 10:28:41 AM,09/17/2023 10:28:55 AM,0.00,in,A
09/16/2023 10:28:40 PM,09/16/2023 10:28:55 PM,0.00,in,A
09/16/2023 06:40:28 PM,09/16/2023 06:40:55 PM,0.04,in,A
09/16/2023 06:27:26 PM,09/16/2023 06:32:14 PM,0.04,in,A
09/16/2023 06:08:45 PM,09/16/2023 06:08:55 PM,0.04,in,A
09/16/2023 05:59:57 PM,09/16/2023 06:00:25 PM,0.04,in,A
09/16/2023 05:41:05 PM,09/16/2023 05:41:25 PM,0.04,in,A
09/16/2023 05:37:40 PM,09/16/2023 05:37:55 PM,0.04,in,A
09/16/2023 02:46:46 PM,09/16/2023 02:46:55 PM,0.04,in,A
09/16/2023 02:44:00 PM,09/16/2023 02:44:25 PM,0.04,in,A
09/16/2023 02:42:09 PM,09/16/2023 02:42:25 PM,0.04,in,A
09/16/2023 02:40:55 PM,09/16/2023 02:41:25 PM,0.04,in,A
09/16/2023 10:28:40 AM,09/16/2023 10:28:55 AM,0.00,in,A
09/16/2023 03:09:29 AM,09/16/2023 03:09:55 AM,0.04,in,A
09/16/2023 12:35:12 AM,09/16/2023 12:35:25 AM,0.04,in,A
09/15/2023 11:16:49 PM,09/15/2023 11:16:55 PM,0.04,in,A
09/15/2023 10:28:40 PM,09/15/2023 10:28:55 PM,0.00,in,A
09/15/2023 10:28:39 AM,09/15/2023 10:28:55 AM,0.00,in,A
09/14/2023 10:28:39 PM,09/14/2023 10:28:55 PM,0.00,in,A
09/14/2023 10:28:38 AM,09/14/2023 10:28:55 AM,0.00,in,A
09/13/2023 10:28:38 PM,09/13/2023 10:28:55 PM,0.00,in,A
09/13/2023 10:28:37 AM,09/13/2023 10:28:57 AM,0.00,in,A
09/12/2023 10:28:37 PM,09/12/2023 10:28:55 PM,0.00,in,A
09/12/2023 10:28:36 AM,09/12/2023 10:28:55 AM,0.00,in,A
09/11/2023 10:28:36 PM,09/11/2023 10:28:55 PM,0.00,in,A
09/11/2023 06:40:55 PM,09/11/2023 06:41:25 PM,0.04,in,A
09/11/2023 06:33:28 PM,09/11/2023 06:33:55 PM,0.04,in,A
09/11/2023 04:10:57 PM,09/11/2023 04:11:25 PM,0.04,in,A
09/11/2023 01:45:58 PM,09/11/2023 01:46:25 PM,0.04,in,A
09/11/2023 01:12:44 PM,09/11/2023 01:12:55 PM,0.04,in,A
09/11/2023 11:18:43 AM,09/11/2023 11:18:55 AM,0.04,in,A
09/11/2023 10:28:36 AM,09/11/2023 10:28:55 AM,0.00,in,A
09/11/2023 10:15:26 AM,09/11/2023 10:15:55 AM,0.04,in,A
09/10/2023 10:28:35 PM,09/10/2023 10:28:55 PM,0.00,in,A
09/10/2023 10:28:35 AM,09/10/2023 10:28:55 AM,0.00,in,A
09/09/2023 10:28:34 PM,09/09/2023 10:28:55 PM,0.00,in,A
09/09/2023 10:28:34 AM,09/09/2023 10:28:55 AM,0.00,in,A
09/08/2023 10:28:34 PM,09/08/2023 10:28:55 PM,0.00,in,A
09/08/2023 10:28:33 AM,09/08/2023 10:28:55 AM,0.00,in,A
09/07/2023 10:28:33 PM,09/07/2023 10:28:55 PM,0.00,in,A
09/07/2023 10:28:32 AM,09/07/2023 10:28:55 AM,0.00,in,A
09/06/2023 10:28:32 PM,09/06/2023 10:30:53 PM,0.00,in,A
09/06/2023 10:28:31 AM,09/06/2023 10:28:55 AM,0.00,in,A
09/05/2023 10:28:31 PM,09/05/2023 10:28:55 PM,0.00,in,A
09/05/2023 10:28:31 AM,09/05/2023 10:28:56 AM,0.00,in,A
09/04/2023 10:28:30 PM,09/04/2023 10:28:55 PM,0.00,in,A
09/04/2023 10:28:30 AM,09/04/2023 10:28:55 AM,0.00,in,A
09/03/2023 10:28:29 PM,09/03/2023 10:28:55 PM,0.00,in,A
09/03/2023 10:28:29 AM,09/03/2023 10:28:55 AM,0.00,in,A
09/02/2023 10:28:28 PM,09/02/2023 10:28:55 PM,0.00,in,A
09/02/2023 10:28:28 AM,09/02/2023 10:28:55 AM,0.00,in,A
09/01/2023 10:28:27 PM,09/01/2023 10:28:55 PM,0.00,in,A
09/01/2023 10:28:27 AM,09/01/2023 10:28:55 AM,0.00,in,A
08/31/2023 10:28:27 PM,08/31/2023 10:28:55 PM,0.00,in,A
08/31/2023 10:28:26 AM,08/31/2023 10:28:55 AM,0.00,in,A
08/30/2023 10:28:26 PM,08/30/2023 10:28:55 PM,0.00,in,A
08/30/2023 10:28:25 AM,08/30/2023 10:28:55 AM,0.00,in,A
08/29/2023 10:28:25 PM,08/29/2023 10:28:55 PM,0.00,in,A
08/29/2023 10:28:25 AM,08/29/2023 10:28:55 AM,0.00,in,A
08/28/2023 10:28:24 PM,08/28/2023 10:28:55 PM,0.00,in,A
08/28/2023 10:28:24 AM,08/28/2023 10:28:25 AM,0.00,in,A
08/27/2023 10:28:23 PM,08/27/2023 10:28:25 PM,0.00,in,A
08/27/2023 10:28:23 AM,08/27/2023 10:28:25 AM,0.00,in,A
08/26/2023 10:28:22 PM,08/26/2023 10:28:25 PM,0.00,in,A
08/26/2023 10:28:22 AM,08/26/2023 10:28:25 AM,0.00,in,A
08/25/2023 10:28:22 PM,08/25/2023 10:28:25 PM,0.00,in,A
08/25/2023 10:28:21 AM,08/25/2023 10:28:25 AM,0.00,in,A
08/24/2023 10:28:21 PM,08/24/2023 10:28:25 PM,0.00,in,A
08/24/2023 10:28:20 AM,08/24/2023 10:28:25 AM,0.00,in,A
08/23/2023 10:28:20 PM,08/23/2023 10:28:25 PM,0.00,in,A
08/23/2023 10:28:19 AM,08/23/2023 10:28:25 AM,0.00,in,A
08/22/2023 10:28:19 PM,08/22/2023 10:28:25 PM,0.00,in,A
08/22/2023 10:28:18 AM,08/22/2023 10:28:25 AM,0.00,in,A
08/21/2023 10:28:18 PM,08/21/2023 10:28:25 PM,0.00,in,A
08/21/2023 10:28:17 AM,08/21/2023 10:28:25 AM,0.00,in,A
08/20/2023 10:28:17 PM,08/20/2023 10:28:25 PM,0.00,in,A
08/20/2023 10:28:16 AM,08/20/2023 10:28:25 AM,0.00,in,A
08/19/2023 10:28:16 PM,08/19/2023 10:28:25 PM,0.00,in,A
08/19/2023 10:28:15 AM,08/19/2023 10:28:25 AM,0.00,in,A
08/18/2023 10:28:15 PM,08/18/2023 10:28:25 PM,0.00,in,A
08/18/2023 10:28:15 AM,08/18/2023 10:28:25 AM,0.00,in,A
08/17/2023 10:28:14 PM,08/17/2023 10:28:25 PM,0.00,in,A
08/16/2023 10:28:13 PM,08/16/2023 10:28:25 PM,0.00,in,A
08/16/2023 10:28:13 AM,08/16/2023 10:28:25 AM,0.00,in,A
08/15/2023 10:28:13 PM,08/15/2023 10:28:25 PM,0.00,in,A
08/15/2023 10:28:12 AM,08/15/2023 10:28:25 AM,0.00,in,A
08/14/2023 10:28:12 PM,08/14/2023 10:28:25 PM,0.00,in,A
08/14/2023 10:28:11 AM,08/14/2023 10:28:25 AM,0.00,in,A
08/13/2023 10:28:11 PM,08/13/2023 10:28:25 PM,0.00,in,A
08/13/2023 08:24:31 PM,08/13/2023 08:24:55 PM,0.04,in,A
08/13/2023 03:00:07 PM,08/13/2023 03:00:25 PM,0.04,in,A
08/13/2023 02:32:04 PM,08/13/2023 02:33:38 PM,0.04,in,A
08/13/2023 02:27:14 PM,08/13/2023 02:27:31 PM,0.04,in,A
08/13/2023 01:30:11 PM,08/13/2023 01:30:27 PM,0.04,in,A
08/13/2023 01:07:42 PM,08/13/2023 01:07:55 PM,0.04,in,A
08/13/2023 01:05:36 PM,08/13/2023 01:05:55 PM,0.04,in,A
08/13/2023 01:03:35 PM,08/13/2023 01:03:55 PM,0.04,in,A
08/13/2023 12:58:05 PM,08/13/2023 12:58:25 PM,0.04,in,A
08/13/2023 12:56:34 PM,08/13/2023 12:56:55 PM,0.04,in,A
08/13/2023 12:54:14 PM,08/13/2023 12:54:25 PM,0.04,in,A
08/13/2023 11:08:53 AM,08/13/2023 11:08:55 AM,0.04,in,A
08/13/2023 10:58:48 AM,08/13/2023 10:58:55 AM,0.04,in,A
08/13/2023 10:49:44 AM,08/13/2023 10:49:55 AM,0.04,in,A
08/13/2023 10:35:25 AM,08/13/2023 10:35:55 AM,0.04,in,A
08/13/2023 10:28:10 AM,08/13/2023 10:28:25 AM,0.00,in,A
08/13/2023 08:30:57 AM,08/13/2023 08:31:25 AM,0.04,in,A
08/13/2023 07:34:10 AM,08/13/2023 07:35:40 AM,0.04,in,A
08/13/2023 07:33:10 AM,08/13/2023 07:33:25 AM,0.04,in,A
08/13/2023 07:32:10 AM,08/13/2023 07:32:25 AM,0.12,in,A
08/13/2023 07:30:16 AM,08/13/2023 07:30:25 AM,0.04,in,A
08/13/2023 07:29:16 AM,08/13/2023 07:29:25 AM,0.04,in,A
08/13/2023 07:28:16 AM,08/13/2023 07:28:25 AM,0.04,in,A
08/13/2023 07:27:16 AM,08/13/2023 07:27:43 AM,0.04,in,A
08/13/2023 07:26:16 AM,08/13/2023 07:27:30 AM,0.04,in,A
08/13/2023 07:25:17 AM,08/13/2023 07:25:25 AM,0.04,in,A
08/13/2023 07:23:33 AM,08/13/2023 07:23:55 AM,0.04,in,A
08/13/2023 07:01:39 AM,08/13/2023 07:01:55 AM,0.04,in,A
08/12/2023 10:28:10 PM,08/12/2023 10:28:25 PM,0.00,in,A
08/12/2023 10:28:10 AM,08/12/2023 10:28:25 AM,0.00,in,A
08/12/2023 05:02:37 AM,08/12/2023 05:02:55 AM,0.04,in,A
08/12/2023 05:01:37 AM,08/12/2023 05:01:55 AM,0.08,in,A
08/12/2023 05:00:43 AM,08/12/2023 05:00:55 AM,0.04,in,A
08/12/2023 04:59:44 AM,08/12/2023 04:59:55 AM,0.04,in,A
08/12/2023 04:58:35 AM,08/12/2023 04:58:55 AM,0.04,in,A
08/12/2023 04:56:40 AM,08/12/2023 04:56:56 AM,0.04,in,A
08/12/2023 04:55:14 AM,08/12/2023 04:55:25 AM,0.04,in,A
08/12/2023 04:49:09 AM,08/12/2023 04:49:25 AM,0.04,in,A
08/12/2023 04:45:58 AM,08/12/2023 04:46:25 AM,0.04,in,A
08/12/2023 04:11:36 AM,08/12/2023 04:11:55 AM,0.04,in,A
08/12/2023 04:10:31 AM,08/12/2023 04:10:55 AM,0.04,in,A
08/12/2023 04:09:31 AM,08/12/2023 04:09:55 AM,0.04,in,A
08/12/2023 04:08:32 AM,08/12/2023 04:08:55 AM,0.08,in,A
08/12/2023 04:07:54 AM,08/12/2023 04:08:25 AM,0.08,in,A
08/12/2023 04:05:55 AM,08/12/2023 04:06:25 AM,0.04,in,A
08/11/2023 10:28:09 AM,08/11/2023 10:28:25 AM,0.00,in,A
08/10/2023 10:28:08 PM,08/10/2023 10:28:25 PM,0.00,in,A
08/09/2023 10:28:07 PM,08/09/2023 10:28:25 PM,0.00,in,A
08/09/2023 01:00:11 PM,08/09/2023 01:00:27 PM,0.04,in,A
08/09/2023 10:28:07 AM,08/09/2023 10:28:25 AM,0.00,in,A
08/09/2023 08:46:13 AM,08/09/2023 08:46:25 AM,0.08,in,A
08/09/2023 08:16:30 AM,08/09/2023 08:16:55 AM,0.04,in,A
08/09/2023 08:03:38 AM,08/09/2023 08:03:55 AM,0.04,in,A
08/09/2023 07:49:44 AM,08/09/2023 07:49:55 AM,0.04,in,A
08/09/2023 07:30:25 AM,08/09/2023 07:30:55 AM,0.04,in,A
08/09/2023 07:15:24 AM,08/09/2023 07:15:25 AM,0.04,in,A
08/08/2023 10:28:06 AM,08/08/2023 10:28:25 AM,0.00,in,A
08/07/2023 10:28:06 PM,08/07/2023 10:28:25 PM,0.00,in,A
08/07/2023 10:28:05 AM,08/07/2023 10:28:25 AM,0.00,in,A
08/06/2023 10:28:05 PM,08/06/2023 10:28:25 PM,0.00,in,A
08/06/2023 10:28:05 AM,08/06/2023 10:28:25 AM,0.00,in,A
08/06/2023 02:34:17 AM,08/06/2023 02:34:29 AM,0.04,in,A
08/06/2023 02:19:31 AM,08/06/2023 02:19:55 AM,0.04,in,A
08/05/2023 10:28:04 PM,08/05/2023 10:28:25 PM,0.00,in,A
08/05/2023 10:28:04 AM,08/05/2023 10:28:25 AM,0.00,in,A
08/04/2023 10:28:03 PM,08/04/2023 10:28:25 PM,0.00,in,A
08/04/2023 10:28:03 AM,08/04/2023 10:28:25 AM,0.00,in,A
08/03/2023 10:28:02 PM,08/03/2023 10:28:25 PM,0.00,in,A
08/03/2023 10:28:02 AM,08/03/2023 10:28:25 AM,0.00,in,A
08/03/2023 05:28:06 AM,08/03/2023 05:28:25 AM,0.04,in,A
08/02/2023 10:28:02 PM,08/02/2023 10:28:25 PM,0.00,in,A
08/02/2023 12:28:27 PM,08/02/2023 12:28:55 PM,0.04,in,A
08/02/2023 10:28:01 AM,08/02/2023 10:28:25 AM,0.00,in,A
08/01/2023 10:28:01 PM,08/01/2023 10:28:25 PM,0.00,in,A
08/01/2023 10:28:00 AM,08/01/2023 10:28:25 AM,0.00,in,A
08/01/2023 08:18:19 AM,08/01/2023 08:18:25 AM,0.04,in,A
07/31/2023 10:28:00 PM,07/31/2023 10:28:25 PM,0.00,in,A
07/31/2023 10:27:59 AM,07/31/2023 10:28:25 AM,0.00,in,A
07/31/2023 08:43:23 AM,07/31/2023 08:43:25 AM,0.04,in,A
07/31/2023 08:38:20 AM,07/31/2023 08:38:53 AM,0.04,in,A
07/31/2023 08:34:05 AM,07/31/2023 08:36:43 AM,0.04,in,A
07/31/2023 08:23:55 AM,07/31/2023 08:24:30 AM,0.04,in,A
07/31/2023 07:41:27 AM,07/31/2023 07:41:55 AM,0.08,in,A
07/31/2023 02:03:48 AM,07/31/2023 02:03:55 AM,0.04,in,A
07/31/2023 01:50:45 AM,07/31/2023 01:50:55 AM,0.04,in,A
07/31/2023 01:48:50 AM,07/31/2023 01:48:55 AM,0.04,in,A
07/31/2023 01:44:41 AM,07/31/2023 01:44:55 AM,0.04,in,A
07/30/2023 10:27:59 PM,07/30/2023 10:28:41 PM,0.00,in,A
07/30/2023 09:11:53 PM,07/30/2023 09:11:55 PM,0.04,in,A
07/30/2023 09:07:32 PM,07/30/2023 09:07:55 PM,0.04,in,A
07/30/2023 09:04:49 PM,07/30/2023 09:07:48 PM,0.04,in,A
07/30/2023 09:03:10 PM,07/30/2023 09:06:35 PM,0.04,in,A
07/30/2023 09:01:49 PM,07/30/2023 09:04:00 PM,0.04,in,A
07/30/2023 09:00:26 PM,07/30/2023 09:02:36 PM,0.04,in,A
07/30/2023 08:58:51 PM,07/30/2023 08:58:55 PM,0.04,in,A
07/30/2023 08:57:10 PM,07/30/2023 08:57:25 PM,0.04,in,A
07/30/2023 08:55:36 PM,07/30/2023 08:55:55 PM,0.04,in,A
07/30/2023 08:51:08 PM,07/30/2023 08:51:54 PM,0.08,in,A
07/30/2023 08:20:43 PM,07/30/2023 08:20:55 PM,0.04,in,A
07/30/2023 08:17:21 PM,07/30/2023 08:17:25 PM,0.04,in,A
07/30/2023 08:14:28 PM,07/30/2023 08:14:55 PM,0.04,in,A
07/30/2023 08:12:50 PM,07/30/2023 08:12:55 PM,0.04,in,A
07/30/2023 10:27:59 AM,07/30/2023 10:28:25 AM,0.00,in,A
07/29/2023 10:27:58 PM,07/29/2023 10:28:25 PM,0.00,in,A
07/29/2023 10:27:58 AM,07/29/2023 10:28:25 AM,0.00,in,A
07/28/2023 10:27:57 PM,07/28/2023 10:28:25 PM,0.00,in,A
07/28/2023 10:27:57 AM,07/28/2023 10:28:25 AM,0.00,in,A
07/27/2023 10:27:56 PM,07/27/2023 10:28:25 PM,0.00,in,A
07/27/2023 10:27:56 AM,07/27/2023 10:28:25 AM,0.00,in,A
07/26/2023 10:27:55 PM,07/26/2023 10:28:25 PM,0.00,in,A
07/26/2023 10:27:55 AM,07/26/2023 10:28:25 AM,0.00,in,A
07/25/2023 10:27:55 PM,07/25/2023 10:28:25 PM,0.00,in,A
07/25/2023 10:27:54 AM,07/25/2023 10:28:25 AM,0.00,in,A
07/24/2023 10:27:54 PM,07/24/2023 10:27:55 PM,0.00,in,A
07/24/2023 10:20:30 AM,07/24/2023 10:23:17 AM,0.04,in,A
07/24/2023 09:34:33 AM,07/24/2023 09:34:55 AM,0.12,in,A
07/24/2023 08:49:40 AM,07/24/2023 08:49:55 AM,0.04,in,A
07/24/2023 08:47:07 AM,07/24/2023 08:48:50 AM,0.04,in,A
07/24/2023 08:45:19 AM,07/24/2023 08:47:32 AM,0.04,in,A
07/24/2023 08:44:03 AM,07/24/2023 08:47:27 AM,0.04,in,A
07/24/2023 08:43:04 AM,07/24/2023 08:43:25 AM,0.08,in,A
07/24/2023 08:42:18 AM,07/24/2023 08:42:25 AM,0.08,in,A
07/24/2023 08:41:41 AM,07/24/2023 08:41:55 AM,0.04,in,A
07/24/2023 08:40:42 AM,07/24/2023 08:41:45 AM,0.08,in,A
07/24/2023 08:39:54 AM,07/24/2023 08:40:25 AM,0.12,in,A
07/24/2023 08:38:06 AM,07/24/2023 08:38:25 AM,0.04,in,A
07/24/2023 08:37:06 AM,07/24/2023 08:37:59 AM,0.12,in,A
07/23/2023 10:27:53 PM,07/23/2023 10:27:55 PM,0.00,in,A
07/23/2023 10:27:52 AM,07/23/2023 10:27:55 AM,0.00,in,A
07/22/2023 10:27:52 PM,07/22/2023 10:27:55 PM,0.00,in,A
07/22/2023 10:27:52 AM,07/22/2023 10:27:55 AM,0.00,in,A
07/21/2023 10:27:51 PM,07/21/2023 10:27:55 PM,0.00,in,A
07/21/2023 10:27:51 AM,07/21/2023 10:27:55 AM,0.00,in,A
07/20/2023 10:27:50 PM,07/20/2023 10:27:55 PM,0.00,in,A
07/20/2023 12:44:56 PM,07/20/2023 12:45:25 PM,0.04,in,A
07/20/2023 10:27:50 AM,07/20/2023 10:27:56 AM,0.00,in,A
07/19/2023 10:27:49 PM,07/19/2023 10:27:55 PM,0.00,in,A
07/19/2023 10:27:49 AM,07/19/2023 10:27:55 AM,0.00,in,A
07/18/2023 10:27:49 PM,07/18/2023 10:27:55 PM,0.00,in,A
07/18/2023 12:08:42 PM,07/18/2023 12:08:55 PM,0.04,in,A
07/18/2023 11:54:30 AM,07/18/2023 11:54:55 AM,0.04,in,A
07/18/2023 11:52:39 AM,07/18/2023 11:52:55 AM,0.04,in,A
07/18/2023 11:51:39 AM,07/18/2023 11:51:55 AM,0.04,in,A
07/18/2023 11:50:35 AM,07/18/2023 11:50:55 AM,0.04,in,A
07/18/2023 11:49:01 AM,07/18/2023 11:49:26 AM,0.04,in,A
07/18/2023 11:48:01 AM,07/18/2023 11:48:25 AM,0.04,in,A
07/18/2023 11:47:01 AM,07/18/2023 11:47:25 AM,0.04,in,A
07/18/2023 11:46:02 AM,07/18/2023 11:46:25 AM,0.08,in,A
07/18/2023 11:43:36 AM,07/18/2023 11:43:55 AM,0.04,in,A
07/18/2023 10:27:48 AM,07/18/2023 10:27:55 AM,0.00,in,A
07/17/2023 10:27:48 PM,07/17/2023 10:27:55 PM,0.00,in,A
07/17/2023 10:27:47 AM,07/17/2023 10:27:55 AM,0.00,in,A
07/16/2023 10:27:47 PM,07/16/2023 10:27:55 PM,0.00,in,A
07/16/2023 12:08:07 PM,07/16/2023 12:08:43 PM,0.04,in,A
07/16/2023 12:00:05 PM,07/16/2023 12:00:25 PM,0.04,in,A
07/16/2023 11:38:07 AM,07/16/2023 11:38:25 AM,0.04,in,A
07/16/2023 10:27:47 AM,07/16/2023 10:27:55 AM,0.00,in,A
07/15/2023 10:27:46 PM,07/15/2023 10:27:55 PM,0.00,in,A
07/15/2023 10:27:46 AM,07/15/2023 10:27:55 AM,0.00,in,A
07/14/2023 10:27:45 PM,07/14/2023 10:28:31 PM,0.04,in,A
07/14/2023 06:14:08 PM,07/14/2023 06:15:14 PM,0.04,in,A
07/14/2023 05:50:41 PM,07/14/2023 05:50:55 PM,0.04,in,A
07/14/2023 05:30:18 PM,07/14/2023 05:33:59 PM,0.04,in,A
07/14/2023 05:14:03 PM,07/14/2023 05:21:31 PM,0.04,in,A
07/14/2023 05:01:23 PM,07/14/2023 05:06:48 PM,0.04,in,A
07/14/2023 04:47:59 PM,07/14/2023 05:01:20 PM,0.04,in,A
07/14/2023 04:28:35 PM,07/14/2023 04:45:44 PM,0.04,in,A
07/14/2023 04:25:20 PM,07/14/2023 04:42:23 PM,0.04,in,A
07/14/2023 04:23:31 PM,07/14/2023 04:41:18 PM,0.04,in,A
07/14/2023 04:21:50 PM,07/14/2023 04:38:09 PM,0.04,in,A
07/14/2023 04:20:31 PM,07/14/2023 04:38:01 PM,0.04,in,A
07/14/2023 04:19:31 PM,07/14/2023 04:35:16 PM,0.04,in,A
07/14/2023 04:18:31 PM,07/14/2023 04:34:16 PM,0.12,in,A
07/14/2023 04:16:46 PM,07/14/2023 04:31:31 PM,0.12,in,A
07/14/2023 04:15:04 PM,07/14/2023 04:28:47 PM,0.04,in,A
07/14/2023 04:14:05 PM,07/14/2023 04:26:31 PM,0.12,in,A
07/14/2023 04:12:11 PM,07/14/2023 04:23:45 PM,0.08,in,A
07/14/2023 04:10:07 PM,07/14/2023 04:20:00 PM,0.04,in,A
07/14/2023 04:08:52 PM,07/14/2023 04:17:50 PM,0.04,in,A
07/14/2023 04:07:08 PM,07/14/2023 04:14:43 PM,0.04,in,A
07/14/2023 04:05:34 PM,07/14/2023 04:12:36 PM,0.04,in,A
07/14/2023 10:27:45 AM,07/14/2023 10:27:55 AM,0.00,in,A
07/13/2023 10:27:44 PM,07/13/2023 10:27:55 PM,0.00,in,A
07/13/2023 10:27:44 AM,07/13/2023 10:27:55 AM,0.00,in,A
07/12/2023 10:56:16 PM,07/12/2023 10:56:25 PM,0.04,in,A
07/12/2023 10:27:44 PM,07/12/2023 10:27:55 PM,0.00,in,A
07/12/2023 10:24:39 PM,07/12/2023 10:24:55 PM,0.04,in,A
07/12/2023 10:27:43 AM,07/12/2023 10:27:55 AM,0.00,in,A
07/11/2023 10:27:43 PM,07/11/2023 10:27:55 PM,0.00,in,A
07/11/2023 10:27:42 AM,07/11/2023 10:27:55 AM,0.00,in,A
07/10/2023 10:27:42 PM,07/10/2023 10:27:55 PM,0.00,in,A
07/10/2023 10:27:41 AM,07/10/2023 10:27:55 AM,0.00,in,A
07/09/2023 10:27:41 PM,07/09/2023 10:27:55 PM,0.00,in,A
07/09/2023 10:27:41 AM,07/09/2023 10:27:55 AM,0.00,in,A
07/08/2023 10:27:40 PM,07/08/2023 10:27:55 PM,0.00,in,A
07/08/2023 10:27:40 AM,07/08/2023 10:27:55 AM,0.00,in,A
07/08/2023 05:23:29 AM,07/08/2023 05:23:55 AM,0.04,in,A
07/08/2023 04:55:55 AM,07/08/2023 04:56:25 AM,0.04,in,A
07/08/2023 04:53:23 AM,07/08/2023 04:53:25 AM,0.08,in,A
07/08/2023 03:45:18 AM,07/08/2023 03:45:25 AM,0.04,in,A
07/08/2023 02:21:52 AM,07/08/2023 02:21:55 AM,0.04,in,A
07/08/2023 02:08:33 AM,07/08/2023 02:08:55 AM,0.04,in,A
07/08/2023 02:03:25 AM,07/08/2023 02:03:55 AM,0.04,in,A
07/08/2023 02:00:16 AM,07/08/2023 02:00:25 AM,0.04,in,A
07/08/2023 01:58:51 AM,07/08/2023 01:58:55 AM,0.04,in,A
07/08/2023 01:57:51 AM,07/08/2023 01:57:55 AM,0.04,in,A
07/08/2023 01:56:31 AM,07/08/2023 01:56:55 AM,0.04,in,A
07/07/2023 10:27:39 PM,07/07/2023 10:27:55 PM,0.00,in,A
07/07/2023 10:27:39 AM,07/07/2023 10:27:55 AM,0.00,in,A
07/06/2023 10:27:38 PM,07/06/2023 10:28:15 PM,0.00,in,A
07/06/2023 10:27:38 AM,07/06/2023 10:27:55 AM,0.00,in,A
07/05/2023 10:27:38 PM,07/05/2023 10:27:55 PM,0.00,in,A
07/05/2023 10:27:37 AM,07/05/2023 10:27:55 AM,0.00,in,A
07/05/2023 03:46:59 AM,07/05/2023 03:47:25 AM,0.04,in,A
07/05/2023 03:35:10 AM,07/05/2023 03:35:25 AM,0.04,in,A
07/05/2023 03:19:11 AM,07/05/2023 03:19:25 AM,0.04,in,A
07/05/2023 03:01:11 AM,07/05/2023 03:01:25 AM,0.04,in,A
07/05/2023 02:47:34 AM,07/05/2023 02:47:55 AM,0.04,in,A
07/05/2023 02:34:06 AM,07/05/2023 02:34:25 AM,0.12,in,A
07/05/2023 02:02:06 AM,07/05/2023 02:02:25 AM,0.08,in,A
07/05/2023 01:34:12 AM,07/05/2023 01:34:25 AM,0.12,in,A
07/05/2023 01:16:30 AM,07/05/2023 01:16:55 AM,0.04,in,A
07/05/2023 01:12:21 AM,07/05/2023 01:12:25 AM,0.04,in,A
07/05/2023 01:10:33 AM,07/05/2023 01:10:56 AM,0.04,in,A
07/05/2023 01:05:41 AM,07/05/2023 01:05:55 AM,0.04,in,A
07/05/2023 01:04:23 AM,07/05/2023 01:04:26 AM,0.04,in,A
07/04/2023 10:27:37 PM,07/04/2023 10:27:55 PM,0.00,in,A
07/04/2023 10:27:36 AM,07/04/2023 10:27:55 AM,0.00,in,A
07/03/2023 10:27:36 PM,07/03/2023 10:27:55 PM,0.00,in,A
07/03/2023 10:27:35 AM,07/03/2023 10:27:55 AM,0.00,in,A
07/02/2023 10:27:35 PM,07/02/2023 10:27:55 PM,0.00,in,A
07/02/2023 10:27:35 AM,07/02/2023 10:27:55 AM,0.00,in,A
07/01/2023 10:27:34 PM,07/01/2023 10:27:55 PM,0.00,in,A
07/01/2023 10:27:34 AM,07/01/2023 10:27:55 AM,0.00,in,A
07/01/2023 06:28:20 AM,07/01/2023 06:28:39 AM,0.04,in,A
07/01/2023 03:47:19 AM,07/01/2023 03:47:25 AM,0.08,in,A
07/01/2023 03:45:19 AM,07/01/2023 03:45:25 AM,0.04,in,A
07/01/2023 03:44:19 AM,07/01/2023 03:44:27 AM,0.04,in,A
07/01/2023 03:43:19 AM,07/01/2023 03:43:25 AM,0.04,in,A
07/01/2023 03:24:11 AM,07/01/2023 03:24:26 AM,0.04,in,A
07/01/2023 03:13:49 AM,07/01/2023 03:13:55 AM,0.04,in,A
07/01/2023 03:12:24 AM,07/01/2023 03:12:25 AM,0.04,in,A
07/01/2023 03:11:24 AM,07/01/2023 03:11:25 AM,0.04,in,A
07/01/2023 03:09:55 AM,07/01/2023 03:10:25 AM,0.04,in,A
07/01/2023 03:08:36 AM,07/01/2023 03:08:55 AM,0.04,in,A
07/01/2023 03:07:36 AM,07/01/2023 03:07:55 AM,0.04,in,A
07/01/2023 03:06:36 AM,07/01/2023 03:06:55 AM,0.04,in,A
07/01/2023 03:05:36 AM,07/01/2023 03:05:55 AM,0.04,in,A
06/30/2023 10:27:33 PM,06/30/2023 10:27:55 PM,0.00,in,A
06/30/2023 10:27:33 AM,06/30/2023 10:27:55 AM,0.00,in,A
06/29/2023 10:27:32 PM,06/29/2023 10:27:55 PM,0.00,in,A
06/29/2023 10:27:32 AM,06/29/2023 10:27:55 AM,0.00,in,A
06/28/2023 10:27:31 PM,06/28/2023 10:27:55 PM,0.00,in,A
06/28/2023 10:27:31 AM,06/28/2023 10:27:55 AM,0.00,in,A
06/27/2023 10:27:31 PM,06/27/2023 10:27:55 PM,0.00,in,A
06/27/2023 10:27:30 AM,06/27/2023 10:27:55 AM,0.00,in,A
06/26/2023 10:27:30 PM,06/26/2023 10:27:55 PM,0.00,in,A
06/26/2023 10:27:29 AM,06/26/2023 10:27:55 AM,0.00,in,A
06/25/2023 10:27:29 PM,06/25/2023 10:27:55 PM,0.00,in,A
06/25/2023 10:27:28 AM,06/25/2023 10:27:55 AM,0.00,in,A
06/24/2023 10:27:28 PM,06/24/2023 10:27:55 PM,0.00,in,A
06/24/2023 10:27:28 AM,06/24/2023 10:27:55 AM,0.00,in,A
06/23/2023 10:27:27 PM,06/23/2023 10:27:55 PM,0.00,in,A
06/23/2023 10:27:27 AM,06/23/2023 10:27:55 AM,0.00,in,A
06/22/2023 10:27:26 PM,06/22/2023 10:27:55 PM,0.00,in,A
06/22/2023 10:27:26 AM,06/22/2023 10:27:55 AM,0.00,in,A
06/21/2023 10:27:25 PM,06/21/2023 10:27:55 PM,0.00,in,A
06/21/2023 10:27:25 AM,06/21/2023 10:27:55 AM,0.00,in,A
06/20/2023 10:27:25 PM,06/20/2023 10:27:55 PM,0.00,in,A
06/20/2023 10:27:24 AM,06/20/2023 10:27:55 AM,0.00,in,A
06/19/2023 10:27:24 PM,06/19/2023 10:27:25 PM,0.00,in,A
06/19/2023 10:27:23 AM,06/19/2023 10:27:25 AM,0.00,in,A
06/18/2023 10:27:23 PM,06/18/2023 10:27:25 PM,0.00,in,A
06/18/2023 10:27:22 AM,06/18/2023 10:27:25 AM,0.00,in,A
06/18/2023 09:55:23 AM,06/18/2023 09:55:26 AM,0.04,in,A
06/18/2023 09:12:17 AM,06/18/2023 09:12:25 AM,0.04,in,A
06/18/2023 08:43:26 AM,06/18/2023 08:43:55 AM,0.04,in,A
06/18/2023 08:16:28 AM,06/18/2023 08:16:55 AM,0.04,in,A
06/18/2023 07:08:37 AM,06/18/2023 07:08:55 AM,0.04,in,A
06/18/2023 06:37:16 AM,06/18/2023 06:37:25 AM,0.04,in,A
06/18/2023 06:19:36 AM,06/18/2023 06:19:55 AM,0.04,in,A
06/18/2023 05:23:12 AM,06/18/2023 05:23:25 AM,0.04,in,A
06/18/2023 05:15:56 AM,06/18/2023 05:16:25 AM,0.04,in,A
06/18/2023 05:14:03 AM,06/18/2023 05:14:25 AM,0.04,in,A
06/18/2023 05:12:11 AM,06/18/2023 05:12:25 AM,0.04,in,A
06/18/2023 05:11:08 AM,06/18/2023 05:11:25 AM,0.04,in,A
06/18/2023 05:10:08 AM,06/18/2023 05:10:25 AM,0.04,in,A
06/18/2023 05:09:08 AM,06/18/2023 05:09:25 AM,0.04,in,A
06/18/2023 05:08:08 AM,06/18/2023 05:08:25 AM,0.04,in,A
06/18/2023 05:07:09 AM,06/18/2023 05:07:25 AM,0.04,in,A
06/18/2023 05:06:03 AM,06/18/2023 05:06:25 AM,0.04,in,A
06/18/2023 05:05:01 AM,06/18/2023 05:05:26 AM,0.04,in,A
06/18/2023 04:36:18 AM,06/18/2023 04:36:25 AM,0.04,in,A
06/18/2023 03:48:56 AM,06/18/2023 03:49:25 AM,0.04,in,A
06/18/2023 03:46:37 AM,06/18/2023 03:46:55 AM,0.04,in,A
06/17/2023 10:27:22 PM,06/17/2023 10:27:25 PM,0.00,in,A
06/17/2023 10:27:22 AM,06/17/2023 10:27:25 AM,0.00,in,A
06/16/2023 10:27:21 PM,06/16/2023 10:27:25 PM,0.00,in,A
06/16/2023 10:27:21 AM,06/16/2023 10:27:25 AM,0.00,in,A
06/15/2023 10:27:20 PM,06/15/2023 10:27:25 PM,0.00,in,A
06/15/2023 10:27:20 AM,06/15/2023 10:27:25 AM,0.00,in,A
06/14/2023 10:27:19 PM,06/14/2023 10:27:25 PM,0.00,in,A
06/14/2023 10:27:19 AM,06/14/2023 10:27:25 AM,0.00,in,A
06/13/2023 10:27:19 PM,06/13/2023 10:27:25 PM,0.00,in,A
06/13/2023 10:27:18 AM,06/13/2023 10:27:25 AM,0.00,in,A
06/12/2023 10:27:18 PM,06/12/2023 10:27:25 PM,0.00,in,A
06/12/2023 10:27:17 AM,06/12/2023 10:27:25 AM,0.00,in,A
06/11/2023 10:27:17 PM,06/11/2023 10:27:25 PM,0.00,in,A
06/11/2023 12:08:45 PM,06/11/2023 12:08:55 PM,0.04,in,A
06/11/2023 10:27:16 AM,06/11/2023 10:27:25 AM,0.00,in,A
06/11/2023 07:49:57 AM,06/11/2023 07:50:25 AM,0.04,in,A
06/11/2023 03:09:11 AM,06/11/2023 03:09:25 AM,0.04,in,A
06/11/2023 02:31:27 AM,06/11/2023 02:31:55 AM,0.04,in,A
06/11/2023 01:58:45 AM,06/11/2023 01:58:55 AM,0.04,in,A
06/11/2023 01:35:59 AM,06/11/2023 01:36:25 AM,0.04,in,A
06/11/2023 01:10:13 AM,06/11/2023 01:10:25 AM,0.04,in,A
06/10/2023 11:03:49 PM,06/10/2023 11:03:55 PM,0.04,in,A
06/10/2023 10:27:16 PM,06/10/2023 10:27:25 PM,0.00,in,A
06/10/2023 05:56:07 PM,06/10/2023 05:56:25 PM,0.04,in,A
06/10/2023 05:52:08 PM,06/10/2023 05:52:25 PM,0.04,in,A
06/10/2023 05:48:40 PM,06/10/2023 05:48:55 PM,0.04,in,A
06/10/2023 05:35:38 PM,06/10/2023 05:35:55 PM,0.04,in,A
06/10/2023 05:30:45 PM,06/10/2023 05:30:55 PM,0.04,in,A
06/10/2023 10:27:16 AM,06/10/2023 10:27:25 AM,0.00,in,A
06/09/2023 10:27:15 PM,06/09/2023 10:27:25 PM,0.00,in,A
06/09/2023 10:27:15 AM,06/09/2023 10:27:25 AM,0.00,in,A
06/08/2023 10:27:14 PM,06/08/2023 10:27:25 PM,0.00,in,A
06/08/2023 10:27:14 AM,06/08/2023 10:27:25 AM,0.00,in,A
06/07/2023 10:27:13 PM,06/07/2023 10:27:25 PM,0.00,in,A
06/07/2023 10:27:13 AM,06/07/2023 10:27:25 AM,0.00,in,A
06/06/2023 10:27:13 PM,06/06/2023 10:27:25 PM,0.00,in,A
06/06/2023 10:27:12 AM,06/06/2023 10:27:25 AM,0.00,in,A
06/05/2023 10:27:12 PM,06/05/2023 10:27:25 PM,0.00,in,A
06/05/2023 10:27:11 AM,06/05/2023 10:27:25 AM,0.00,in,A
06/04/2023 10:27:11 PM,06/04/2023 10:27:25 PM,0.00,in,A
06/04/2023 10:27:10 AM,06/04/2023 10:27:25 AM,0.00,in,A
06/03/2023 10:27:10 PM,06/03/2023 10:27:25 PM,0.00,in,A
06/03/2023 10:27:10 AM,06/03/2023 10:27:25 AM,0.00,in,A
06/02/2023 10:27:09 PM,06/02/2023 10:27:25 PM,0.00,in,A
06/02/2023 10:27:09 AM,06/02/2023 10:27:25 AM,0.00,in,A
06/01/2023 10:27:08 PM,06/01/2023 10:27:25 PM,0.00,in,A
06/01/2023 10:27:08 AM,06/01/2023 10:27:25 AM,0.00,in,A
05/31/2023 10:27:07 PM,05/31/2023 10:27:25 PM,0.00,in,A
05/31/2023 10:27:07 AM,05/31/2023 10:27:25 AM,0.04,in,A
05/31/2023 08:52:56 AM,05/31/2023 08:53:25 AM,0.04,in,A
05/31/2023 08:43:44 AM,05/31/2023 08:43:55 AM,0.04,in,A
05/31/2023 08:35:38 AM,05/31/2023 08:35:56 AM,0.04,in,A
05/31/2023 08:29:00 AM,05/31/2023 08:29:25 AM,0.04,in,A
05/31/2023 08:23:34 AM,05/31/2023 08:23:55 AM,0.04,in,A
05/31/2023 08:15:29 AM,05/31/2023 08:15:55 AM,0.04,in,A
05/31/2023 08:04:45 AM,05/31/2023 08:04:55 AM,0.04,in,A
05/31/2023 07:56:16 AM,05/31/2023 07:56:25 AM,0.04,in,A
05/31/2023 07:45:35 AM,05/31/2023 07:45:55 AM,0.04,in,A
05/31/2023 07:37:51 AM,05/31/2023 07:37:55 AM,0.04,in,A
05/31/2023 07:31:28 AM,05/31/2023 07:31:55 AM,0.04,in,A
05/31/2023 07:23:24 AM,05/31/2023 07:23:55 AM,0.04,in,A
05/31/2023 07:14:31 AM,05/31/2023 07:14:55 AM,0.04,in,A
05/31/2023 07:07:31 AM,05/31/2023 07:07:55 AM,0.04,in,A
05/31/2023 06:57:51 AM,05/31/2023 06:57:55 AM,0.04,in,A
05/31/2023 06:38:38 AM,05/31/2023 06:38:55 AM,0.04,in,A
05/31/2023 06:13:00 AM,05/31/2023 06:13:25 AM,0.04,in,A
05/31/2023 05:58:21 AM,05/31/2023 05:58:25 AM,0.04,in,A
05/31/2023 05:48:07 AM,05/31/2023 05:48:25 AM,0.04,in,A
05/31/2023 05:29:55 AM,05/31/2023 05:30:25 AM,0.04,in,A
05/31/2023 05:10:55 AM,05/31/2023 05:11:27 AM,0.04,in,A
05/31/2023 04:54:42 AM,05/31/2023 04:54:55 AM,0.04,in,A
05/31/2023 04:41:21 AM,05/31/2023 04:41:25 AM,0.04,in,A
05/31/2023 04:20:57 AM,05/31/2023 04:21:25 AM,0.04,in,A
05/30/2023 11:56:03 PM,05/30/2023 11:56:25 PM,0.04,in,A
05/30/2023 10:27:06 PM,05/30/2023 10:27:25 PM,0.00,in,A
05/29/2023 10:27:05 PM,05/29/2023 10:27:25 PM,0.00,in,A
05/29/2023 10:27:05 AM,05/29/2023 10:27:25 AM,0.00,in,A
05/28/2023 10:27:05 PM,05/28/2023 10:27:25 PM,0.00,in,A
05/28/2023 10:27:04 AM,05/28/2023 10:27:25 AM,0.00,in,A
05/27/2023 10:27:04 PM,05/27/2023 10:27:25 PM,0.00,in,A
05/27/2023 10:27:03 AM,05/27/2023 10:27:25 AM,0.00,in,A
05/26/2023 10:27:03 PM,05/26/2023 10:27:25 PM,0.00,in,A
05/26/2023 10:27:02 AM,05/26/2023 10:27:25 AM,0.00,in,A
05/25/2023 10:27:02 PM,05/25/2023 10:27:25 PM,0.00,in,A
05/25/2023 10:27:01 AM,05/25/2023 10:27:25 AM,0.00,in,A
05/24/2023 10:27:01 PM,05/24/2023 10:27:25 PM,0.00,in,A
05/24/2023 10:27:01 AM,05/24/2023 10:27:25 AM,0.00,in,A
05/23/2023 10:27:00 PM,05/23/2023 10:27:25 PM,0.00,in,A
05/23/2023 10:27:00 AM,05/23/2023 10:27:25 AM,0.00,in,A
05/22/2023 10:26:59 PM,05/22/2023 10:27:25 PM,0.00,in,A
05/22/2023 10:26:59 AM,05/22/2023 10:27:25 AM,0.00,in,A
05/21/2023 10:26:58 PM,05/21/2023 10:27:25 PM,0.00,in,A
05/21/2023 10:26:58 AM,05/21/2023 10:27:25 AM,0.00,in,A
05/20/2023 10:26:57 PM,05/20/2023 10:27:25 PM,0.00,in,A
05/20/2023 10:26:57 AM,05/20/2023 10:27:25 AM,0.00,in,A
05/19/2023 10:26:56 PM,05/19/2023 10:27:25 PM,0.00,in,A
05/19/2023 03:12:15 PM,05/19/2023 03:12:27 PM,0.04,in,A
05/19/2023 02:30:15 PM,05/19/2023 02:30:25 PM,0.04,in,A
05/19/2023 01:59:05 PM,05/19/2023 01:59:25 PM,0.04,in,A
05/19/2023 01:23:56 PM,05/19/2023 01:24:25 PM,0.04,in,A
05/19/2023 01:01:34 PM,05/19/2023 01:01:55 PM,0.04,in,A
05/19/2023 12:50:08 PM,05/19/2023 12:50:25 PM,0.04,in,A
05/19/2023 12:02:38 PM,05/19/2023 12:02:55 PM,0.04,in,A
05/19/2023 10:26:56 AM,05/19/2023 10:27:25 AM,0.00,in,A
05/19/2023 09:46:09 AM,05/19/2023 09:46:25 AM,0.04,in,A
05/18/2023 10:26:55 PM,05/18/2023 10:27:25 PM,0.00,in,A
05/18/2023 10:26:55 AM,05/18/2023 10:27:25 AM,0.00,in,A
05/17/2023 10:26:54 PM,05/17/2023 10:27:25 PM,0.00,in,A
05/17/2023 10:26:54 AM,05/17/2023 10:33:46 AM,0.00,in,A
05/16/2023 10:26:54 PM,05/16/2023 10:26:55 PM,0.00,in,A
05/16/2023 10:26:53 AM,05/16/2023 10:28:15 AM,0.00,in,A
05/16/2023 08:23:33 AM,05/16/2023 08:23:55 AM,0.04,in,A
05/15/2023 10:26:53 PM,05/15/2023 10:26:55 PM,0.00,in,A
05/15/2023 11:41:55 AM,05/15/2023 11:42:25 AM,0.04,in,A
05/15/2023 10:26:52 AM,05/15/2023 10:29:44 AM,0.00,in,A
05/15/2023 01:50:13 AM,05/15/2023 01:50:25 AM,0.04,in,A
05/14/2023 10:26:52 PM,05/14/2023 10:27:06 PM,0.00,in,A
05/14/2023 09:24:17 PM,05/14/2023 09:24:25 PM,0.04,in,A
05/14/2023 09:10:36 PM,05/14/2023 09:10:55 PM,0.04,in,A
05/14/2023 08:26:08 PM,05/14/2023 08:26:25 PM,0.04,in,A
05/14/2023 08:05:24 PM,05/14/2023 08:05:55 PM,0.04,in,A
05/14/2023 08:04:24 PM,05/14/2023 08:04:55 PM,0.04,in,A
05/14/2023 08:03:24 PM,05/14/2023 08:03:55 PM,0.08,in,A
05/14/2023 08:01:24 PM,05/14/2023 08:01:55 PM,0.08,in,A
05/14/2023 08:00:35 PM,05/14/2023 08:00:55 PM,0.04,in,A
05/14/2023 07:59:35 PM,05/14/2023 07:59:55 PM,0.08,in,A
05/14/2023 07:59:00 PM,05/14/2023 07:59:25 PM,0.04,in,A
05/14/2023 07:58:00 PM,05/14/2023 07:58:25 PM,0.04,in,A
05/14/2023 07:57:00 PM,05/14/2023 07:57:25 PM,0.08,in,A
05/14/2023 07:56:03 PM,05/14/2023 07:56:25 PM,0.04,in,A
05/14/2023 07:55:03 PM,05/14/2023 07:55:25 PM,0.08,in,A
05/14/2023 07:53:03 PM,05/14/2023 07:53:25 PM,0.08,in,A
05/14/2023 07:52:24 PM,05/14/2023 07:52:55 PM,0.04,in,A
05/14/2023 07:51:24 PM,05/14/2023 07:51:55 PM,0.08,in,A
05/14/2023 07:50:40 PM,05/14/2023 07:50:55 PM,0.04,in,A
05/14/2023 07:49:40 PM,05/14/2023 07:49:55 PM,0.04,in,A
05/14/2023 07:48:40 PM,05/14/2023 07:48:55 PM,0.04,in,A
05/14/2023 07:47:40 PM,05/14/2023 07:47:55 PM,0.04,in,A
05/14/2023 07:46:40 PM,05/14/2023 07:46:55 PM,0.04,in,A
05/14/2023 07:45:40 PM,05/14/2023 07:45:55 PM,0.04,in,A
05/14/2023 07:44:41 PM,05/14/2023 07:44:55 PM,0.08,in,A
05/14/2023 07:44:08 PM,05/14/2023 07:44:25 PM,0.04,in,A
05/14/2023 07:43:08 PM,05/14/2023 07:43:25 PM,0.08,in,A
05/14/2023 07:42:10 PM,05/14/2023 07:42:25 PM,0.08,in,A
05/14/2023 07:41:27 PM,05/14/2023 07:41:55 PM,0.04,in,A
05/14/2023 07:40:27 PM,05/14/2023 07:40:55 PM,0.04,in,A
05/14/2023 10:26:51 AM,05/14/2023 10:27:14 AM,0.00,in,A
05/13/2023 10:26:51 PM,05/13/2023 10:27:07 PM,0.00,in,A
05/13/2023 10:26:50 AM,05/13/2023 10:27:07 AM,0.00,in,A
05/12/2023 10:26:50 PM,05/12/2023 10:27:08 PM,0.00,in,A
05/12/2023 10:26:50 AM,05/12/2023 10:27:26 AM,0.00,in,A
05/11/2023 10:26:49 PM,05/11/2023 10:26:55 PM,0.00,in,A
05/11/2023 01:12:14 PM,05/11/2023 01:12:25 PM,0.04,in,A
05/11/2023 12:49:54 PM,05/11/2023 12:50:25 PM,0.04,in,A
05/11/2023 11:45:33 AM,05/11/2023 11:56:20 AM,0.04,in,A
05/11/2023 11:42:45 AM,05/11/2023 11:42:55 AM,0.04,in,A
05/11/2023 11:14:23 AM,05/11/2023 11:14:25 AM,0.04,in,A
05/11/2023 10:26:49 AM,05/11/2023 10:27:59 AM,0.00,in,A
05/11/2023 09:24:30 AM,05/11/2023 09:24:55 AM,0.04,in,A
05/11/2023 08:07:38 AM,05/11/2023 08:07:55 AM,0.08,in,A
05/10/2023 10:26:48 PM,05/10/2023 10:26:55 PM,0.00,in,A
05/10/2023 10:26:48 AM,05/10/2023 10:27:05 AM,0.00,in,A
05/09/2023 10:26:47 PM,05/09/2023 10:26:55 PM,0.00,in,A
05/09/2023 08:07:30 PM,05/09/2023 08:07:55 PM,0.04,in,A
05/09/2023 07:51:38 PM,05/09/2023 07:51:55 PM,0.04,in,A
05/09/2023 07:34:10 PM,05/09/2023 07:34:25 PM,0.04,in,A
05/09/2023 10:26:47 AM,05/09/2023 10:26:56 AM,0.00,in,A
05/08/2023 10:26:47 PM,05/08/2023 10:33:30 PM,0.00,in,A
05/08/2023 10:26:46 AM,05/08/2023 10:26:55 AM,0.00,in,A
05/07/2023 10:26:46 PM,05/07/2023 10:26:55 PM,0.00,in,A
05/07/2023 10:26:45 AM,05/07/2023 10:26:55 AM,0.00,in,A
05/06/2023 10:26:45 PM,05/06/2023 10:26:55 PM,0.00,in,A
05/06/2023 10:26:45 AM,05/06/2023 10:26:55 AM,0.00,in,A
05/05/2023 10:26:44 PM,05/05/2023 10:26:55 PM,0.00,in,A
05/05/2023 10:26:44 AM,05/05/2023 10:26:55 AM,0.00,in,A
05/04/2023 10:26:43 PM,05/04/2023 10:26:55 PM,0.00,in,A
05/04/2023 10:26:43 AM,05/04/2023 10:27:36 AM,0.00,in,A
05/03/2023 10:26:42 PM,05/03/2023 10:26:55 PM,0.00,in,A
05/03/2023 10:26:42 AM,05/03/2023 10:26:55 AM,0.00,in,A
05/02/2023 10:26:41 PM,05/02/2023 10:26:55 PM,0.00,in,A
05/02/2023 10:26:40 AM,05/02/2023 10:27:48 AM,0.00,in,A
05/01/2023 10:26:40 PM,05/01/2023 10:26:55 PM,0.00,in,A
05/01/2023 10:26:39 AM,05/01/2023 10:29:36 AM,0.00,in,A
04/30/2023 10:26:39 PM,04/30/2023 10:27:12 PM,0.00,in,A
04/30/2023 10:26:38 AM,04/30/2023 10:28:05 AM,0.00,in,A
04/29/2023 10:26:37 PM,04/29/2023 10:26:55 PM,0.00,in,A
04/29/2023 10:26:37 AM,04/29/2023 10:27:54 AM,0.00,in,A
04/28/2023 10:26:36 PM,04/28/2023 10:27:27 PM,0.00,in,A
04/28/2023 10:26:36 AM,04/28/2023 10:28:27 AM,0.00,in,A
04/27/2023 10:26:35 PM,04/27/2023 10:26:55 PM,0.00,in,A
04/27/2023 10:26:35 AM,04/27/2023 10:28:14 AM,0.00,in,A
04/26/2023 10:26:34 PM,04/26/2023 10:26:55 PM,0.00,in,A
04/26/2023 10:26:34 AM,04/26/2023 10:27:24 AM,0.00,in,A
04/25/2023 10:26:33 PM,04/25/2023 10:26:55 PM,0.00,in,A
04/25/2023 10:26:33 AM,04/25/2023 10:36:21 AM,0.00,in,A
04/24/2023 10:26:32 PM,04/24/2023 10:26:55 PM,0.00,in,A
04/24/2023 10:26:32 AM,04/24/2023 10:27:22 AM,0.00,in,A
04/23/2023 10:26:31 PM,04/23/2023 10:26:55 PM,0.00,in,A
04/23/2023 10:26:30 AM,04/23/2023 10:26:55 AM,0.00,in,A
04/22/2023 10:26:29 PM,04/22/2023 10:26:55 PM,0.00,in,A
04/22/2023 10:26:29 AM,04/22/2023 10:27:22 AM,0.00,in,A
04/21/2023 10:26:28 PM,04/21/2023 10:32:19 PM,0.00,in,A
04/21/2023 10:26:28 AM,04/21/2023 10:27:21 AM,0.00,in,A
04/20/2023 10:26:27 PM,04/20/2023 10:26:55 PM,0.00,in,A
04/20/2023 10:26:26 AM,04/20/2023 02:59:38 PM,0.00,in,A
04/20/2023 08:12:06 AM,04/20/2023 10:27:15 AM,0.04,in,A
04/20/2023 07:22:58 AM,04/20/2023 08:01:47 AM,0.04,in,A
04/20/2023 07:19:00 AM,04/20/2023 07:54:42 AM,0.04,in,A
04/20/2023 07:18:00 AM,04/20/2023 07:54:38 AM,0.04,in,A
04/20/2023 07:17:00 AM,04/20/2023 07:54:34 AM,0.04,in,A
04/20/2023 07:15:16 AM,04/20/2023 07:54:16 AM,0.04,in,A
04/20/2023 07:13:50 AM,04/20/2023 07:54:11 AM,0.04,in,A
04/20/2023 07:11:49 AM,04/20/2023 07:53:58 AM,0.04,in,A
04/20/2023 04:26:18 AM,04/20/2023 04:26:25 AM,0.04,in,A
04/20/2023 04:23:47 AM,04/20/2023 04:23:55 AM,0.04,in,A
04/20/2023 04:21:53 AM,04/20/2023 04:21:55 AM,0.04,in,A
04/20/2023 04:20:20 AM,04/20/2023 04:20:25 AM,0.04,in,A
04/19/2023 10:26:26 PM,04/19/2023 10:26:55 PM,0.00,in,A
04/19/2023 10:26:26 AM,04/19/2023 10:28:10 AM,0.00,in,A
04/18/2023 10:26:25 PM,04/18/2023 10:33:45 PM,0.00,in,A
04/18/2023 10:26:25 AM,04/18/2023 10:27:37 AM,0.00,in,A
04/17/2023 10:26:24 PM,04/17/2023 10:32:34 PM,0.00,in,A
04/17/2023 10:26:24 AM,04/17/2023 10:27:57 AM,0.00,in,A
04/16/2023 10:26:23 PM,04/16/2023 10:27:09 PM,0.00,in,A
04/15/2023 10:26:22 PM,04/15/2023 10:28:14 PM,0.00,in,A
04/15/2023 03:02:43 PM,04/15/2023 03:02:55 PM,0.04,in,A
04/15/2023 02:59:11 PM,04/15/2023 03:01:03 PM,0.04,in,A
04/15/2023 02:58:12 PM,04/15/2023 03:00:54 PM,0.04,in,A
04/15/2023 02:52:37 PM,04/15/2023 02:52:55 PM,0.04,in,A
04/15/2023 10:26:21 AM,04/15/2023 10:26:25 AM,0.00,in,A
04/15/2023 05:12:03 AM,04/15/2023 05:12:25 AM,0.04,in,A
04/15/2023 02:47:00 AM,04/15/2023 03:05:32 AM,0.04,in,A
04/15/2023 02:03:46 AM,04/15/2023 02:03:55 AM,0.04,in,A
04/15/2023 02:02:03 AM,04/15/2023 02:02:25 AM,0.04,in,A
04/15/2023 01:56:56 AM,04/15/2023 01:57:25 AM,0.04,in,A
04/14/2023 10:26:21 PM,04/14/2023 10:26:26 PM,0.00,in,A
04/14/2023 10:26:20 AM,04/14/2023 10:27:17 AM,0.00,in,A
04/13/2023 10:26:20 PM,04/13/2023 10:26:53 PM,0.00,in,A
04/13/2023 10:26:19 AM,04/13/2023 10:35:05 AM,0.00,in,A
04/12/2023 10:26:19 PM,04/12/2023 10:26:34 PM,0.00,in,A
04/12/2023 10:26:18 AM,04/12/2023 10:32:43 AM,0.00,in,A
04/11/2023 10:26:18 PM,04/11/2023 10:26:25 PM,0.00,in,A
04/11/2023 10:26:17 AM,04/11/2023 10:35:27 AM,0.00,in,A
04/10/2023 10:26:17 PM,04/10/2023 10:26:25 PM,0.00,in,A
04/10/2023 01:02:43 PM,04/10/2023 01:46:15 PM,0.04,in,A
04/10/2023 12:55:03 PM,04/10/2023 01:30:32 PM,0.04,in,A
04/10/2023 12:40:56 PM,04/10/2023 01:21:21 PM,0.04,in,A
04/10/2023 12:30:55 PM,04/10/2023 12:57:00 PM,0.04,in,A
04/10/2023 12:09:40 PM,04/10/2023 12:17:12 PM,0.04,in,A
04/10/2023 12:06:08 PM,04/10/2023 12:16:49 PM,0.04,in,A
04/10/2023 12:03:45 PM,04/10/2023 12:16:45 PM,0.04,in,A
04/10/2023 12:01:19 PM,04/10/2023 12:09:14 PM,0.04,in,A
04/10/2023 10:26:16 AM,04/10/2023 10:28:51 AM,0.00,in,A
04/09/2023 10:26:15 PM,04/09/2023 10:26:25 PM,0.00,in,A
04/09/2023 10:26:15 AM,04/09/2023 10:26:25 AM,0.00,in,A
04/08/2023 10:26:14 PM,04/08/2023 10:26:25 PM,0.00,in,A
04/08/2023 10:26:14 AM,04/08/2023 10:26:25 AM,0.00,in,A
04/07/2023 10:26:13 PM,04/07/2023 10:26:25 PM,0.00,in,A
04/07/2023 10:26:13 AM,04/07/2023 10:26:25 AM,0.00,in,A
04/06/2023 10:26:12 PM,04/06/2023 10:32:22 PM,0.00,in,A
04/05/2023 10:26:10 PM,04/05/2023 10:28:26 PM,0.00,in,A
04/05/2023 03:06:23 PM,04/05/2023 03:06:55 PM,0.00,in,A
04/05/2023 10:26:10 AM,04/05/2023 10:26:25 AM,0.00,in,A
04/05/2023 01:14:42 AM,04/05/2023 01:14:55 AM,0.04,in,A
04/04/2023 10:26:09 PM,04/04/2023 10:31:37 PM,0.00,in,A
04/04/2023 10:26:09 AM,04/04/2023 10:26:25 AM,0.00,in,A
04/03/2023 10:26:08 PM,04/03/2023 10:31:16 PM,0.00,in,A
04/03/2023 10:26:08 AM,04/03/2023 10:26:25 AM,0.00,in,A
04/02/2023 10:26:07 PM,04/02/2023 10:26:25 PM,0.00,in,A
04/02/2023 10:26:07 AM,04/02/2023 10:26:25 AM,0.00,in,A
04/01/2023 10:26:06 PM,04/01/2023 10:26:25 PM,0.00,in,A
04/01/2023 10:26:05 AM,04/01/2023 10:26:25 AM,0.00,in,A
03/31/2023 10:26:05 PM,03/31/2023 10:28:49 PM,0.00,in,A
03/31/2023 10:26:04 AM,03/31/2023 10:27:26 AM,0.00,in,A
03/30/2023 10:26:04 PM,03/30/2023 10:26:40 PM,0.00,in,A
03/30/2023 10:26:03 AM,03/30/2023 10:26:25 AM,0.00,in,A
03/29/2023 10:26:02 PM,03/29/2023 10:26:25 PM,0.00,in,A
03/29/2023 10:26:02 AM,03/29/2023 10:26:25 AM,0.00,in,A
03/28/2023 10:26:01 PM,03/28/2023 10:26:25 PM,0.00,in,A
03/28/2023 10:26:00 AM,03/28/2023 10:26:25 AM,0.00,in,A
03/28/2023 02:06:23 AM,03/28/2023 02:06:25 AM,0.04,in,A
03/28/2023 12:26:10 AM,03/28/2023 12:26:25 AM,0.04,in,A
03/27/2023 10:25:59 PM,03/27/2023 10:26:25 PM,0.00,in,A
03/27/2023 10:25:58 AM,03/27/2023 10:26:25 AM,0.00,in,A
03/26/2023 10:25:58 PM,03/26/2023 10:26:25 PM,0.00,in,A
03/26/2023 10:25:57 AM,03/26/2023 10:30:41 AM,0.00,in,A
03/26/2023 12:41:19 AM,03/26/2023 12:41:25 AM,0.04,in,A
03/25/2023 11:58:15 PM,03/25/2023 11:58:25 PM,0.04,in,A
03/25/2023 10:25:56 PM,03/25/2023 10:26:25 PM,0.00,in,A
03/25/2023 10:25:55 AM,03/25/2023 10:26:25 AM,0.00,in,A
03/24/2023 11:30:37 PM,03/25/2023 02:54:03 AM,0.04,in,A
03/24/2023 11:21:04 PM,03/25/2023 02:13:45 AM,0.04,in,A
03/24/2023 11:11:27 PM,03/25/2023 01:48:12 AM,0.04,in,A
03/24/2023 10:42:26 PM,03/24/2023 11:49:59 PM,0.04,in,A
03/24/2023 10:30:55 PM,03/24/2023 11:29:30 PM,0.04,in,A
03/24/2023 10:25:55 PM,03/24/2023 11:24:26 PM,0.00,in,A
03/24/2023 10:01:55 PM,03/24/2023 10:48:35 PM,0.04,in,A
03/24/2023 08:51:17 PM,03/24/2023 08:51:28 PM,0.08,in,A
03/24/2023 08:19:44 PM,03/24/2023 08:19:55 PM,0.04,in,A
03/24/2023 08:12:06 PM,03/24/2023 08:12:35 PM,0.08,in,A
03/24/2023 07:51:11 PM,03/24/2023 07:51:26 PM,0.08,in,A
03/24/2023 07:20:29 PM,03/24/2023 07:20:55 PM,0.04,in,A
03/24/2023 07:05:41 PM,03/24/2023 07:06:41 PM,0.04,in,A
03/24/2023 06:41:51 PM,03/24/2023 06:44:23 PM,0.04,in,A
03/24/2023 10:25:54 AM,03/24/2023 10:26:25 AM,0.00,in,A
03/23/2023 10:25:53 PM,03/23/2023 10:25:55 PM,0.00,in,A
03/23/2023 10:25:52 AM,03/23/2023 10:25:55 AM,0.00,in,A
03/22/2023 10:25:52 PM,03/22/2023 10:27:19 PM,0.00,in,A
03/22/2023 10:25:51 AM,03/22/2023 10:27:34 AM,0.00,in,A
03/21/2023 10:25:50 PM,03/21/2023 10:25:55 PM,0.00,in,A
03/21/2023 06:15:26 PM,03/21/2023 06:15:56 PM,0.04,in,A
03/21/2023 11:53:38 AM,03/21/2023 11:58:41 AM,0.04,in,A
03/21/2023 11:23:28 AM,03/21/2023 11:23:55 AM,0.04,in,A
03/21/2023 11:03:46 AM,03/21/2023 11:05:09 AM,0.04,in,A
03/21/2023 10:25:50 AM,03/21/2023 10:25:55 AM,0.00,in,A
03/21/2023 09:36:28 AM,03/21/2023 09:36:55 AM,0.04,in,A
03/21/2023 08:58:22 AM,03/21/2023 09:04:08 AM,0.04,in,A
03/20/2023 10:25:49 PM,03/20/2023 10:25:55 PM,0.00,in,A
03/20/2023 10:25:48 AM,03/20/2023 10:25:55 AM,0.00,in,A
03/19/2023 10:25:47 PM,03/19/2023 10:25:55 PM,0.00,in,A
03/18/2023 10:25:45 PM,03/18/2023 10:25:55 PM,0.00,in,A
03/18/2023 10:25:44 AM,03/18/2023 10:25:55 AM,0.00,in,A
03/17/2023 10:25:43 PM,03/17/2023 10:25:55 PM,0.00,in,A
03/17/2023 06:42:47 PM,03/17/2023 06:42:55 PM,0.04,in,A
03/17/2023 10:25:42 AM,03/17/2023 10:31:58 AM,0.00,in,A
03/16/2023 10:25:41 PM,03/16/2023 10:25:55 PM,0.00,in,A
03/16/2023 04:08:19 PM,03/16/2023 04:11:12 PM,0.04,in,A
03/16/2023 03:41:55 PM,03/16/2023 03:48:47 PM,0.04,in,A
03/16/2023 03:22:19 PM,03/16/2023 03:27:04 PM,0.04,in,A
03/16/2023 03:12:36 PM,03/16/2023 03:19:03 PM,0.04,in,A
03/16/2023 03:02:21 PM,03/16/2023 03:02:25 PM,0.04,in,A
03/16/2023 02:50:28 PM,03/16/2023 02:50:55 PM,0.04,in,A
03/16/2023 02:38:44 PM,03/16/2023 02:38:55 PM,0.04,in,A
03/16/2023 02:34:42 PM,03/16/2023 02:34:55 PM,0.04,in,A
03/16/2023 10:25:40 AM,03/16/2023 10:33:10 AM,0.00,in,A
03/16/2023 09:31:56 AM,03/16/2023 09:32:25 AM,0.04,in,A
03/15/2023 10:25:39 PM,03/15/2023 10:25:55 PM,0.00,in,A
03/15/2023 10:25:38 AM,03/15/2023 10:27:07 AM,0.00,in,A
03/14/2023 10:25:37 PM,03/14/2023 10:25:55 PM,0.00,in,A
03/14/2023 10:25:37 AM,03/14/2023 10:27:00 AM,0.00,in,A
03/13/2023 10:25:35 PM,03/13/2023 10:25:55 PM,0.00,in,A
03/13/2023 10:25:34 AM,03/13/2023 10:25:55 AM,0.00,in,A
03/12/2023 10:25:33 PM,03/12/2023 10:25:55 PM,0.00,in,A
03/12/2023 10:25:32 AM,03/12/2023 10:25:55 AM,0.00,in,A
03/11/2023 09:25:32 PM,03/11/2023 09:25:55 PM,0.08,in,A
03/11/2023 12:14:42 PM,03/11/2023 12:14:55 PM,0.04,in,A
03/11/2023 11:18:45 AM,03/11/2023 11:18:55 AM,0.08,in,A
03/11/2023 09:25:31 AM,03/11/2023 09:25:55 AM,0.00,in,A
03/11/2023 07:22:53 AM,03/11/2023 07:22:55 AM,0.04,in,A
03/10/2023 09:25:30 PM,03/10/2023 09:25:55 PM,0.00,in,A
03/10/2023 09:25:29 AM,03/10/2023 09:25:55 AM,0.00,in,A
03/09/2023 09:25:28 PM,03/09/2023 09:25:55 PM,0.04,in,A
03/09/2023 09:25:27 AM,03/09/2023 09:25:55 AM,0.04,in,A
03/09/2023 08:43:34 AM,03/09/2023 08:43:55 AM,0.08,in,A
03/08/2023 09:25:26 PM,03/08/2023 09:25:55 PM,0.00,in,A
03/08/2023 09:25:26 AM,03/08/2023 09:25:55 AM,0.00,in,A
03/07/2023 09:25:25 PM,03/07/2023 09:30:59 PM,0.00,in,A
03/07/2023 08:25:31 PM,03/07/2023 08:30:52 PM,0.04,in,A
03/07/2023 08:02:38 PM,03/07/2023 08:02:55 PM,0.08,in,A
03/07/2023 07:10:13 PM,03/07/2023 07:10:25 PM,0.04,in,A
03/07/2023 06:57:18 PM,03/07/2023 06:57:25 PM,0.04,in,A
03/07/2023 06:46:40 PM,03/07/2023 06:46:55 PM,0.04,in,A
03/07/2023 06:31:25 PM,03/07/2023 06:31:55 PM,0.04,in,A
03/07/2023 09:25:24 AM,03/07/2023 09:25:55 AM,0.00,in,A
03/06/2023 09:25:23 PM,03/06/2023 09:25:25 PM,0.00,in,A
03/06/2023 09:25:23 AM,03/06/2023 09:25:25 AM,0.00,in,A
03/05/2023 09:25:22 PM,03/05/2023 09:25:25 PM,0.00,in,A
03/05/2023 09:25:21 AM,03/05/2023 09:25:25 AM,0.00,in,A
03/04/2023 09:25:21 PM,03/04/2023 09:25:25 PM,0.00,in,A
03/04/2023 09:25:20 AM,03/04/2023 09:25:25 AM,0.00,in,A
03/03/2023 09:25:19 PM,03/03/2023 09:27:11 PM,0.00,in,A
03/03/2023 10:05:35 AM,03/03/2023 10:08:06 AM,0.04,in,A
03/03/2023 09:25:18 AM,03/03/2023 09:29:50 AM,0.00,in,A
03/03/2023 08:50:46 AM,03/03/2023 09:03:03 AM,0.04,in,A
03/03/2023 08:26:30 AM,03/03/2023 08:32:55 AM,0.04,in,A
03/03/2023 07:50:50 AM,03/03/2023 07:55:47 AM,0.04,in,A
03/03/2023 07:04:50 AM,03/03/2023 07:13:18 AM,0.04,in,A
03/03/2023 06:46:42 AM,03/03/2023 06:52:31 AM,0.04,in,A
03/03/2023 06:36:24 AM,03/03/2023 06:36:25 AM,0.04,in,A
03/03/2023 06:28:32 AM,03/03/2023 06:30:48 AM,0.04,in,A
03/03/2023 06:16:44 AM,03/03/2023 06:16:56 AM,0.04,in,A
03/03/2023 05:49:12 AM,03/03/2023 05:51:49 AM,0.04,in,A
03/02/2023 09:25:17 PM,03/02/2023 09:25:25 PM,0.00,in,A
03/02/2023 09:25:16 AM,03/02/2023 09:25:25 AM,0.00,in,A
03/01/2023 09:25:16 PM,03/01/2023 09:25:25 PM,0.00,in,A
03/01/2023 09:25:15 AM,03/01/2023 09:25:25 AM,0.00,in,A
02/28/2023 09:25:14 PM,02/28/2023 09:42:29 PM,0.00,in,A
02/28/2023 09:25:13 AM,02/28/2023 09:25:25 AM,0.00,in,A
02/27/2023 09:25:13 PM,02/27/2023 09:26:01 PM,0.00,in,A
02/27/2023 09:25:12 AM,02/27/2023 10:47:27 AM,0.00,in,A
02/27/2023 02:45:43 AM,02/27/2023 03:50:00 AM,0.04,in,A
02/27/2023 02:43:19 AM,02/27/2023 03:43:24 AM,0.04,in,A
02/27/2023 02:42:12 AM,02/27/2023 03:36:51 AM,0.04,in,A
02/27/2023 01:39:04 AM,02/27/2023 01:53:38 AM,0.08,in,A
02/27/2023 01:37:04 AM,02/27/2023 01:53:26 AM,0.04,in,A
02/27/2023 01:36:04 AM,02/27/2023 01:53:16 AM,0.04,in,A
02/27/2023 01:31:12 AM,02/27/2023 01:46:43 AM,0.04,in,A
02/27/2023 01:18:23 AM,02/27/2023 01:27:58 AM,0.04,in,A
02/27/2023 01:15:29 AM,02/27/2023 01:27:36 AM,0.04,in,A
02/27/2023 12:50:58 AM,02/27/2023 12:51:26 AM,0.04,in,A
02/27/2023 12:39:26 AM,02/27/2023 12:39:55 AM,0.04,in,A
02/27/2023 12:04:51 AM,02/27/2023 12:04:55 AM,0.04,in,A
02/26/2023 11:44:55 PM,02/26/2023 11:45:25 PM,0.04,in,A
02/26/2023 09:25:11 PM,02/26/2023 09:25:25 PM,0.00,in,A
02/26/2023 09:25:10 AM,02/26/2023 09:25:25 AM,0.00,in,A
02/25/2023 09:25:09 PM,02/25/2023 09:25:25 PM,0.00,in,A
02/25/2023 09:25:08 AM,02/25/2023 09:25:25 AM,0.00,in,A
02/24/2023 09:25:07 PM,02/24/2023 09:26:07 PM,0.00,in,A
02/24/2023 09:25:06 AM,02/24/2023 09:25:25 AM,0.00,in,A
02/23/2023 09:25:05 PM,02/23/2023 09:27:40 PM,0.00,in,A
02/23/2023 09:25:04 AM,02/23/2023 09:25:25 AM,0.00,in,A
02/22/2023 09:25:03 PM,02/22/2023 09:25:25 PM,0.00,in,AN
02/20/2023 09:25:00 PM,02/20/2023 09:27:40 PM,0.00,in,A
02/20/2023 09:24:59 AM,02/20/2023 09:25:25 AM,0.00,in,A
02/19/2023 11:46:10 PM,02/19/2023 11:46:25 PM,0.04,in,A
02/19/2023 09:24:58 PM,02/19/2023 09:25:25 PM,0.00,in,A
02/19/2023 09:24:57 AM,02/19/2023 09:25:25 AM,0.00,in,A
02/18/2023 09:24:56 PM,02/18/2023 09:25:25 PM,0.00,in,A
02/18/2023 09:24:55 AM,02/18/2023 09:25:25 AM,0.00,in,A
02/17/2023 09:24:54 PM,02/17/2023 09:25:25 PM,0.00,in,A
02/17/2023 09:24:53 AM,02/17/2023 09:24:55 AM,0.00,in,A
02/16/2023 09:24:52 PM,02/16/2023 09:24:55 PM,0.00,in,A
02/16/2023 09:24:51 AM,02/16/2023 09:24:55 AM,0.00,in,A
02/15/2023 09:24:50 PM,02/15/2023 09:25:59 PM,0.00,in,A
02/15/2023 09:24:49 AM,02/15/2023 09:24:55 AM,0.00,in,A
02/14/2023 09:24:48 PM,02/14/2023 09:24:55 PM,0.00,in,A
02/14/2023 05:26:21 PM,02/14/2023 05:26:25 PM,0.04,in,A
02/14/2023 05:03:21 PM,02/14/2023 05:03:25 PM,0.04,in,A
02/14/2023 04:55:38 PM,02/14/2023 04:55:55 PM,0.04,in,A
02/14/2023 10:49:38 AM,02/14/2023 10:54:15 AM,0.04,in,A
02/14/2023 10:15:43 AM,02/14/2023 10:15:55 AM,0.04,in,A
02/14/2023 09:53:29 AM,02/14/2023 09:53:55 AM,0.08,in,A
02/14/2023 09:24:47 AM,02/14/2023 09:30:48 AM,0.00,in,A
02/14/2023 08:40:10 AM,02/14/2023 08:40:25 AM,0.08,in,A
02/14/2023 07:55:31 AM,02/14/2023 07:55:55 AM,0.04,in,A
02/14/2023 05:16:11 AM,02/14/2023 05:16:25 AM,0.04,in,A
02/14/2023 04:31:49 AM,02/14/2023 04:31:55 AM,0.04,in,A
02/13/2023 09:24:46 AM,02/13/2023 09:24:55 AM,0.00,in,A
02/12/2023 09:24:44 PM,02/12/2023 09:24:55 PM,0.00,in,A
02/12/2023 09:24:44 AM,02/12/2023 09:24:55 AM,0.00,in,A
02/11/2023 09:24:42 PM,02/11/2023 09:24:55 PM,0.00,in,A
02/11/2023 09:24:41 AM,02/11/2023 09:24:55 AM,0.00,in,A
02/10/2023 09:24:40 PM,02/10/2023 09:24:55 PM,0.00,in,A
02/10/2023 09:24:39 AM,02/10/2023 09:24:55 AM,0.00,in,A
02/09/2023 01:01:40 PM,02/09/2023 01:01:55 PM,0.04,in,A
02/09/2023 12:45:13 PM,02/09/2023 12:45:25 PM,0.04,in,A
02/09/2023 12:30:26 PM,02/09/2023 12:30:55 PM,0.04,in,A
02/09/2023 12:18:08 PM,02/09/2023 12:18:56 PM,0.04,in,A
02/09/2023 12:05:20 PM,02/09/2023 12:05:25 PM,0.04,in,A
02/09/2023 11:59:08 AM,02/09/2023 12:02:47 PM,0.04,in,A
02/09/2023 11:54:37 AM,02/09/2023 11:58:30 AM,0.04,in,A
02/09/2023 11:50:32 AM,02/09/2023 11:50:55 AM,0.04,in,A
02/09/2023 11:41:50 AM,02/09/2023 11:41:55 AM,0.04,in,A
02/09/2023 11:29:48 AM,02/09/2023 11:29:55 AM,0.04,in,A
02/09/2023 11:16:20 AM,02/09/2023 11:16:25 AM,0.04,in,A
02/09/2023 11:00:04 AM,02/09/2023 11:00:25 AM,0.04,in,A
02/09/2023 09:24:37 AM,02/09/2023 09:38:25 AM,0.00,in,A
02/09/2023 07:37:47 AM,02/09/2023 08:07:11 AM,0.04,in,A
02/09/2023 03:31:18 AM,02/09/2023 05:18:45 AM,0.04,in,A
02/09/2023 01:51:48 AM,02/09/2023 03:21:16 AM,0.04,in,A
02/09/2023 01:42:04 AM,02/09/2023 03:14:54 AM,0.04,in,A
02/09/2023 01:22:07 AM,02/09/2023 02:33:16 AM,0.04,in,A
02/09/2023 01:08:12 AM,02/09/2023 02:16:22 AM,0.04,in,A
02/09/2023 12:52:48 AM,02/09/2023 01:47:20 AM,0.04,in,A
02/09/2023 12:37:14 AM,02/09/2023 12:55:16 AM,0.04,in,A
02/09/2023 12:22:01 AM,02/09/2023 12:40:11 AM,0.04,in,A
02/09/2023 12:14:13 AM,02/09/2023 12:15:25 AM,0.04,in,A
02/09/2023 12:04:30 AM,02/09/2023 12:09:43 AM,0.04,in,A
02/08/2023 11:54:28 PM,02/09/2023 12:01:44 AM,0.04,in,A
02/08/2023 11:49:26 PM,02/08/2023 11:53:31 PM,0.08,in,A
02/08/2023 11:40:37 PM,02/08/2023 11:40:55 PM,0.04,in,A
02/08/2023 11:32:58 PM,02/08/2023 11:33:25 PM,0.04,in,A
02/08/2023 11:25:32 PM,02/08/2023 11:25:55 PM,0.04,in,A
02/08/2023 11:18:11 PM,02/08/2023 11:19:48 PM,0.04,in,A
02/08/2023 10:58:53 PM,02/08/2023 11:00:13 PM,0.04,in,A
02/08/2023 10:10:11 PM,02/08/2023 10:10:25 PM,0.04,in,A
02/08/2023 09:24:36 PM,02/08/2023 09:24:55 PM,0.00,in,A
02/08/2023 08:19:14 PM,02/08/2023 08:19:25 PM,0.04,in,A
02/08/2023 06:22:06 PM,02/08/2023 06:22:27 PM,0.04,in,A
02/08/2023 04:38:05 PM,02/08/2023 04:38:25 PM,0.04,in,A
02/08/2023 04:12:23 PM,02/08/2023 04:12:25 PM,0.08,in,A
02/08/2023 02:36:25 PM,02/08/2023 02:36:55 PM,0.04,in,A
02/08/2023 09:24:35 AM,02/08/2023 09:24:55 AM,0.00,in,A
02/07/2023 09:24:34 PM,02/07/2023 09:24:55 PM,0.00,in,A
02/07/2023 09:24:33 AM,02/07/2023 09:24:55 AM,0.00,in,A
02/06/2023 09:24:32 PM,02/06/2023 09:30:59 PM,0.00,in,A
02/06/2023 09:24:31 AM,02/06/2023 09:24:55 AM,0.00,in,A
02/05/2023 09:24:30 PM,02/05/2023 09:24:55 PM,0.00,in,A
02/05/2023 09:24:29 AM,02/05/2023 09:24:55 AM,0.00,in,A
02/04/2023 09:24:28 PM,02/04/2023 09:24:55 PM,0.00,in,A
02/04/2023 09:24:28 AM,02/04/2023 09:24:55 AM,0.00,in,A
02/03/2023 09:24:26 PM,02/03/2023 09:28:11 PM,0.00,in,A
02/03/2023 09:24:25 AM,02/03/2023 09:24:55 AM,0.00,in,A
02/02/2023 09:24:24 PM,02/02/2023 09:24:55 PM,0.00,in,A
02/02/2023 09:24:23 AM,02/02/2023 09:24:25 AM,0.00,in,A
02/01/2023 09:24:21 PM,02/01/2023 09:24:25 PM,0.00,in,A
02/01/2023 09:24:20 AM,02/01/2023 09:24:25 AM,0.00,in,A
01/31/2023 09:24:18 PM,01/31/2023 09:24:25 PM,0.00,in,A
01/31/2023 09:24:17 AM,01/31/2023 09:24:25 AM,0.00,in,A
01/30/2023 09:24:15 PM,01/30/2023 09:24:25 PM,0.00,in,A
01/30/2023 09:24:14 AM,01/30/2023 09:24:25 AM,0.00,in,A
01/29/2023 09:24:13 PM,01/29/2023 09:24:25 PM,0.00,in,A
01/29/2023 09:24:11 AM,01/29/2023 09:24:25 AM,0.00,in,A
01/28/2023 09:24:10 PM,01/28/2023 09:24:59 PM,0.00,in,A
01/28/2023 09:24:09 AM,01/28/2023 09:24:25 AM,0.00,in,A
01/27/2023 09:24:08 PM,01/27/2023 09:24:51 PM,0.00,in,A
01/27/2023 11:39:45 AM,01/27/2023 11:39:55 AM,0.04,in,A
01/27/2023 11:04:32 AM,01/27/2023 11:04:55 AM,0.04,in,A
01/27/2023 10:29:09 AM,01/27/2023 10:29:25 AM,0.04,in,A
01/27/2023 09:35:34 AM,01/27/2023 09:35:55 AM,0.04,in,A
01/27/2023 09:24:07 AM,01/27/2023 09:24:25 AM,0.00,in,A
01/26/2023 09:24:06 PM,01/26/2023 09:24:25 PM,0.00,in,A
01/26/2023 02:14:53 PM,01/26/2023 02:14:55 PM,0.04,in,A
01/26/2023 10:32:42 AM,01/26/2023 10:40:50 AM,0.04,in,A
01/26/2023 09:24:05 AM,01/26/2023 09:24:25 AM,0.00,in,A
01/25/2023 09:24:04 PM,01/25/2023 09:24:25 PM,0.00,in,A
01/25/2023 02:08:16 PM,01/25/2023 02:08:25 PM,0.04,in,A
01/25/2023 01:37:44 PM,01/25/2023 01:37:55 PM,0.04,in,A
01/25/2023 09:24:03 AM,01/25/2023 09:24:25 AM,0.00,in,A
01/24/2023 09:24:02 PM,01/24/2023 09:25:44 PM,0.00,in,A
01/24/2023 08:48:28 PM,01/24/2023 08:48:55 PM,0.04,in,A
01/24/2023 09:24:01 AM,01/24/2023 09:24:25 AM,0.00,in,A
01/23/2023 09:23:59 PM,01/23/2023 09:24:25 PM,0.00,in,A
01/23/2023 09:23:58 AM,01/23/2023 09:24:25 AM,0.00,in,A
01/22/2023 09:23:57 PM,01/22/2023 09:24:27 PM,0.00,in,A
01/22/2023 12:37:50 PM,01/22/2023 12:37:55 PM,0.04,in,A
01/22/2023 11:55:26 AM,01/22/2023 11:55:55 AM,0.04,in,A
01/22/2023 11:35:59 AM,01/22/2023 11:36:25 AM,0.04,in,A
01/22/2023 09:23:56 AM,01/22/2023 09:24:25 AM,0.00,in,A
01/21/2023 09:23:55 PM,01/21/2023 09:24:25 PM,0.00,in,A
01/21/2023 05:24:36 PM,01/21/2023 05:24:55 PM,0.04,in,A
01/21/2023 02:05:02 PM,01/21/2023 02:05:25 PM,0.04,in,A
01/20/2023 09:23:53 PM,01/20/2023 09:23:55 PM,0.00,in,A
01/20/2023 09:23:52 AM,01/20/2023 09:23:55 AM,0.00,in,A
01/19/2023 09:23:51 PM,01/19/2023 09:23:55 PM,0.00,in,A
01/19/2023 09:23:50 AM,01/19/2023 09:23:55 AM,0.00,in,A
01/18/2023 09:23:49 PM,01/18/2023 09:23:55 PM,0.00,in,A
01/18/2023 01:26:07 PM,01/18/2023 01:26:25 PM,0.04,in,A
01/18/2023 01:08:07 PM,01/18/2023 01:09:37 PM,0.04,in,A
01/18/2023 12:58:38 PM,01/18/2023 12:58:55 PM,0.04,in,A
01/18/2023 12:48:23 PM,01/18/2023 12:49:34 PM,0.04,in,A
01/18/2023 12:45:31 PM,01/18/2023 12:48:08 PM,0.04,in,A
01/18/2023 12:38:03 PM,01/18/2023 12:38:25 PM,0.04,in,A
01/18/2023 12:25:48 PM,01/18/2023 12:25:55 PM,0.04,in,A
01/18/2023 12:07:41 PM,01/18/2023 12:07:55 PM,0.04,in,A
01/18/2023 11:56:25 AM,01/18/2023 11:56:55 AM,0.04,in,A
01/18/2023 11:45:45 AM,01/18/2023 11:45:55 AM,0.04,in,A
01/18/2023 11:36:14 AM,01/18/2023 11:36:25 AM,0.04,in,A
01/18/2023 11:12:01 AM,01/18/2023 11:12:25 AM,0.04,in,A
01/18/2023 10:54:34 AM,01/18/2023 10:54:55 AM,0.04,in,A
01/18/2023 10:24:42 AM,01/18/2023 10:28:26 AM,0.04,in,A
01/18/2023 09:23:48 AM,01/18/2023 09:23:55 AM,0.00,in,A
01/18/2023 08:45:37 AM,01/18/2023 08:45:55 AM,0.04,in,A
01/17/2023 09:23:47 PM,01/17/2023 09:23:55 PM,0.00,in,A
01/17/2023 09:23:46 AM,01/17/2023 09:23:55 AM,0.00,in,A
01/16/2023 09:23:46 PM,01/16/2023 09:23:55 PM,0.00,in,A
01/16/2023 09:23:45 AM,01/16/2023 09:23:55 AM,0.00,in,A
01/15/2023 09:23:44 PM,01/15/2023 09:23:55 PM,0.00,in,A
01/15/2023 09:23:44 AM,01/15/2023 09:25:22 AM,0.00,in,A
01/14/2023 09:23:43 PM,01/14/2023 09:23:55 PM,0.00,in,A
01/14/2023 09:23:42 AM,01/14/2023 09:23:55 AM,0.00,in,A
01/13/2023 09:23:40 PM,01/13/2023 09:26:26 PM,0.00,in,A
01/13/2023 09:23:39 AM,01/13/2023 09:23:55 AM,0.00,in,A
01/12/2023 09:23:38 PM,01/12/2023 09:23:55 PM,0.00,in,A
01/12/2023 09:23:37 AM,01/12/2023 09:23:55 AM,0.00,in,A
01/11/2023 09:23:36 PM,01/11/2023 09:23:55 PM,0.00,in,A
01/11/2023 09:23:35 AM,01/11/2023 09:23:55 AM,0.00,in,A
01/10/2023 09:23:34 PM,01/10/2023 09:23:55 PM,0.00,in,A
01/10/2023 09:23:33 AM,01/10/2023 09:23:55 AM,0.00,in,A
01/09/2023 09:23:32 PM,01/09/2023 09:23:55 PM,0.00,in,A
01/09/2023 11:26:49 AM,01/09/2023 11:26:55 AM,0.04,in,A
01/09/2023 09:23:31 AM,01/09/2023 09:23:55 AM,0.00,in,A
01/08/2023 09:23:30 PM,01/08/2023 09:23:55 PM,0.00,in,A
01/08/2023 09:23:29 AM,01/08/2023 09:23:55 AM,0.00,in,A
01/07/2023 09:23:28 PM,01/07/2023 09:23:55 PM,0.00,in,A
01/07/2023 09:23:27 AM,01/07/2023 09:23:55 AM,0.00,in,A
01/06/2023 09:23:26 PM,01/06/2023 09:23:55 PM,0.00,in,A
01/06/2023 09:23:25 AM,01/06/2023 09:23:55 AM,0.00,in,A
01/05/2023 09:23:24 PM,01/05/2023 09:23:55 PM,0.00,in,A
01/05/2023 09:23:23 AM,01/05/2023 09:23:25 AM,0.00,in,A
01/04/2023 09:23:22 PM,01/04/2023 09:23:25 PM,0.00,in,A
01/04/2023 09:23:21 AM,01/04/2023 09:23:25 AM,0.00,in,A
01/03/2023 09:23:20 PM,01/03/2023 09:23:25 PM,0.00,in,A
01/03/2023 09:23:20 AM,01/03/2023 01:03:45 PM,0.00,in,A
01/02/2023 09:23:19 PM,01/03/2023 12:39:54 PM,0.00,in,A
01/02/2023 08:52:35 PM,01/03/2023 12:39:54 PM,0.08,in,A
01/02/2023 08:14:32 PM,01/03/2023 12:39:54 PM,0.04,in,A
01/02/2023 08:11:07 PM,01/03/2023 12:39:54 PM,0.04,in,A
01/02/2023 08:10:07 PM,01/03/2023 12:39:54 PM,0.08,in,A
01/02/2023 08:09:07 PM,01/03/2023 12:39:54 PM,0.04,in,A
01/02/2023 07:18:15 PM,01/03/2023 12:39:54 PM,0.04,in,A
01/02/2023 07:11:51 PM,01/03/2023 12:39:54 PM,0.04,in,A
01/02/2023 05:18:06 PM,01/03/2023 12:39:54 PM,0.04,in,A
01/02/2023 09:23:18 AM,01/03/2023 12:39:54 PM,0.00,in,AN
01/01/2023 09:23:17 AM,01/01/2023 09:23:25 AM,0.00,in,A
12/31/2022 09:23:16 PM,12/31/2022 09:23:25 PM,0.00,in,A
12/31/2022 09:23:15 AM,12/31/2022 09:23:25 AM,0.00,in,A
12/30/2022 09:23:14 PM,12/30/2022 09:23:25 PM,0.00,in,A
12/30/2022 09:23:13 AM,12/30/2022 09:23:25 AM,0.00,in,A
12/29/2022 09:23:12 PM,12/29/2022 09:23:25 PM,0.00,in,A
12/29/2022 09:23:11 AM,12/29/2022 09:23:25 AM,0.00,in,A
12/28/2022 09:23:11 PM,12/28/2022 09:23:25 PM,0.00,in,A
12/28/2022 09:23:10 AM,12/28/2022 09:23:25 AM,0.00,in,A
12/27/2022 09:23:09 PM,12/27/2022 09:23:25 PM,0.00,in,A
12/27/2022 01:14:12 PM,12/27/2022 01:14:25 PM,0.04,in,A
12/27/2022 09:23:07 AM,12/27/2022 09:23:25 AM,0.00,in,A
12/26/2022 09:23:04 AM,12/26/2022 09:23:25 AM,0.00,in,A
12/25/2022 09:23:03 PM,12/25/2022 09:24:53 PM,0.00,in,A
12/25/2022 09:23:02 AM,12/25/2022 09:23:25 AM,0.00,in,A
12/24/2022 09:23:00 PM,12/24/2022 09:23:25 PM,0.00,in,A
12/24/2022 09:22:59 AM,12/24/2022 09:23:25 AM,0.00,in,A
12/23/2022 09:22:57 PM,12/23/2022 09:23:56 PM,0.00,in,A
12/23/2022 09:22:55 AM,12/23/2022 09:23:25 AM,0.00,in,A
12/22/2022 12:42:31 AM,12/22/2022 12:42:55 AM,0.04,in,A
12/21/2022 09:22:50 PM,12/21/2022 09:22:55 PM,0.00,in,A
12/21/2022 09:22:48 AM,12/21/2022 09:22:55 AM,0.00,in,A
12/20/2022 09:22:47 PM,12/20/2022 09:22:55 PM,0.00,in,A
12/20/2022 09:22:46 AM,12/20/2022 09:22:55 AM,0.00,in,A
12/19/2022 09:22:45 PM,12/19/2022 09:22:55 PM,0.00,in,A
12/19/2022 11:10:39 AM,12/19/2022 11:10:55 AM,0.04,in,A
12/19/2022 10:36:59 AM,12/19/2022 10:38:15 AM,0.04,in,A
12/19/2022 09:22:44 AM,12/19/2022 09:22:55 AM,0.00,in,A
12/18/2022 09:22:43 PM,12/18/2022 09:22:55 PM,0.00,in,A
12/18/2022 09:22:42 AM,12/18/2022 09:22:55 AM,0.00,in,A
12/17/2022 09:22:40 PM,12/17/2022 09:22:55 PM,0.00,in,A
12/17/2022 09:22:39 AM,12/17/2022 09:22:55 AM,0.00,in,A
12/16/2022 09:22:38 PM,12/16/2022 09:22:55 PM,0.00,in,A
12/16/2022 09:22:37 AM,12/16/2022 09:22:55 AM,0.00,in,A
12/15/2022 09:22:36 PM,12/15/2022 09:22:55 PM,0.00,in,A
12/15/2022 09:22:35 AM,12/15/2022 09:22:55 AM,0.00,in,A
12/14/2022 09:22:34 PM,12/14/2022 09:22:55 PM,0.00,in,A
12/14/2022 09:22:33 AM,12/14/2022 09:22:55 AM,0.00,in,A
12/13/2022 09:22:32 PM,12/13/2022 09:22:55 PM,0.00,in,A
12/13/2022 11:16:39 AM,12/13/2022 11:16:55 AM,0.04,in,A
12/13/2022 09:48:23 AM,12/13/2022 09:54:56 AM,0.04,in,A
12/13/2022 09:33:39 AM,12/13/2022 09:33:55 AM,0.04,in,A
12/13/2022 09:22:31 AM,12/13/2022 09:22:55 AM,0.00,in,A
12/13/2022 09:15:31 AM,12/13/2022 09:15:55 AM,0.04,in,A
12/13/2022 08:46:17 AM,12/13/2022 08:46:25 AM,0.04,in,A
12/13/2022 08:16:34 AM,12/13/2022 08:16:55 AM,0.04,in,A
12/13/2022 07:39:57 AM,12/13/2022 07:40:25 AM,0.04,in,A
12/13/2022 07:10:01 AM,12/13/2022 07:10:25 AM,0.04,in,A
12/13/2022 06:44:14 AM,12/13/2022 06:49:14 AM,0.04,in,A
12/13/2022 04:55:31 AM,12/13/2022 04:55:55 AM,0.04,in,A
12/13/2022 03:16:40 AM,12/13/2022 03:17:49 AM,0.04,in,A
12/13/2022 02:56:21 AM,12/13/2022 03:09:16 AM,0.04,in,A
12/13/2022 02:53:43 AM,12/13/2022 03:00:09 AM,0.04,in,A
12/13/2022 02:52:21 AM,12/13/2022 02:59:53 AM,0.04,in,A
12/13/2022 02:09:24 AM,12/13/2022 02:09:55 AM,0.04,in,A
12/13/2022 01:49:15 AM,12/13/2022 01:49:56 AM,0.04,in,A
12/13/2022 01:23:32 AM,12/13/2022 01:25:29 AM,0.04,in,A
12/13/2022 01:13:31 AM,12/13/2022 01:13:55 AM,0.04,in,A
12/13/2022 12:57:38 AM,12/13/2022 12:58:45 AM,0.04,in,A
12/13/2022 12:53:17 AM,12/13/2022 12:53:25 AM,0.04,in,A
12/13/2022 12:46:07 AM,12/13/2022 12:46:25 AM,0.04,in,A
12/12/2022 11:40:39 PM,12/12/2022 11:40:55 PM,0.04,in,A
12/12/2022 11:32:16 PM,12/12/2022 11:32:25 PM,0.04,in,A
12/12/2022 11:01:19 PM,12/12/2022 11:01:25 PM,0.04,in,A
12/12/2022 10:49:16 PM,12/12/2022 10:49:25 PM,0.08,in,A
12/12/2022 09:22:31 PM,12/12/2022 09:22:55 PM,0.00,in,A
12/12/2022 09:22:30 AM,12/12/2022 09:22:55 AM,0.00,in,A
12/11/2022 09:22:29 PM,12/11/2022 09:22:55 PM,0.00,in,A
12/11/2022 09:22:28 AM,12/11/2022 09:22:55 AM,0.00,in,A
12/10/2022 09:22:27 PM,12/10/2022 09:22:55 PM,0.00,in,A
12/10/2022 09:22:26 AM,12/10/2022 09:22:55 AM,0.00,in,A
12/10/2022 05:03:26 AM,12/10/2022 05:03:55 AM,0.04,in,A
12/09/2022 09:22:25 PM,12/09/2022 09:23:00 PM,0.00,in,A
12/09/2022 09:22:24 AM,12/09/2022 09:22:55 AM,0.00,in,A
12/08/2022 09:22:23 PM,12/08/2022 09:22:25 PM,0.00,in,A
12/08/2022 06:59:14 PM,12/08/2022 06:59:25 PM,0.04,in,A
12/08/2022 09:22:23 AM,12/08/2022 09:22:25 AM,0.00,in,A
12/07/2022 09:22:22 PM,12/07/2022 09:22:25 PM,0.00,in,A
12/07/2022 09:22:21 AM,12/07/2022 09:22:25 AM,0.00,in,A
12/06/2022 09:22:20 PM,12/06/2022 09:22:25 PM,0.00,in,A
12/06/2022 09:22:19 AM,12/06/2022 09:22:25 AM,0.00,in,A
12/05/2022 09:22:18 PM,12/05/2022 09:22:25 PM,0.00,in,A
12/05/2022 09:22:18 AM,12/05/2022 09:22:25 AM,0.00,in,A
12/04/2022 09:22:17 PM,12/04/2022 09:22:25 PM,0.00,in,A
12/04/2022 09:22:16 AM,12/04/2022 09:22:25 AM,0.00,in,A
12/03/2022 09:22:14 PM,12/03/2022 09:22:25 PM,0.00,in,A
12/03/2022 09:22:13 AM,12/03/2022 09:22:25 AM,0.00,in,A
12/02/2022 09:22:12 PM,12/02/2022 09:22:29 PM,0.00,in,A
12/02/2022 09:22:12 AM,12/02/2022 09:22:25 AM,0.00,in,A
12/01/2022 09:22:11 PM,12/01/2022 09:22:25 PM,0.00,in,A
12/01/2022 09:22:10 AM,12/01/2022 09:22:25 AM,0.00,in,A
11/30/2022 09:22:09 PM,11/30/2022 09:22:25 PM,0.00,in,A
11/30/2022 09:22:08 AM,11/30/2022 09:22:25 AM,0.00,in,A
11/29/2022 09:22:07 PM,11/29/2022 09:22:25 PM,0.00,in,A
11/29/2022 09:22:06 AM,11/29/2022 09:22:25 AM,0.00,in,A
11/28/2022 09:22:05 PM,11/28/2022 09:22:25 PM,0.00,in,A
11/28/2022 09:22:04 AM,11/28/2022 09:22:25 AM,0.00,in,A
11/27/2022 09:22:03 PM,11/27/2022 09:22:25 PM,0.00,in,A
11/27/2022 09:22:02 AM,11/27/2022 09:22:25 AM,0.04,in,A
11/27/2022 01:10:58 AM,11/27/2022 01:46:24 AM,0.04,in,A
11/27/2022 12:54:30 AM,11/27/2022 01:12:51 AM,0.04,in,A
11/27/2022 12:41:13 AM,11/27/2022 12:41:25 AM,0.04,in,A
11/27/2022 12:31:39 AM,11/27/2022 12:31:55 AM,0.04,in,A
11/27/2022 12:23:50 AM,11/27/2022 12:25:07 AM,0.04,in,A
11/27/2022 12:14:48 AM,11/27/2022 12:24:17 AM,0.04,in,A
11/27/2022 12:07:04 AM,11/27/2022 12:07:25 AM,0.04,in,A
11/26/2022 11:58:46 PM,11/26/2022 11:59:24 PM,0.04,in,A
11/26/2022 11:50:50 PM,11/26/2022 11:56:02 PM,0.04,in,A
11/26/2022 11:41:47 PM,11/26/2022 11:49:36 PM,0.04,in,A
11/26/2022 11:28:21 PM,11/26/2022 11:43:40 PM,0.04,in,A
11/26/2022 11:14:08 PM,11/26/2022 11:29:44 PM,0.12,in,A
11/26/2022 11:07:37 PM,11/26/2022 11:28:31 PM,0.04,in,A
11/26/2022 10:59:36 PM,11/26/2022 11:28:09 PM,0.04,in,A
11/26/2022 10:51:58 PM,11/26/2022 11:22:40 PM,0.04,in,A
11/26/2022 10:45:03 PM,11/26/2022 11:11:54 PM,0.04,in,A
11/26/2022 10:36:53 PM,11/26/2022 10:42:28 PM,0.04,in,A
11/26/2022 10:29:10 PM,11/26/2022 10:38:57 PM,0.04,in,A
11/26/2022 10:23:43 PM,11/26/2022 10:34:36 PM,0.04,in,A
11/26/2022 10:16:55 PM,11/26/2022 10:31:15 PM,0.04,in,A
11/26/2022 10:11:48 PM,11/26/2022 10:17:38 PM,0.04,in,A
11/26/2022 10:06:28 PM,11/26/2022 10:06:55 PM,0.04,in,A
11/26/2022 10:00:41 PM,11/26/2022 10:00:55 PM,0.04,in,A
11/26/2022 09:54:02 PM,11/26/2022 09:54:25 PM,0.04,in,A
11/26/2022 09:47:53 PM,11/26/2022 09:47:56 PM,0.04,in,A
11/26/2022 09:42:07 PM,11/26/2022 09:42:25 PM,0.04,in,A
11/26/2022 09:37:08 PM,11/26/2022 09:38:34 PM,0.04,in,A
11/26/2022 09:32:16 PM,11/26/2022 09:37:58 PM,0.04,in,A
11/26/2022 09:27:44 PM,11/26/2022 09:27:55 PM,0.04,in,A
11/26/2022 09:22:02 PM,11/26/2022 09:22:25 PM,0.00,in,A
11/26/2022 09:21:37 PM,11/26/2022 09:22:20 PM,0.04,in,A
11/26/2022 09:17:13 PM,11/26/2022 09:17:25 PM,0.04,in,A
11/26/2022 09:12:43 PM,11/26/2022 09:12:55 PM,0.04,in,A
11/26/2022 09:07:31 PM,11/26/2022 09:07:55 PM,0.04,in,A
11/26/2022 09:01:05 PM,11/26/2022 09:01:25 PM,0.08,in,A
11/26/2022 08:46:21 PM,11/26/2022 08:46:26 PM,0.04,in,A
11/26/2022 08:35:46 PM,11/26/2022 08:35:55 PM,0.04,in,A
11/26/2022 08:22:13 PM,11/26/2022 08:22:25 PM,0.04,in,A
11/26/2022 08:07:35 PM,11/26/2022 08:07:55 PM,0.04,in,A
11/26/2022 07:53:51 PM,11/26/2022 07:53:55 PM,0.04,in,A
11/26/2022 07:41:13 PM,11/26/2022 07:41:25 PM,0.04,in,A
11/26/2022 07:21:47 PM,11/26/2022 07:21:55 PM,0.04,in,A
11/26/2022 07:08:24 PM,11/26/2022 07:08:25 PM,0.04,in,A
11/26/2022 09:22:01 AM,11/26/2022 09:22:25 AM,0.00,in,A
11/25/2022 09:22:00 PM,11/25/2022 09:22:25 PM,0.00,in,A
11/25/2022 09:21:59 AM,11/25/2022 09:22:25 AM,0.00,in,A
11/24/2022 09:21:58 PM,11/24/2022 09:22:25 PM,0.00,in,A
11/24/2022 09:21:57 AM,11/24/2022 09:22:25 AM,0.00,in,A
11/23/2022 09:21:57 PM,11/23/2022 09:22:25 PM,0.00,in,A
11/23/2022 09:21:56 AM,11/23/2022 09:22:25 AM,0.00,in,A
11/22/2022 09:21:55 PM,11/22/2022 09:22:25 PM,0.00,in,A
11/22/2022 09:21:54 AM,11/22/2022 09:22:25 AM,0.00,in,A
11/21/2022 09:21:53 PM,11/21/2022 09:21:55 PM,0.00,in,A
11/20/2022 09:21:51 PM,11/20/2022 09:21:55 PM,0.00,in,A
11/20/2022 09:21:50 AM,11/20/2022 09:21:55 AM,0.00,in,A
11/19/2022 09:21:49 PM,11/19/2022 09:21:55 PM,0.00,in,A
11/19/2022 09:21:48 AM,11/19/2022 09:21:55 AM,0.00,in,A
11/18/2022 09:21:46 PM,11/18/2022 09:21:55 PM,0.00,in,A
11/18/2022 09:21:45 AM,11/18/2022 09:21:55 AM,0.00,in,A
11/17/2022 09:21:44 PM,11/17/2022 09:21:55 PM,0.00,in,A
11/17/2022 09:21:43 AM,11/17/2022 09:21:55 AM,0.00,in,A
11/16/2022 09:21:42 PM,11/16/2022 09:21:55 PM,0.00,in,A
11/16/2022 09:21:41 AM,11/16/2022 09:21:55 AM,0.00,in,A
11/15/2022 09:21:40 PM,11/15/2022 09:21:55 PM,0.00,in,A
11/15/2022 02:34:51 PM,11/15/2022 02:34:55 PM,0.04,in,A
11/15/2022 01:51:01 PM,11/15/2022 01:51:25 PM,0.04,in,A
11/15/2022 01:03:56 PM,11/15/2022 01:04:25 PM,0.08,in,A
11/15/2022 12:18:03 PM,11/15/2022 12:18:25 PM,0.04,in,A
11/15/2022 12:06:35 PM,11/15/2022 12:06:55 PM,0.08,in,A
11/15/2022 09:21:39 AM,11/15/2022 09:21:55 AM,0.00,in,A
11/14/2022 09:21:38 PM,11/14/2022 09:21:55 PM,0.00,in,A
11/14/2022 09:21:37 AM,11/14/2022 09:21:55 AM,0.00,in,A
11/13/2022 09:21:36 PM,11/13/2022 09:21:55 PM,0.00,in,A
11/13/2022 09:21:35 AM,11/13/2022 09:21:55 AM,0.00,in,A
11/12/2022 09:21:34 PM,11/12/2022 09:21:55 PM,0.00,in,A
11/12/2022 09:21:32 AM,11/12/2022 09:21:55 AM,0.00,in,A
11/11/2022 09:21:31 PM,11/11/2022 09:21:55 PM,0.00,in,A
11/11/2022 09:21:31 AM,11/11/2022 09:21:55 AM,0.00,in,A
11/11/2022 12:15:06 AM,11/11/2022 12:15:25 AM,0.04,in,A
11/10/2022 11:54:30 PM,11/10/2022 11:54:55 PM,0.04,in,A
11/10/2022 11:46:04 PM,11/10/2022 11:46:25 PM,0.04,in,A
11/10/2022 11:38:20 PM,11/10/2022 11:41:16 PM,0.04,in,A
11/10/2022 11:32:20 PM,11/10/2022 11:33:41 PM,0.04,in,A
11/10/2022 11:26:50 PM,11/10/2022 11:33:26 PM,0.04,in,A
11/10/2022 10:05:04 PM,11/10/2022 10:05:25 PM,0.04,in,A
11/10/2022 09:53:39 PM,11/10/2022 09:55:55 PM,0.04,in,A
11/10/2022 09:42:57 PM,11/10/2022 09:44:29 PM,0.04,in,A
11/10/2022 09:32:02 PM,11/10/2022 09:36:28 PM,0.04,in,A
11/10/2022 09:23:12 PM,11/10/2022 09:23:25 PM,0.04,in,A
11/10/2022 09:21:30 PM,11/10/2022 09:21:55 PM,0.00,in,A
11/10/2022 09:15:50 PM,11/10/2022 09:15:55 PM,0.04,in,A
11/10/2022 09:10:09 PM,11/10/2022 09:10:25 PM,0.04,in,A
11/10/2022 09:04:48 PM,11/10/2022 09:04:55 PM,0.04,in,A
11/10/2022 08:57:55 PM,11/10/2022 08:58:25 PM,0.04,in,A
11/10/2022 08:50:34 PM,11/10/2022 08:50:55 PM,0.04,in,A
11/10/2022 08:44:07 PM,11/10/2022 08:44:25 PM,0.04,in,A
11/10/2022 08:37:19 PM,11/10/2022 08:37:25 PM,0.04,in,A
11/10/2022 08:28:46 PM,11/10/2022 08:28:55 PM,0.04,in,A
11/10/2022 08:18:30 PM,11/10/2022 08:18:55 PM,0.04,in,A
11/10/2022 08:13:32 PM,11/10/2022 08:13:55 PM,0.04,in,A
11/10/2022 08:02:02 PM,11/10/2022 08:02:26 PM,0.04,in,A
11/10/2022 07:54:06 PM,11/10/2022 07:54:26 PM,0.04,in,A
11/10/2022 07:49:24 PM,11/10/2022 07:49:55 PM,0.08,in,A
11/10/2022 07:41:31 PM,11/10/2022 07:41:56 PM,0.04,in,A
11/10/2022 07:37:38 PM,11/10/2022 07:37:55 PM,0.04,in,A
11/10/2022 07:30:47 PM,11/10/2022 07:30:55 PM,0.04,in,A
11/10/2022 07:05:32 PM,11/10/2022 07:05:55 PM,0.04,in,A
11/10/2022 06:48:30 PM,11/10/2022 06:48:55 PM,0.04,in,A
11/10/2022 05:50:03 PM,11/10/2022 05:50:25 PM,0.04,in,A
11/10/2022 04:49:29 PM,11/10/2022 04:49:55 PM,0.04,in,A
11/10/2022 01:21:30 PM,11/10/2022 01:21:55 PM,0.04,in,A
11/10/2022 09:21:29 AM,11/10/2022 09:21:55 AM,0.00,in,A
11/09/2022 09:21:29 PM,11/09/2022 09:21:55 PM,0.00,in,A
11/09/2022 09:21:28 AM,11/09/2022 09:21:55 AM,0.00,in,A
11/08/2022 09:21:28 PM,11/08/2022 09:21:55 PM,0.00,in,A
11/08/2022 09:21:27 AM,11/08/2022 09:21:55 AM,0.00,in,A
11/07/2022 09:21:27 PM,11/07/2022 09:21:55 PM,0.00,in,A
11/07/2022 09:21:26 AM,11/07/2022 09:21:55 AM,0.00,in,A
11/06/2022 09:21:25 PM,11/06/2022 09:21:55 PM,0.00,in,A
11/06/2022 09:21:25 AM,11/06/2022 09:21:55 AM,0.00,in,A
11/05/2022 10:21:24 PM,11/05/2022 10:21:55 PM,0.00,in,A
11/05/2022 10:21:23 AM,11/05/2022 10:21:25 AM,0.00,in,A
11/05/2022 08:30:33 AM,11/05/2022 08:30:55 AM,0.04,in,A
11/05/2022 07:42:38 AM,11/05/2022 07:42:55 AM,0.04,in,A
11/05/2022 07:27:32 AM,11/05/2022 07:28:42 AM,0.04,in,A
11/05/2022 06:31:54 AM,11/05/2022 06:32:25 AM,0.04,in,A
11/05/2022 02:54:32 AM,11/05/2022 02:54:55 AM,0.04,in,A
11/05/2022 02:23:27 AM,11/05/2022 02:23:55 AM,0.04,in,A
11/04/2022 10:21:23 PM,11/04/2022 10:21:26 PM,0.00,in,A
11/04/2022 09:42:55 PM,11/04/2022 09:47:31 PM,0.04,in,A
11/04/2022 09:37:36 PM,11/04/2022 09:37:55 PM,0.04,in,A
11/04/2022 09:30:46 PM,11/04/2022 09:30:55 PM,0.04,in,A
11/04/2022 09:15:19 PM,11/04/2022 09:20:24 PM,0.08,in,A
11/04/2022 08:55:51 PM,11/04/2022 08:55:55 PM,0.04,in,A
11/04/2022 08:48:56 PM,11/04/2022 08:54:37 PM,0.04,in,A
11/04/2022 08:41:58 PM,11/04/2022 08:42:25 PM,0.04,in,A
11/04/2022 08:33:34 PM,11/04/2022 08:33:55 PM,0.08,in,A
11/04/2022 08:21:57 PM,11/04/2022 08:22:25 PM,0.04,in,A
11/04/2022 08:15:07 PM,11/04/2022 08:15:25 PM,0.08,in,A
11/04/2022 07:57:26 PM,11/04/2022 08:01:09 PM,0.04,in,A
11/04/2022 07:50:22 PM,11/04/2022 08:00:41 PM,0.12,in,A
11/04/2022 07:25:32 PM,11/04/2022 07:31:35 PM,0.04,in,A
11/04/2022 07:18:42 PM,11/04/2022 07:25:58 PM,0.04,in,A
11/04/2022 07:11:45 PM,11/04/2022 07:25:31 PM,0.08,in,A
11/04/2022 06:57:30 PM,11/04/2022 06:57:55 PM,0.04,in,A
11/04/2022 06:49:18 PM,11/04/2022 06:49:25 PM,0.04,in,A
11/04/2022 06:40:34 PM,11/04/2022 06:42:32 PM,0.04,in,A
11/04/2022 06:33:41 PM,11/04/2022 06:33:55 PM,0.04,in,A
11/04/2022 06:26:36 PM,11/04/2022 06:26:55 PM,0.04,in,A
11/04/2022 06:19:26 PM,11/04/2022 06:19:55 PM,0.04,in,A
11/04/2022 06:12:00 PM,11/04/2022 06:15:31 PM,0.04,in,A
11/04/2022 06:03:07 PM,11/04/2022 06:03:25 PM,0.04,in,A
11/04/2022 05:53:29 PM,11/04/2022 05:53:55 PM,0.04,in,A
11/04/2022 05:43:27 PM,11/04/2022 05:43:55 PM,0.04,in,A
11/04/2022 05:33:10 PM,11/04/2022 05:35:25 PM,0.04,in,A
11/04/2022 05:19:11 PM,11/04/2022 05:21:28 PM,0.04,in,A
11/04/2022 05:12:45 PM,11/04/2022 05:12:56 PM,0.04,in,A
11/04/2022 05:05:57 PM,11/04/2022 05:06:25 PM,0.04,in,A
11/04/2022 05:01:22 PM,11/04/2022 05:01:26 PM,0.04,in,A
11/04/2022 04:54:40 PM,11/04/2022 04:54:56 PM,0.04,in,A
11/04/2022 04:49:16 PM,11/04/2022 04:53:56 PM,0.04,in,A
11/04/2022 04:47:33 PM,11/04/2022 04:47:56 PM,0.04,in,A
11/04/2022 04:46:09 PM,11/04/2022 04:46:26 PM,0.04,in,A
11/04/2022 04:43:05 PM,11/04/2022 04:43:25 PM,0.04,in,A
11/04/2022 04:40:27 PM,11/04/2022 04:40:56 PM,0.04,in,A
11/04/2022 04:36:14 PM,11/04/2022 04:36:26 PM,0.04,in,A
11/04/2022 04:33:39 PM,11/04/2022 04:33:55 PM,0.04,in,A
11/04/2022 04:30:40 PM,11/04/2022 04:30:56 PM,0.04,in,A
11/04/2022 04:24:53 PM,11/04/2022 04:27:22 PM,0.04,in,A
11/04/2022 04:20:43 PM,11/04/2022 04:26:55 PM,0.04,in,A
11/04/2022 04:19:08 PM,11/04/2022 04:26:48 PM,0.04,in,A
11/04/2022 04:17:42 PM,11/04/2022 04:26:42 PM,0.04,in,A
11/04/2022 04:13:45 PM,11/04/2022 04:20:27 PM,0.04,in,A
11/04/2022 04:09:31 PM,11/04/2022 04:19:53 PM,0.04,in,A
11/04/2022 04:07:46 PM,11/04/2022 04:14:16 PM,0.04,in,A
11/04/2022 04:04:43 PM,11/04/2022 04:13:57 PM,0.04,in,A
11/04/2022 03:38:41 PM,11/04/2022 03:39:25 PM,0.04,in,A
11/04/2022 03:24:03 PM,11/04/2022 03:24:25 PM,0.04,in,A
11/04/2022 03:15:38 PM,11/04/2022 03:15:55 PM,0.04,in,A
11/04/2022 02:34:24 PM,11/04/2022 02:34:55 PM,0.04,in,A
11/04/2022 02:26:22 PM,11/04/2022 02:26:25 PM,0.04,in,A
11/04/2022 01:47:39 PM,11/04/2022 01:47:55 PM,0.04,in,A
11/04/2022 01:41:22 PM,11/04/2022 01:41:26 PM,0.08,in,A
11/04/2022 01:34:56 PM,11/04/2022 01:35:26 PM,0.04,in,A
11/04/2022 01:32:25 PM,11/04/2022 01:32:56 PM,0.04,in,A
11/04/2022 01:16:57 PM,11/04/2022 01:17:25 PM,0.04,in,A
11/04/2022 12:48:29 PM,11/04/2022 12:48:55 PM,0.04,in,A
11/04/2022 12:45:18 PM,11/04/2022 12:45:25 PM,0.04,in,A
11/04/2022 12:20:22 PM,11/04/2022 12:20:25 PM,0.04,in,A
11/04/2022 10:53:53 AM,11/04/2022 10:53:55 AM,0.04,in,A
11/04/2022 10:21:22 AM,11/04/2022 10:21:25 AM,0.00,in,A
11/03/2022 10:21:22 PM,11/03/2022 10:21:25 PM,0.00,in,A
11/03/2022 10:21:21 AM,11/03/2022 10:21:25 AM,0.00,in,A
11/02/2022 10:21:21 PM,11/02/2022 10:21:25 PM,0.00,in,A
11/02/2022 10:21:20 AM,11/02/2022 10:21:25 AM,0.00,in,A
11/01/2022 10:21:20 PM,11/01/2022 10:21:25 PM,0.00,in,A
11/01/2022 10:21:19 AM,11/01/2022 10:21:25 AM,0.00,in,A
10/31/2022 10:21:18 PM,10/31/2022 10:21:25 PM,0.00,in,A
10/31/2022 10:21:18 AM,10/31/2022 10:21:25 AM,0.00,in,A
10/30/2022 10:21:17 PM,10/30/2022 10:21:25 PM,0.00,in,A
10/30/2022 10:21:17 AM,10/30/2022 10:21:25 AM,0.00,in,A
10/29/2022 10:21:16 PM,10/29/2022 10:21:25 PM,0.00,in,A
10/29/2022 10:21:16 AM,10/29/2022 10:21:25 AM,0.00,in,A
10/28/2022 10:21:15 PM,10/28/2022 10:21:25 PM,0.00,in,A
10/28/2022 10:21:14 AM,10/28/2022 10:21:25 AM,0.00,in,A
10/27/2022 10:21:14 PM,10/27/2022 10:21:25 PM,0.00,in,A
10/27/2022 10:21:13 AM,10/27/2022 10:21:25 AM,0.00,in,A
10/26/2022 10:21:12 PM,10/26/2022 10:21:25 PM,0.00,in,A
10/26/2022 10:21:12 AM,10/26/2022 10:21:25 AM,0.00,in,A
10/25/2022 10:21:11 PM,10/25/2022 10:21:25 PM,0.00,in,A
10/25/2022 10:21:10 AM,10/25/2022 10:21:25 AM,0.00,in,A
10/24/2022 10:21:10 PM,10/24/2022 10:21:25 PM,0.00,in,A
10/24/2022 05:35:11 PM,10/24/2022 05:35:25 PM,0.04,in,A
10/24/2022 05:12:21 PM,10/24/2022 05:12:25 PM,0.04,in,A
10/24/2022 04:32:59 PM,10/24/2022 04:33:25 PM,0.04,in,A
10/24/2022 03:53:44 PM,10/24/2022 03:53:55 PM,0.04,in,A
10/24/2022 03:30:15 PM,10/24/2022 03:30:25 PM,0.04,in,A
10/24/2022 03:10:49 PM,10/24/2022 03:10:55 PM,0.04,in,A
10/24/2022 02:50:59 PM,10/24/2022 02:51:25 PM,0.04,in,A
10/24/2022 02:28:27 PM,10/24/2022 02:28:55 PM,0.04,in,A
10/24/2022 02:05:45 PM,10/24/2022 02:08:56 PM,0.04,in,A
10/24/2022 01:47:21 PM,10/24/2022 01:50:43 PM,0.04,in,A
10/24/2022 01:17:58 PM,10/24/2022 01:18:25 PM,0.08,in,A
10/24/2022 12:09:34 PM,10/24/2022 12:12:34 PM,0.08,in,A
10/24/2022 11:46:00 AM,10/24/2022 11:46:45 AM,0.04,in,A
10/24/2022 11:43:12 AM,10/24/2022 11:46:21 AM,0.04,in,A
10/24/2022 11:39:21 AM,10/24/2022 11:39:25 AM,0.04,in,A
10/24/2022 11:34:34 AM,10/24/2022 11:34:55 AM,0.04,in,A
10/24/2022 11:31:33 AM,10/24/2022 11:31:55 AM,0.04,in,A
10/24/2022 11:27:12 AM,10/24/2022 11:27:26 AM,0.04,in,A
10/24/2022 11:24:01 AM,10/24/2022 11:24:25 AM,0.04,in,A
10/24/2022 11:22:09 AM,10/24/2022 11:22:26 AM,0.04,in,A
10/24/2022 11:19:17 AM,10/24/2022 11:21:14 AM,0.04,in,A
10/24/2022 11:16:47 AM,10/24/2022 11:20:48 AM,0.04,in,A
10/24/2022 11:12:17 AM,10/24/2022 11:12:25 AM,0.04,in,A
10/24/2022 11:04:59 AM,10/24/2022 11:05:25 AM,0.08,in,A
10/24/2022 10:45:12 AM,10/24/2022 10:45:25 AM,0.04,in,A
10/24/2022 10:42:20 AM,10/24/2022 10:43:46 AM,0.04,in,A
10/24/2022 10:36:51 AM,10/24/2022 10:43:08 AM,0.04,in,A
10/24/2022 10:35:10 AM,10/24/2022 10:42:52 AM,0.04,in,A
10/24/2022 10:31:50 AM,10/24/2022 10:36:48 AM,0.04,in,A
10/24/2022 10:23:02 AM,10/24/2022 10:23:25 AM,0.04,in,A
10/24/2022 10:21:09 AM,10/24/2022 10:21:25 AM,0.00,in,A
10/24/2022 10:09:45 AM,10/24/2022 10:09:55 AM,0.04,in,A
10/24/2022 09:36:29 AM,10/24/2022 09:36:55 AM,0.04,in,A
10/23/2022 10:21:09 PM,10/23/2022 10:21:25 PM,0.00,in,A
10/23/2022 10:21:09 AM,10/23/2022 10:21:25 AM,0.00,in,A
10/22/2022 10:21:08 PM,10/22/2022 10:21:25 PM,0.00,in,A
10/22/2022 10:21:08 AM,10/22/2022 10:21:25 AM,0.00,in,A
10/21/2022 10:21:07 PM,10/21/2022 10:21:25 PM,0.00,in,A
10/21/2022 10:21:07 AM,10/21/2022 10:21:25 AM,0.00,in,A
10/20/2022 10:21:06 PM,10/20/2022 10:21:25 PM,0.00,in,A
10/20/2022 10:21:05 AM,10/20/2022 10:21:25 AM,0.00,in,A
10/19/2022 10:21:05 PM,10/19/2022 10:21:25 PM,0.00,in,A
10/19/2022 10:21:04 AM,10/19/2022 10:21:25 AM,0.00,in,A
10/18/2022 10:21:03 PM,10/18/2022 10:24:04 PM,0.00,in,A
10/18/2022 10:21:02 AM,10/18/2022 10:24:18 AM,0.00,in,A
10/17/2022 10:21:01 PM,10/17/2022 10:23:45 PM,0.00,in,A
10/17/2022 10:21:00 AM,10/17/2022 10:24:01 AM,0.00,in,A
10/16/2022 10:21:00 PM,10/16/2022 10:23:50 PM,0.00,in,A
10/16/2022 10:20:59 AM,10/16/2022 10:21:25 AM,0.00,in,A
10/15/2022 10:20:58 PM,10/15/2022 10:21:25 PM,0.00,in,A
10/15/2022 10:20:58 AM,10/15/2022 10:21:25 AM,0.00,in,A
10/14/2022 10:20:57 PM,10/14/2022 10:21:25 PM,0.00,in,A
10/14/2022 10:20:57 AM,10/14/2022 10:21:25 AM,0.00,in,A
10/13/2022 10:20:56 PM,10/13/2022 10:21:25 PM,0.00,in,A
10/13/2022 10:20:56 AM,10/13/2022 10:21:25 AM,0.00,in,A
10/12/2022 10:20:55 PM,10/12/2022 10:21:25 PM,0.00,in,AN
10/10/2022 10:20:53 PM,10/10/2022 10:20:55 PM,0.00,in,A
10/10/2022 10:20:53 AM,10/10/2022 10:20:55 AM,0.00,in,A
10/09/2022 10:20:52 PM,10/09/2022 10:20:55 PM,0.00,in,A
10/09/2022 10:20:52 AM,10/09/2022 10:20:55 AM,0.00,in,A
10/08/2022 10:20:51 PM,10/08/2022 10:20:55 PM,0.00,in,A
10/08/2022 10:20:51 AM,10/08/2022 10:20:55 AM,0.00,in,A
10/07/2022 10:20:50 PM,10/07/2022 10:20:55 PM,0.00,in,A
10/07/2022 10:20:49 AM,10/07/2022 10:20:55 AM,0.00,in,A
10/06/2022 10:20:49 PM,10/06/2022 10:20:55 PM,0.00,in,A
10/06/2022 10:20:48 AM,10/06/2022 10:20:55 AM,0.00,in,A
10/05/2022 10:20:48 PM,10/05/2022 10:20:55 PM,0.00,in,A
10/05/2022 10:20:47 AM,10/05/2022 10:20:55 AM,0.00,in,A
10/04/2022 10:20:47 PM,10/04/2022 10:20:55 PM,0.00,in,A
10/04/2022 10:20:47 AM,10/04/2022 10:20:55 AM,0.00,in,A
10/03/2022 10:20:46 PM,10/03/2022 10:20:55 PM,0.00,in,A
10/03/2022 10:20:46 AM,10/03/2022 10:20:55 AM,0.00,in,A
10/02/2022 10:20:45 PM,10/02/2022 10:20:55 PM,0.00,in,A
10/02/2022 10:20:45 AM,10/02/2022 10:20:55 AM,0.00,in,A
10/01/2022 10:20:44 PM,10/01/2022 10:20:55 PM,0.00,in,A
10/01/2022 10:20:44 AM,10/01/2022 10:20:55 AM,0.00,in,A
09/30/2022 10:20:43 PM,09/30/2022 10:20:55 PM,0.00,in,A
09/30/2022 10:20:43 AM,09/30/2022 10:20:55 AM,0.00,in,A
09/29/2022 10:20:42 PM,09/29/2022 10:20:55 PM,0.00,in,A
09/29/2022 10:20:42 AM,09/29/2022 10:20:55 AM,0.00,in,A
09/28/2022 10:20:41 PM,09/28/2022 10:20:55 PM,0.00,in,A
09/28/2022 10:20:41 AM,09/28/2022 10:20:55 AM,0.00,in,A
09/27/2022 10:20:40 PM,09/27/2022 10:20:55 PM,0.00,in,A
09/27/2022 10:20:40 AM,09/27/2022 10:20:55 AM,0.00,in,A
09/26/2022 10:20:39 PM,09/26/2022 10:20:55 PM,0.00,in,A
09/26/2022 10:20:39 AM,09/26/2022 10:20:55 AM,0.00,in,A
09/25/2022 10:20:38 PM,09/25/2022 10:20:55 PM,0.00,in,A
09/25/2022 10:20:38 AM,09/25/2022 10:20:55 AM,0.00,in,A
09/24/2022 10:20:37 PM,09/24/2022 10:20:55 PM,0.00,in,A
09/24/2022 10:20:37 AM,09/24/2022 10:20:55 AM,0.00,in,A
09/23/2022 10:20:36 PM,09/23/2022 10:20:55 PM,0.00,in,A
09/23/2022 01:17:44 PM,09/23/2022 01:17:55 PM,0.04,in,A
09/23/2022 11:09:36 AM,09/23/2022 11:09:55 AM,0.04,in,A
09/23/2022 10:20:36 AM,09/23/2022 10:20:55 AM,0.00,in,A
09/23/2022 08:38:31 AM,09/23/2022 08:38:55 AM,0.04,in,A
09/23/2022 07:34:13 AM,09/23/2022 07:34:25 AM,0.04,in,A
09/23/2022 06:53:59 AM,09/23/2022 06:54:25 AM,0.04,in,A
09/22/2022 10:20:35 PM,09/22/2022 10:20:55 PM,0.00,in,A
09/22/2022 10:20:35 AM,09/22/2022 10:20:55 AM,0.00,in,A
09/22/2022 04:33:49 AM,09/22/2022 04:33:55 AM,0.04,in,A
09/22/2022 03:29:16 AM,09/22/2022 03:29:25 AM,0.04,in,A
09/21/2022 11:51:49 PM,09/21/2022 11:51:55 PM,0.04,in,A
09/21/2022 10:20:35 PM,09/21/2022 10:20:55 PM,0.00,in,A
09/21/2022 09:39:08 PM,09/21/2022 09:41:38 PM,0.04,in,A
09/21/2022 10:20:34 AM,09/21/2022 10:20:55 AM,0.00,in,A
09/20/2022 10:20:34 PM,09/20/2022 10:20:55 PM,0.00,in,A
09/20/2022 10:20:33 AM,09/20/2022 10:20:55 AM,0.00,in,A
09/19/2022 10:20:33 PM,09/19/2022 10:20:55 PM,0.00,in,A
09/19/2022 10:20:32 AM,09/19/2022 10:20:55 AM,0.00,in,A
09/18/2022 10:20:32 PM,09/18/2022 10:20:55 PM,0.00,in,A
09/18/2022 10:20:32 AM,09/18/2022 10:23:28 AM,0.00,in,A
09/17/2022 10:20:31 PM,09/17/2022 10:20:55 PM,0.00,in,A
09/17/2022 10:20:31 AM,09/17/2022 10:20:55 AM,0.00,in,A
09/16/2022 10:20:30 PM,09/16/2022 10:20:55 PM,0.00,in,A
09/16/2022 10:20:30 AM,09/16/2022 10:20:55 AM,0.00,in,A
09/15/2022 10:20:30 PM,09/15/2022 10:20:55 PM,0.00,in,A
09/15/2022 10:20:29 AM,09/15/2022 10:20:55 AM,0.00,in,A
09/14/2022 10:20:29 PM,09/14/2022 10:20:55 PM,0.00,in,A
09/14/2022 10:20:28 AM,09/14/2022 10:20:55 AM,0.00,in,A
09/13/2022 10:20:28 PM,09/13/2022 10:20:55 PM,0.00,in,A
09/13/2022 10:20:27 AM,09/13/2022 10:20:55 AM,0.00,in,A
09/12/2022 10:20:27 PM,09/12/2022 10:20:55 PM,0.00,in,A
09/12/2022 10:20:27 AM,09/12/2022 10:20:55 AM,0.00,in,A
09/11/2022 10:20:26 AM,09/11/2022 10:20:55 AM,0.00,in,A
09/11/2022 12:21:38 AM,09/11/2022 12:21:55 AM,0.04,in,A
09/10/2022 11:55:33 PM,09/10/2022 11:55:55 PM,0.04,in,A
09/10/2022 11:45:05 PM,09/10/2022 11:45:25 PM,0.04,in,A
09/10/2022 11:34:28 PM,09/10/2022 11:34:55 PM,0.04,in,A
09/10/2022 10:20:25 PM,09/10/2022 10:20:55 PM,0.00,in,A
09/10/2022 08:03:40 PM,09/10/2022 08:03:55 PM,0.04,in,A
09/10/2022 07:45:06 PM,09/10/2022 07:45:25 PM,0.04,in,A
09/10/2022 04:53:31 PM,09/10/2022 04:53:55 PM,0.04,in,A
09/10/2022 10:20:25 AM,09/10/2022 10:20:55 AM,0.00,in,A
09/09/2022 10:20:24 AM,09/09/2022 10:20:55 AM,0.00,in,A
09/08/2022 10:20:23 PM,09/08/2022 10:20:55 PM,0.00,in,A
09/08/2022 10:20:23 AM,09/08/2022 10:20:25 AM,0.00,in,A
09/07/2022 10:20:23 PM,09/07/2022 10:20:25 PM,0.00,in,A
09/07/2022 10:20:22 AM,09/07/2022 10:20:25 AM,0.00,in,A
09/06/2022 10:20:22 PM,09/06/2022 10:20:25 PM,0.00,in,A
09/06/2022 10:20:21 AM,09/06/2022 10:20:25 AM,0.00,in,A
09/05/2022 10:20:21 PM,09/05/2022 10:20:25 PM,0.00,in,A
09/05/2022 10:20:21 AM,09/05/2022 10:20:25 AM,0.00,in,A
09/04/2022 10:20:20 PM,09/04/2022 10:20:25 PM,0.00,in,A
09/04/2022 10:20:20 AM,09/04/2022 10:20:25 AM,0.00,in,A
09/03/2022 10:20:19 PM,09/03/2022 10:23:47 PM,0.00,in,A
09/03/2022 10:20:19 AM,09/03/2022 10:20:25 AM,0.00,in,A
09/02/2022 10:20:18 PM,09/02/2022 10:20:25 PM,0.00,in,A
09/02/2022 10:20:18 AM,09/02/2022 10:20:25 AM,0.00,in,A
09/01/2022 10:20:18 PM,09/01/2022 10:20:25 PM,0.00,in,A
09/01/2022 10:20:17 AM,09/01/2022 10:20:25 AM,0.00,in,A
08/31/2022 10:20:17 PM,08/31/2022 10:20:25 PM,0.00,in,A
08/31/2022 10:20:16 AM,08/31/2022 10:20:25 AM,0.00,in,A
08/30/2022 10:20:16 PM,08/30/2022 10:20:25 PM,0.00,in,A
08/30/2022 10:20:16 AM,08/30/2022 10:20:25 AM,0.00,in,A
08/29/2022 10:20:15 PM,08/29/2022 10:20:25 PM,0.00,in,A
08/29/2022 04:21:03 PM,08/29/2022 04:21:38 PM,0.04,in,A
08/29/2022 04:16:55 PM,08/29/2022 04:21:27 PM,0.04,in,A
08/29/2022 04:15:55 PM,08/29/2022 04:16:25 PM,0.04,in,A
08/29/2022 04:14:55 PM,08/29/2022 04:15:25 PM,0.04,in,A
08/29/2022 04:13:55 PM,08/29/2022 04:14:25 PM,0.04,in,A
08/29/2022 04:12:55 PM,08/29/2022 04:13:25 PM,0.08,in,A
08/29/2022 04:12:06 PM,08/29/2022 04:12:25 PM,0.04,in,A
08/29/2022 04:11:06 PM,08/29/2022 04:11:25 PM,0.04,in,A
08/29/2022 04:10:06 PM,08/29/2022 04:10:25 PM,0.04,in,A
08/29/2022 04:09:06 PM,08/29/2022 04:09:25 PM,0.04,in,A
08/29/2022 04:07:55 PM,08/29/2022 04:08:25 PM,0.04,in,A
08/29/2022 04:05:11 PM,08/29/2022 04:05:25 PM,0.04,in,A
08/29/2022 04:02:55 PM,08/29/2022 04:03:25 PM,0.04,in,A
08/29/2022 04:00:29 PM,08/29/2022 04:00:55 PM,0.04,in,A
08/29/2022 03:58:40 PM,08/29/2022 03:58:55 PM,0.04,in,A
08/29/2022 03:56:42 PM,08/29/2022 03:56:55 PM,0.04,in,A
08/29/2022 03:54:58 PM,08/29/2022 03:55:25 PM,0.04,in,A
08/29/2022 03:53:22 PM,08/29/2022 03:53:25 PM,0.04,in,A
08/29/2022 03:49:26 PM,08/29/2022 03:49:55 PM,0.04,in,A
08/29/2022 03:45:55 PM,08/29/2022 03:46:25 PM,0.04,in,A
08/29/2022 03:39:35 PM,08/29/2022 03:39:55 PM,0.04,in,A
08/29/2022 03:20:32 PM,08/29/2022 03:20:55 PM,0.04,in,A
08/29/2022 03:13:15 PM,08/29/2022 03:13:25 PM,0.04,in,A
08/29/2022 10:20:15 AM,08/29/2022 10:20:25 AM,0.00,in,A
08/28/2022 10:20:14 PM,08/28/2022 10:20:25 PM,0.00,in,A
08/28/2022 10:20:14 AM,08/28/2022 10:20:25 AM,0.00,in,A
08/28/2022 05:34:39 AM,08/28/2022 05:36:04 AM,0.04,in,A
08/28/2022 05:20:14 AM,08/28/2022 05:20:25 AM,0.04,in,A
08/28/2022 05:12:35 AM,08/28/2022 05:12:55 AM,0.04,in,A
08/28/2022 05:03:58 AM,08/28/2022 05:04:25 AM,0.04,in,A
08/28/2022 04:55:56 AM,08/28/2022 04:56:33 AM,0.04,in,A
08/28/2022 04:42:45 AM,08/28/2022 04:42:55 AM,0.04,in,A
08/28/2022 04:30:14 AM,08/28/2022 04:31:05 AM,0.04,in,A
08/28/2022 04:22:00 AM,08/28/2022 04:30:40 AM,0.04,in,A
08/28/2022 04:00:25 AM,08/28/2022 04:00:55 AM,0.04,in,A
08/27/2022 10:20:14 PM,08/27/2022 10:20:25 PM,0.00,in,A
08/27/2022 10:20:13 AM,08/27/2022 10:20:25 AM,0.00,in,A
08/26/2022 10:20:13 PM,08/26/2022 10:20:25 PM,0.00,in,A
08/26/2022 10:20:12 AM,08/26/2022 10:20:25 AM,0.00,in,A
08/25/2022 10:20:12 PM,08/25/2022 10:20:25 PM,0.00,in,A
08/25/2022 10:20:11 AM,08/25/2022 10:20:25 AM,0.00,in,A
08/24/2022 10:20:11 PM,08/24/2022 10:20:25 PM,0.00,in,A
08/24/2022 10:20:11 AM,08/24/2022 10:20:25 AM,0.00,in,A
08/23/2022 10:20:10 PM,08/23/2022 10:20:25 PM,0.00,in,A
08/23/2022 10:20:10 AM,08/23/2022 10:20:25 AM,0.00,in,A
08/22/2022 10:20:09 PM,08/22/2022 10:20:25 PM,0.00,in,A
08/22/2022 10:20:09 AM,08/22/2022 10:20:25 AM,0.00,in,A
08/21/2022 10:20:08 PM,08/21/2022 10:20:25 PM,0.00,in,A
08/21/2022 10:20:08 AM,08/21/2022 10:22:35 AM,0.00,in,A
08/20/2022 10:20:08 PM,08/20/2022 10:22:58 PM,0.00,in,A
08/20/2022 10:20:07 AM,08/20/2022 10:20:25 AM,0.00,in,A
08/19/2022 10:20:07 PM,08/19/2022 10:20:25 PM,0.00,in,A
08/19/2022 09:50:39 PM,08/19/2022 09:50:55 PM,0.04,in,A
08/19/2022 12:02:56 PM,08/19/2022 12:03:25 PM,0.04,in,A
08/19/2022 11:07:16 AM,08/19/2022 11:07:25 AM,0.04,in,A
08/19/2022 10:46:31 AM,08/19/2022 10:50:49 AM,0.04,in,A
08/19/2022 10:41:24 AM,08/19/2022 10:41:55 AM,0.04,in,A
08/19/2022 10:20:06 AM,08/19/2022 10:20:25 AM,0.00,in,A
08/18/2022 10:20:06 PM,08/18/2022 10:20:25 PM,0.00,in,A
08/18/2022 10:20:06 AM,08/18/2022 10:20:25 AM,0.00,in,A
08/17/2022 10:20:05 PM,08/17/2022 10:20:25 PM,0.00,in,A
08/17/2022 10:20:05 AM,08/17/2022 10:21:39 AM,0.00,in,A
08/16/2022 10:20:04 PM,08/16/2022 10:20:25 PM,0.00,in,A
08/16/2022 11:08:40 AM,08/16/2022 11:08:55 AM,0.04,in,A
08/16/2022 10:50:29 AM,08/16/2022 10:50:55 AM,0.04,in,A
08/16/2022 10:42:33 AM,08/16/2022 10:42:55 AM,0.04,in,A
08/16/2022 10:34:48 AM,08/16/2022 10:40:13 AM,0.04,in,A
08/16/2022 10:25:50 AM,08/16/2022 10:28:36 AM,0.04,in,A
08/16/2022 10:20:04 AM,08/16/2022 10:20:25 AM,0.00,in,A
08/16/2022 10:09:42 AM,08/16/2022 10:09:55 AM,0.04,in,A
08/16/2022 10:02:55 AM,08/16/2022 10:07:00 AM,0.04,in,A
08/16/2022 09:53:00 AM,08/16/2022 09:56:19 AM,0.04,in,A
08/16/2022 09:44:50 AM,08/16/2022 09:44:55 AM,0.04,in,A
08/16/2022 09:31:44 AM,08/16/2022 09:31:55 AM,0.04,in,A
08/16/2022 09:29:24 AM,08/16/2022 09:29:55 AM,0.04,in,A
08/16/2022 08:24:06 AM,08/16/2022 08:24:25 AM,0.04,in,A
08/16/2022 08:11:47 AM,08/16/2022 08:11:55 AM,0.04,in,A
08/16/2022 08:00:54 AM,08/16/2022 08:01:25 AM,0.04,in,A
08/16/2022 07:46:34 AM,08/16/2022 07:46:55 AM,0.04,in,A
08/16/2022 07:41:46 AM,08/16/2022 07:41:55 AM,0.04,in,A
08/16/2022 07:39:47 AM,08/16/2022 07:39:55 AM,0.04,in,A
08/16/2022 07:36:30 AM,08/16/2022 07:37:26 AM,0.04,in,A
08/16/2022 07:30:38 AM,08/16/2022 07:33:07 AM,0.04,in,A
08/16/2022 07:23:08 AM,08/16/2022 07:23:25 AM,0.04,in,A
08/16/2022 07:19:52 AM,08/16/2022 07:19:55 AM,0.04,in,A
08/16/2022 07:06:34 AM,08/16/2022 07:14:31 AM,0.04,in,A
08/16/2022 07:01:56 AM,08/16/2022 07:06:38 AM,0.04,in,A
08/16/2022 06:54:51 AM,08/16/2022 06:54:55 AM,0.04,in,A
08/16/2022 06:51:04 AM,08/16/2022 06:51:45 AM,0.04,in,A
08/16/2022 06:48:58 AM,08/16/2022 06:51:29 AM,0.04,in,A
08/16/2022 06:47:50 AM,08/16/2022 06:51:22 AM,0.04,in,A
08/16/2022 06:46:28 AM,08/16/2022 06:51:17 AM,0.04,in,A
08/16/2022 06:43:40 AM,08/16/2022 06:50:59 AM,0.08,in,A
08/16/2022 06:38:25 AM,08/16/2022 06:46:49 AM,0.04,in,A
08/16/2022 06:29:20 AM,08/16/2022 06:38:08 AM,0.04,in,A
08/16/2022 06:21:48 AM,08/16/2022 06:21:55 AM,0.04,in,A
08/16/2022 06:19:36 AM,08/16/2022 06:19:55 AM,0.04,in,A
08/16/2022 06:18:09 AM,08/16/2022 06:18:25 AM,0.04,in,A
08/16/2022 06:15:55 AM,08/16/2022 06:16:25 AM,0.04,in,A
08/16/2022 06:03:53 AM,08/16/2022 06:03:55 AM,0.08,in,A
08/16/2022 05:56:26 AM,08/16/2022 05:56:55 AM,0.04,in,A
08/16/2022 05:54:12 AM,08/16/2022 05:54:25 AM,0.04,in,A
08/16/2022 05:52:12 AM,08/16/2022 05:52:25 AM,0.04,in,A
08/15/2022 10:20:03 PM,08/15/2022 10:20:25 PM,0.00,in,A
08/15/2022 10:20:03 AM,08/15/2022 10:20:25 AM,0.00,in,A
08/14/2022 10:20:03 PM,08/14/2022 10:20:25 PM,0.00,in,A
08/14/2022 10:20:02 AM,08/14/2022 10:20:25 AM,0.00,in,A
08/13/2022 10:20:02 PM,08/13/2022 10:20:25 PM,0.00,in,A
08/13/2022 10:20:01 AM,08/13/2022 10:20:25 AM,0.00,in,A
08/12/2022 10:20:01 PM,08/12/2022 10:20:25 PM,0.00,in,A
08/12/2022 10:20:00 AM,08/12/2022 10:20:25 AM,0.00,in,A
08/11/2022 10:20:00 PM,08/11/2022 10:20:25 PM,0.00,in,A
08/11/2022 10:19:59 AM,08/11/2022 10:20:25 AM,0.00,in,A
08/10/2022 10:19:59 PM,08/10/2022 10:20:25 PM,0.00,in,A
08/10/2022 10:19:59 AM,08/10/2022 10:20:25 AM,0.00,in,A
08/09/2022 10:19:58 PM,08/09/2022 10:20:25 PM,0.00,in,A
08/09/2022 10:19:58 AM,08/09/2022 10:20:25 AM,0.00,in,A
08/08/2022 10:19:57 PM,08/08/2022 10:20:25 PM,0.00,in,A
08/08/2022 10:19:57 AM,08/08/2022 10:20:25 AM,0.00,in,A
08/07/2022 10:19:57 PM,08/07/2022 10:20:25 PM,0.00,in,A
08/07/2022 10:19:56 AM,08/07/2022 10:20:25 AM,0.00,in,A
08/06/2022 10:19:56 PM,08/06/2022 10:20:25 PM,0.00,in,A
08/05/2022 10:19:55 PM,08/05/2022 10:20:25 PM,0.00,in,A
08/05/2022 10:19:54 AM,08/05/2022 10:20:25 AM,0.00,in,A
08/04/2022 10:19:54 PM,08/04/2022 10:20:25 PM,0.00,in,A
08/04/2022 10:19:53 AM,08/04/2022 10:20:25 AM,0.00,in,A
08/03/2022 10:19:53 PM,08/03/2022 10:19:55 PM,0.00,in,A
08/03/2022 03:48:14 PM,08/03/2022 03:48:25 PM,0.04,in,A
08/03/2022 03:36:20 PM,08/03/2022 03:39:30 PM,0.04,in,A
08/03/2022 03:25:48 PM,08/03/2022 03:25:55 PM,0.04,in,A
08/03/2022 03:24:09 PM,08/03/2022 03:24:25 PM,0.04,in,A
08/03/2022 03:21:39 PM,08/03/2022 03:21:55 PM,0.04,in,A
08/03/2022 12:41:35 PM,08/03/2022 12:41:55 PM,0.04,in,A
08/03/2022 12:15:18 PM,08/03/2022 12:15:25 PM,0.04,in,A
08/03/2022 10:19:53 AM,08/03/2022 10:19:55 AM,0.00,in,A
08/02/2022 10:19:52 PM,08/02/2022 10:19:55 PM,0.00,in,A
08/02/2022 10:19:52 AM,08/02/2022 10:19:55 AM,0.00,in,A
08/01/2022 10:19:51 PM,08/01/2022 10:19:55 PM,0.00,in,A
08/01/2022 10:19:51 AM,08/01/2022 10:19:55 AM,0.00,in,A
07/31/2022 10:19:50 PM,07/31/2022 10:19:55 PM,0.00,in,A
07/31/2022 10:19:50 AM,07/31/2022 10:19:55 AM,0.00,in,A
07/30/2022 10:19:49 PM,07/30/2022 10:19:55 PM,0.00,in,A
07/30/2022 10:19:49 AM,07/30/2022 10:19:55 AM,0.00,in,A
07/29/2022 10:19:49 PM,07/29/2022 10:19:55 PM,0.00,in,A
07/29/2022 10:19:48 AM,07/29/2022 10:19:55 AM,0.00,in,A
07/28/2022 10:19:48 PM,07/28/2022 10:19:55 PM,0.00,in,A
07/28/2022 10:48:34 AM,07/28/2022 12:26:11 PM,0.04,in,A
07/28/2022 10:26:13 AM,07/28/2022 12:26:11 PM,0.04,in,A
07/28/2022 10:19:47 AM,07/28/2022 12:26:11 PM,0.00,in,A
07/28/2022 10:10:23 AM,07/28/2022 12:26:11 PM,0.04,in,A
07/28/2022 09:49:56 AM,07/28/2022 12:26:11 PM,0.04,in,A
07/28/2022 09:30:35 AM,07/28/2022 12:26:11 PM,0.04,in,A
07/28/2022 09:09:00 AM,07/28/2022 12:26:11 PM,0.04,in,A
07/27/2022 10:19:47 PM,07/28/2022 12:26:11 PM,0.00,in,A
07/27/2022 10:19:47 AM,07/28/2022 12:26:11 PM,0.00,in,A
07/27/2022 09:12:39 AM,07/28/2022 12:26:11 PM,0.04,in,A
07/27/2022 09:00:09 AM,07/28/2022 12:26:11 PM,0.04,in,A
07/27/2022 04:35:27 AM,07/28/2022 12:26:11 PM,0.04,in,A
07/27/2022 04:18:16 AM,07/28/2022 12:26:11 PM,0.04,in,A
07/27/2022 03:58:17 AM,07/28/2022 12:26:11 PM,0.04,in,A
07/27/2022 02:03:41 AM,07/28/2022 12:26:11 PM,0.04,in,A
07/27/2022 01:44:39 AM,07/28/2022 12:26:11 PM,0.04,in,A
07/27/2022 01:22:21 AM,07/28/2022 12:26:11 PM,0.04,in,A
07/27/2022 01:03:17 AM,07/28/2022 12:26:11 PM,0.04,in,A
07/27/2022 12:41:46 AM,07/28/2022 12:26:11 PM,0.04,in,A
07/27/2022 12:31:59 AM,07/28/2022 12:26:11 PM,0.08,in,A
07/27/2022 12:07:14 AM,07/28/2022 12:26:11 PM,0.04,in,A
07/26/2022 11:51:57 PM,07/28/2022 12:26:11 PM,0.04,in,A
07/26/2022 11:48:38 PM,07/28/2022 12:26:11 PM,0.08,in,A
07/26/2022 10:19:46 PM,07/28/2022 12:26:11 PM,0.00,in,A
07/26/2022 10:19:46 AM,07/28/2022 12:26:11 PM,0.00,in,A
07/26/2022 05:42:04 AM,07/28/2022 12:26:11 PM,0.04,in,A
07/25/2022 10:19:45 PM,07/28/2022 12:26:11 PM,0.00,in,A
07/25/2022 10:08:00 AM,07/28/2022 12:26:11 PM,0.04,in,A
07/25/2022 09:50:09 AM,07/28/2022 12:26:11 PM,0.04,in,A
07/25/2022 09:21:58 AM,07/28/2022 12:26:11 PM,0.04,in,A
07/25/2022 08:56:08 AM,07/28/2022 12:26:11 PM,0.04,in,A
07/25/2022 08:15:08 AM,07/28/2022 12:26:11 PM,0.04,in,A
07/25/2022 08:02:25 AM,07/28/2022 12:26:11 PM,0.04,in,A
07/25/2022 07:48:58 AM,07/28/2022 12:26:11 PM,0.04,in,A
07/25/2022 07:39:07 AM,07/28/2022 12:26:11 PM,0.04,in,A
07/25/2022 07:25:08 AM,07/28/2022 12:26:11 PM,0.04,in,A
07/25/2022 07:02:36 AM,07/28/2022 12:26:11 PM,0.04,in,A
07/25/2022 06:42:28 AM,07/28/2022 12:26:11 PM,0.04,in,A
07/25/2022 06:29:48 AM,07/28/2022 12:26:11 PM,0.04,in,A
07/25/2022 06:10:32 AM,07/28/2022 12:26:11 PM,0.04,in,A
07/25/2022 05:57:21 AM,07/28/2022 12:26:11 PM,0.04,in,A
07/25/2022 05:46:25 AM,07/28/2022 12:26:11 PM,0.04,in,A
07/25/2022 05:27:14 AM,07/28/2022 12:26:11 PM,0.04,in,A
07/25/2022 05:12:52 AM,07/28/2022 12:26:11 PM,0.04,in,A
07/25/2022 04:57:54 AM,07/28/2022 12:26:11 PM,0.04,in,A
07/25/2022 04:21:23 AM,07/28/2022 12:26:11 PM,0.04,in,A
07/25/2022 03:42:55 AM,07/28/2022 12:26:11 PM,0.04,in,A
07/25/2022 03:31:24 AM,07/28/2022 12:26:11 PM,0.04,in,A
07/25/2022 03:22:21 AM,07/28/2022 12:26:11 PM,0.04,in,A
07/25/2022 02:39:03 AM,07/28/2022 12:26:11 PM,0.04,in,A
07/24/2022 10:19:45 PM,07/28/2022 12:26:11 PM,0.00,in,A
07/24/2022 10:19:44 AM,07/28/2022 12:26:11 PM,0.00,in,A
07/23/2022 10:19:44 PM,07/28/2022 12:26:11 PM,0.00,in,A
07/23/2022 10:19:43 AM,07/28/2022 12:26:11 PM,0.00,in,A
07/22/2022 10:19:43 PM,07/28/2022 12:26:11 PM,0.00,in,A
07/22/2022 10:19:42 AM,07/28/2022 12:26:11 PM,0.00,in,A
07/21/2022 10:19:42 PM,07/28/2022 12:26:11 PM,0.00,in,A
07/21/2022 10:19:41 AM,07/28/2022 12:26:11 PM,0.00,in,A
07/20/2022 10:19:41 PM,07/28/2022 12:26:11 PM,0.00,in,A
07/20/2022 10:19:40 AM,07/28/2022 12:26:11 PM,0.00,in,A
07/19/2022 10:19:40 PM,07/28/2022 12:26:11 PM,0.00,in,A
07/19/2022 10:19:39 AM,07/28/2022 12:26:11 PM,0.00,in,A
07/18/2022 10:19:39 PM,07/28/2022 12:26:11 PM,0.00,in,A
07/18/2022 10:19:38 AM,07/28/2022 12:26:11 PM,0.00,in,A
07/17/2022 10:19:38 PM,07/28/2022 12:26:11 PM,0.00,in,A
07/17/2022 10:19:37 AM,07/28/2022 12:26:11 PM,0.00,in,A
07/17/2022 07:44:47 AM,07/28/2022 12:26:11 PM,0.04,in,A
07/17/2022 03:39:16 AM,07/28/2022 12:26:11 PM,0.04,in,A
07/16/2022 10:19:37 PM,07/28/2022 12:26:11 PM,0.00,in,A
07/16/2022 10:19:37 AM,07/28/2022 12:26:11 PM,0.00,in,A
07/15/2022 10:19:36 PM,07/28/2022 12:26:11 PM,0.00,in,A
07/15/2022 10:19:36 AM,07/28/2022 12:26:11 PM,0.00,in,A
07/14/2022 10:19:35 PM,07/28/2022 12:26:11 PM,0.00,in,A
07/14/2022 10:19:35 AM,07/28/2022 12:26:11 PM,0.00,in,A
07/13/2022 10:19:34 PM,07/28/2022 12:26:11 PM,0.00,in,A
07/13/2022 10:19:34 AM,07/28/2022 12:26:11 PM,0.00,in,A
07/12/2022 10:19:33 PM,07/28/2022 12:26:11 PM,0.00,in,A
07/12/2022 10:19:33 AM,07/28/2022 12:26:11 PM,0.00,in,A
07/11/2022 10:19:32 PM,07/28/2022 12:26:11 PM,0.00,in,A
07/11/2022 10:19:32 AM,07/28/2022 12:26:11 PM,0.00,in,A
07/10/2022 10:19:32 PM,07/28/2022 12:26:11 PM,0.00,in,A
07/10/2022 10:19:31 AM,07/28/2022 12:26:11 PM,0.00,in,A
07/09/2022 10:19:31 PM,07/28/2022 12:26:11 PM,0.00,in,A
07/09/2022 10:19:30 AM,07/28/2022 12:26:11 PM,0.00,in,A
07/08/2022 10:19:30 PM,07/28/2022 12:26:11 PM,0.00,in,A
07/08/2022 10:19:29 AM,07/28/2022 12:26:11 PM,0.00,in,A
07/07/2022 10:19:29 PM,07/28/2022 12:26:11 PM,0.00,in,A
07/07/2022 10:19:28 AM,07/28/2022 12:26:11 PM,0.00,in,A
07/07/2022 07:22:37 AM,07/28/2022 12:26:11 PM,0.04,in,A
07/07/2022 06:57:39 AM,07/28/2022 12:26:11 PM,0.04,in,A
07/07/2022 06:53:31 AM,07/28/2022 12:26:11 PM,0.04,in,A
07/07/2022 06:51:04 AM,07/28/2022 12:26:11 PM,0.04,in,A
07/07/2022 06:07:30 AM,07/28/2022 12:26:11 PM,0.04,in,A
07/07/2022 05:59:02 AM,07/28/2022 12:26:11 PM,0.04,in,A
07/07/2022 05:58:03 AM,07/28/2022 12:26:11 PM,0.04,in,A
07/07/2022 05:56:52 AM,07/28/2022 12:26:11 PM,0.08,in,A
07/06/2022 10:19:28 PM,07/28/2022 12:26:11 PM,0.00,in,A
07/06/2022 10:19:27 AM,07/28/2022 12:26:11 PM,0.00,in,A
07/05/2022 10:19:27 PM,07/28/2022 12:26:11 PM,0.00,in,A
07/05/2022 10:19:27 AM,07/28/2022 12:26:11 PM,0.00,in,A
07/04/2022 10:19:26 PM,07/28/2022 12:26:11 PM,0.00,in,A
07/04/2022 10:19:26 AM,07/28/2022 12:26:11 PM,0.00,in,A
07/03/2022 10:19:25 PM,07/28/2022 12:26:11 PM,0.00,in,A
07/03/2022 10:19:25 AM,07/28/2022 12:26:11 PM,0.00,in,A
07/02/2022 10:19:24 PM,07/28/2022 12:26:11 PM,0.00,in,A
07/02/2022 11:45:30 AM,07/28/2022 12:26:11 PM,0.04,in,A
07/02/2022 10:19:24 AM,07/28/2022 12:26:11 PM,0.00,in,A
07/02/2022 10:16:40 AM,07/28/2022 12:26:11 PM,0.04,in,A
07/02/2022 09:45:10 AM,07/28/2022 12:26:11 PM,0.04,in,A
07/02/2022 09:27:55 AM,07/28/2022 12:26:11 PM,0.04,in,A
07/02/2022 09:20:08 AM,07/28/2022 12:26:11 PM,0.04,in,A
07/02/2022 08:56:53 AM,07/28/2022 12:26:11 PM,0.04,in,A
07/02/2022 08:13:24 AM,07/28/2022 12:26:11 PM,0.04,in,A
07/02/2022 06:52:37 AM,07/28/2022 12:26:11 PM,0.04,in,A
07/02/2022 06:40:40 AM,07/28/2022 12:26:11 PM,0.08,in,A
07/02/2022 06:20:52 AM,07/28/2022 12:26:11 PM,0.04,in,A
07/02/2022 06:11:27 AM,07/28/2022 12:26:11 PM,0.04,in,A
07/02/2022 06:07:43 AM,07/28/2022 12:26:10 PM,0.04,in,A
07/02/2022 06:06:43 AM,07/28/2022 12:26:10 PM,0.04,in,A
07/02/2022 06:05:43 AM,07/28/2022 12:26:10 PM,0.04,in,A
07/02/2022 06:04:43 AM,07/28/2022 12:26:10 PM,0.04,in,A
07/02/2022 06:03:44 AM,07/28/2022 12:26:10 PM,0.08,in,A
07/02/2022 06:02:47 AM,07/28/2022 12:26:10 PM,0.08,in,A
07/02/2022 06:00:48 AM,07/28/2022 12:26:10 PM,0.04,in,A
07/02/2022 05:59:24 AM,07/28/2022 12:26:10 PM,0.04,in,A
07/02/2022 05:55:57 AM,07/28/2022 12:26:10 PM,0.04,in,A
07/02/2022 05:52:33 AM,07/28/2022 12:26:10 PM,0.04,in,A
07/02/2022 12:42:02 AM,07/28/2022 12:26:10 PM,0.04,in,A
07/02/2022 12:31:50 AM,07/28/2022 12:26:10 PM,0.04,in,A
07/02/2022 12:30:11 AM,07/28/2022 12:26:10 PM,0.04,in,A
07/02/2022 12:29:09 AM,07/28/2022 12:26:10 PM,0.04,in,A
07/02/2022 12:27:48 AM,07/28/2022 12:26:10 PM,0.04,in,A
07/02/2022 12:26:39 AM,07/28/2022 12:26:10 PM,0.04,in,A
07/01/2022 10:19:24 PM,07/28/2022 12:26:10 PM,0.00,in,A
07/01/2022 10:19:23 AM,07/28/2022 12:26:10 PM,0.00,in,A
06/30/2022 10:19:23 PM,07/28/2022 12:26:10 PM,0.00,in,A
06/30/2022 10:19:22 AM,07/28/2022 12:26:10 PM,0.00,in,A
06/29/2022 10:19:22 PM,07/28/2022 12:26:10 PM,0.00,in,A
06/29/2022 10:19:21 AM,07/28/2022 12:26:10 PM,0.00,in,A
06/28/2022 10:19:21 PM,07/28/2022 12:26:10 PM,0.00,in,A
06/28/2022 10:19:20 AM,07/28/2022 12:26:10 PM,0.00,in,A
06/27/2022 10:19:20 PM,07/28/2022 12:26:10 PM,0.00,in,A
06/27/2022 10:19:20 AM,07/28/2022 12:26:10 PM,0.00,in,A
06/26/2022 10:19:19 PM,07/28/2022 12:26:10 PM,0.00,in,A
06/26/2022 10:19:19 AM,07/28/2022 12:26:10 PM,0.00,in,A
06/25/2022 10:19:18 PM,07/28/2022 12:26:10 PM,0.00,in,A
06/25/2022 10:19:18 AM,07/28/2022 12:26:10 PM,0.00,in,A
06/24/2022 10:19:17 PM,07/28/2022 12:26:10 PM,0.00,in,A
06/24/2022 10:46:52 AM,07/28/2022 12:26:10 PM,0.04,in,A
06/24/2022 10:19:17 AM,07/28/2022 12:26:10 PM,0.00,in,A
06/23/2022 10:19:17 PM,07/28/2022 12:26:10 PM,0.00,in,A
06/23/2022 02:42:06 PM,07/28/2022 12:26:10 PM,0.04,in,A
06/23/2022 12:46:21 PM,07/28/2022 12:26:10 PM,0.04,in,A
06/23/2022 10:19:16 AM,07/28/2022 12:26:10 PM,0.00,in,A
06/22/2022 10:19:16 PM,07/28/2022 12:26:10 PM,0.00,in,A
06/22/2022 10:19:15 AM,07/28/2022 12:26:10 PM,0.00,in,A
06/21/2022 10:19:15 PM,07/28/2022 12:26:10 PM,0.00,in,A
06/21/2022 10:19:14 AM,07/28/2022 12:26:10 PM,0.00,in,A
06/20/2022 10:19:14 PM,07/28/2022 12:26:10 PM,0.00,in,A
06/20/2022 10:19:14 AM,07/28/2022 12:26:10 PM,0.00,in,A
06/19/2022 10:19:13 PM,07/28/2022 12:26:10 PM,0.00,in,A
06/19/2022 10:19:13 AM,07/28/2022 12:26:10 PM,0.00,in,A
06/18/2022 10:19:12 PM,07/28/2022 12:26:10 PM,0.00,in,A
06/18/2022 10:19:12 AM,07/28/2022 12:26:10 PM,0.00,in,A
06/17/2022 10:19:11 PM,07/28/2022 12:26:10 PM,0.00,in,A
06/17/2022 10:19:11 AM,07/28/2022 12:26:10 PM,0.00,in,A
06/16/2022 10:19:10 PM,07/28/2022 12:26:10 PM,0.00,in,A
06/16/2022 10:19:10 AM,07/28/2022 12:26:10 PM,0.00,in,A
06/15/2022 10:19:09 PM,07/28/2022 12:26:10 PM,0.00,in,A
06/15/2022 10:19:09 AM,07/28/2022 12:26:10 PM,0.00,in,A
06/14/2022 10:19:08 PM,07/28/2022 12:26:10 PM,0.00,in,A
06/13/2022 10:19:07 AM,07/28/2022 12:26:10 PM,0.00,in,A
06/13/2022 10:16:48 AM,07/28/2022 12:26:10 PM,0.00,in,A
06/13/2022 10:14:26 AM,07/28/2022 12:26:10 PM,0.00,in,A
06/13/2022 03:58:33 AM,07/28/2022 12:26:10 PM,0.00,in,A
06/12/2022 03:58:32 PM,07/28/2022 12:26:10 PM,0.00,in,A
06/12/2022 03:58:32 AM,07/28/2022 12:26:10 PM,0.00,in,A
06/11/2022 03:58:32 PM,07/28/2022 12:26:10 PM,0.00,in,A
06/11/2022 03:58:31 AM,07/28/2022 12:26:10 PM,0.00,in,A
06/10/2022 10:01:57 PM,07/28/2022 12:26:10 PM,0.04,in,A
06/10/2022 09:54:22 PM,07/28/2022 12:26:10 PM,0.04,in,A
06/10/2022 03:58:31 PM,07/28/2022 12:26:10 PM,0.00,in,A
06/10/2022 04:07:23 AM,07/28/2022 12:26:10 PM,0.04,in,A
06/10/2022 03:58:30 AM,07/28/2022 12:26:10 PM,0.00,in,A
06/09/2022 03:58:30 PM,07/28/2022 12:26:10 PM,0.00,in,A
06/09/2022 03:58:29 AM,07/28/2022 12:26:10 PM,0.00,in,A
06/08/2022 03:58:29 PM,07/28/2022 12:26:10 PM,0.00,in,A
06/08/2022 03:58:29 AM,07/28/2022 12:26:10 PM,0.00,in,A
06/08/2022 03:36:04 AM,07/28/2022 12:26:10 PM,0.04,in,A
06/08/2022 03:06:59 AM,07/28/2022 12:26:10 PM,0.04,in,A
06/08/2022 02:08:17 AM,07/28/2022 12:26:10 PM,0.04,in,A
06/08/2022 01:43:38 AM,07/28/2022 12:26:10 PM,0.04,in,A
06/08/2022 01:37:56 AM,07/28/2022 12:26:10 PM,0.04,in,A
06/08/2022 01:34:54 AM,07/28/2022 12:26:10 PM,0.04,in,A
06/08/2022 01:33:29 AM,07/28/2022 12:26:10 PM,0.04,in,A
06/08/2022 01:32:14 AM,07/28/2022 12:26:10 PM,0.04,in,A
06/08/2022 01:30:44 AM,07/28/2022 12:26:10 PM,0.04,in,A
06/08/2022 01:28:11 AM,07/28/2022 12:26:10 PM,0.04,in,A
06/07/2022 03:58:28 PM,07/28/2022 12:26:10 PM,0.00,in,A
06/07/2022 03:58:28 AM,07/28/2022 12:26:10 PM,0.00,in,A
06/06/2022 03:58:27 PM,07/28/2022 12:26:10 PM,0.00,in,A
06/06/2022 05:40:22 AM,07/28/2022 12:26:10 PM,0.04,in,A
06/06/2022 04:34:34 AM,07/28/2022 12:26:10 PM,0.08,in,A
06/06/2022 03:58:27 AM,07/28/2022 12:26:10 PM,0.00,in,A
06/05/2022 03:58:27 PM,07/28/2022 12:26:10 PM,0.00,in,A
06/05/2022 03:58:26 AM,07/28/2022 12:26:10 PM,0.00,in,A
06/04/2022 04:31:37 PM,07/28/2022 12:26:10 PM,0.04,in,A
06/04/2022 03:58:26 PM,07/28/2022 12:26:10 PM,0.00,in,A
06/04/2022 03:58:25 AM,07/28/2022 12:26:10 PM,0.00,in,A
06/03/2022 03:58:25 PM,07/28/2022 12:26:10 PM,0.00,in,A
06/03/2022 03:58:24 AM,07/28/2022 12:26:10 PM,0.00,in,A
06/02/2022 03:58:24 PM,07/28/2022 12:26:10 PM,0.00,in,A
06/02/2022 03:58:23 AM,07/28/2022 12:26:10 PM,0.00,in,A
06/01/2022 03:58:23 PM,07/28/2022 12:26:10 PM,0.00,in,A
06/01/2022 03:23:26 PM,07/28/2022 12:26:10 PM,0.04,in,A
06/01/2022 03:02:33 PM,07/28/2022 12:26:10 PM,0.04,in,A
06/01/2022 02:59:30 PM,07/28/2022 12:26:10 PM,0.04,in,A
06/01/2022 02:58:10 PM,07/28/2022 12:26:10 PM,0.04,in,A
06/01/2022 04:05:43 AM,07/28/2022 12:26:10 PM,0.04,in,A
06/01/2022 03:58:23 AM,07/28/2022 12:26:10 PM,0.04,in,A
06/01/2022 03:04:03 AM,07/28/2022 12:26:10 PM,0.04,in,A
06/01/2022 02:50:42 AM,07/28/2022 12:26:10 PM,0.04,in,A
06/01/2022 02:38:32 AM,07/28/2022 12:26:10 PM,0.08,in,A
06/01/2022 01:02:49 AM,07/28/2022 12:26:10 PM,0.04,in,A
05/31/2022 11:28:11 PM,07/28/2022 12:26:10 PM,0.04,in,A
05/31/2022 11:26:22 PM,07/28/2022 12:26:10 PM,0.08,in,A
05/31/2022 11:24:18 PM,07/28/2022 12:26:10 PM,0.04,in,A
05/31/2022 11:22:58 PM,07/28/2022 12:26:10 PM,0.04,in,A
05/31/2022 11:01:36 PM,07/28/2022 12:26:10 PM,0.04,in,A
05/31/2022 10:52:54 PM,07/28/2022 12:26:10 PM,0.04,in,A
05/31/2022 10:47:23 PM,07/28/2022 12:26:10 PM,0.04,in,A
05/31/2022 09:23:46 PM,07/28/2022 12:26:10 PM,0.04,in,A
05/31/2022 03:58:22 PM,07/28/2022 12:26:10 PM,0.00,in,A
05/31/2022 11:04:32 AM,07/28/2022 12:26:10 PM,0.04,in,A
05/31/2022 10:51:31 AM,07/28/2022 12:26:10 PM,0.08,in,A
05/31/2022 10:46:55 AM,07/28/2022 12:26:10 PM,0.04,in,A
05/31/2022 10:45:30 AM,07/28/2022 12:26:10 PM,0.08,in,A
05/31/2022 10:42:26 AM,07/28/2022 12:26:10 PM,0.04,in,A
05/31/2022 10:40:22 AM,07/28/2022 12:26:10 PM,0.04,in,A
05/31/2022 10:30:07 AM,07/28/2022 12:26:10 PM,0.04,in,A
05/31/2022 10:07:55 AM,07/28/2022 12:26:10 PM,0.04,in,A
05/31/2022 09:59:42 AM,07/28/2022 12:26:10 PM,0.04,in,A
05/31/2022 09:56:43 AM,07/28/2022 12:26:10 PM,0.04,in,A
05/31/2022 03:58:22 AM,07/28/2022 12:26:10 PM,0.00,in,A
05/30/2022 03:58:21 PM,07/28/2022 12:26:10 PM,0.00,in,A
05/30/2022 03:58:21 AM,07/28/2022 12:26:10 PM,0.00,in,A
05/29/2022 03:58:21 PM,07/28/2022 12:26:10 PM,0.00,in,A
05/29/2022 03:58:20 AM,07/28/2022 12:26:10 PM,0.00,in,A
05/28/2022 03:58:20 PM,07/28/2022 12:26:10 PM,0.00,in,A
05/28/2022 03:58:19 AM,07/28/2022 12:26:10 PM,0.00,in,A
05/27/2022 03:58:19 PM,07/28/2022 12:26:10 PM,0.00,in,A
05/27/2022 03:58:18 AM,07/28/2022 12:26:10 PM,0.00,in,A
05/26/2022 03:58:18 PM,07/28/2022 12:26:10 PM,0.00,in,A
05/26/2022 02:15:52 PM,07/28/2022 12:26:10 PM,0.04,in,A
05/26/2022 03:58:17 AM,07/28/2022 12:26:10 PM,0.00,in,A
05/25/2022 08:34:31 PM,07/28/2022 12:26:10 PM,0.04,in,A
05/25/2022 05:57:55 PM,07/28/2022 12:26:10 PM,0.04,in,A
05/25/2022 03:58:17 PM,07/28/2022 12:26:10 PM,0.00,in,A
05/25/2022 02:41:23 PM,07/28/2022 12:26:10 PM,0.08,in,A
05/25/2022 02:15:57 PM,07/28/2022 12:26:10 PM,0.04,in,A
05/25/2022 01:57:06 PM,07/28/2022 12:26:10 PM,0.04,in,A
05/25/2022 01:53:40 PM,07/28/2022 12:26:10 PM,0.04,in,A
05/25/2022 01:51:29 PM,07/28/2022 12:26:10 PM,0.04,in,A
05/25/2022 01:50:17 PM,07/28/2022 12:26:10 PM,0.04,in,A
05/25/2022 01:47:34 PM,07/28/2022 12:26:10 PM,0.04,in,A
05/25/2022 01:37:33 PM,07/28/2022 12:26:10 PM,0.04,in,A
05/25/2022 01:30:52 PM,07/28/2022 12:26:10 PM,0.04,in,A
05/25/2022 01:23:47 PM,07/28/2022 12:26:10 PM,0.04,in,A
05/25/2022 01:11:23 PM,07/28/2022 12:26:10 PM,0.04,in,A
05/25/2022 11:21:50 AM,07/28/2022 12:26:10 PM,0.04,in,A
05/25/2022 10:23:17 AM,07/28/2022 12:26:10 PM,0.04,in,A
05/25/2022 03:58:16 AM,07/28/2022 12:26:10 PM,0.00,in,A
05/25/2022 03:48:36 AM,07/28/2022 12:26:10 PM,0.04,in,A
05/24/2022 07:42:09 PM,07/28/2022 12:26:10 PM,0.04,in,A
05/24/2022 06:37:20 PM,07/28/2022 12:26:10 PM,0.04,in,A
05/24/2022 06:11:35 PM,07/28/2022 12:26:10 PM,0.04,in,A
05/24/2022 05:59:22 PM,07/28/2022 12:26:10 PM,0.04,in,A
05/24/2022 05:49:30 PM,07/28/2022 12:26:09 PM,0.04,in,A
05/24/2022 05:17:51 PM,07/28/2022 12:26:09 PM,0.04,in,A
05/24/2022 05:04:37 PM,07/28/2022 12:26:09 PM,0.04,in,A
05/24/2022 05:02:23 PM,07/28/2022 12:26:09 PM,0.04,in,A
05/24/2022 04:57:36 PM,07/28/2022 12:26:09 PM,0.04,in,A
05/24/2022 04:50:41 PM,07/28/2022 12:26:09 PM,0.04,in,A
05/24/2022 04:47:08 PM,07/28/2022 12:26:09 PM,0.04,in,A
05/24/2022 04:39:31 PM,07/28/2022 12:26:09 PM,0.04,in,A
05/24/2022 03:58:16 PM,07/28/2022 12:26:09 PM,0.00,in,A
05/24/2022 03:36:16 PM,07/28/2022 12:26:09 PM,0.08,in,A
05/24/2022 03:16:19 PM,07/28/2022 12:26:09 PM,0.04,in,A
05/24/2022 03:09:56 PM,07/28/2022 12:26:09 PM,0.04,in,A
05/24/2022 02:57:45 PM,07/28/2022 12:26:09 PM,0.04,in,A
05/24/2022 02:44:47 PM,07/28/2022 12:26:09 PM,0.04,in,A
05/24/2022 02:34:52 PM,07/28/2022 12:26:09 PM,0.04,in,A
05/24/2022 02:25:16 PM,07/28/2022 12:26:09 PM,0.04,in,A
05/24/2022 02:22:16 PM,07/28/2022 12:26:09 PM,0.04,in,A
05/24/2022 02:07:02 PM,07/28/2022 12:26:09 PM,0.04,in,A
05/24/2022 01:38:42 PM,07/28/2022 12:26:09 PM,0.04,in,A
05/24/2022 01:22:45 PM,07/28/2022 12:26:09 PM,0.04,in,A
05/24/2022 01:09:28 PM,07/28/2022 12:26:09 PM,0.04,in,A
05/24/2022 12:57:25 PM,07/28/2022 12:26:09 PM,0.04,in,A
05/24/2022 12:36:16 PM,07/28/2022 12:26:09 PM,0.04,in,A
05/24/2022 11:30:45 AM,07/28/2022 12:26:09 PM,0.04,in,A
05/24/2022 10:35:05 AM,07/28/2022 12:26:09 PM,0.04,in,A
05/24/2022 09:08:44 AM,07/28/2022 12:26:09 PM,0.04,in,A
05/24/2022 08:44:38 AM,07/28/2022 12:26:09 PM,0.04,in,A
05/24/2022 07:57:28 AM,07/28/2022 12:26:09 PM,0.04,in,A
05/24/2022 07:41:05 AM,07/28/2022 12:26:09 PM,0.04,in,A
05/24/2022 07:23:11 AM,07/28/2022 12:26:09 PM,0.04,in,A
05/24/2022 06:59:58 AM,07/28/2022 12:26:09 PM,0.04,in,A
05/24/2022 06:45:28 AM,07/28/2022 12:26:09 PM,0.04,in,A
05/24/2022 06:31:44 AM,07/28/2022 12:26:09 PM,0.04,in,A
05/24/2022 06:18:19 AM,07/28/2022 12:26:09 PM,0.04,in,A
05/24/2022 03:58:15 AM,07/28/2022 12:26:09 PM,0.00,in,A
05/23/2022 03:58:15 PM,07/28/2022 12:26:09 PM,0.00,in,A
05/23/2022 03:58:14 AM,07/28/2022 12:26:09 PM,0.00,in,A
05/22/2022 03:58:14 PM,07/28/2022 12:26:09 PM,0.00,in,A
05/22/2022 03:58:13 AM,07/28/2022 12:26:09 PM,0.00,in,A
05/21/2022 03:58:13 PM,07/28/2022 12:26:09 PM,0.00,in,A
05/21/2022 03:58:13 AM,07/28/2022 12:26:09 PM,0.00,in,A
05/20/2022 03:58:12 PM,07/28/2022 12:26:09 PM,0.00,in,A
05/20/2022 03:58:12 AM,07/28/2022 12:26:09 PM,0.00,in,A
05/19/2022 03:58:11 PM,07/28/2022 12:26:09 PM,0.00,in,A
05/19/2022 03:58:11 AM,07/28/2022 12:26:09 PM,0.00,in,A
05/18/2022 03:58:10 PM,07/28/2022 12:26:09 PM,0.00,in,A
05/18/2022 04:05:59 AM,07/28/2022 12:26:09 PM,0.04,in,A
05/18/2022 03:58:10 AM,07/28/2022 12:26:09 PM,0.00,in,A
05/18/2022 03:34:22 AM,07/28/2022 12:26:09 PM,0.04,in,A
05/18/2022 03:10:07 AM,07/28/2022 12:26:09 PM,0.04,in,A
05/18/2022 02:50:03 AM,07/28/2022 12:26:09 PM,0.04,in,A
05/18/2022 02:34:10 AM,07/28/2022 12:26:09 PM,0.04,in,A
05/18/2022 02:19:16 AM,07/28/2022 12:26:09 PM,0.04,in,A
05/18/2022 02:06:48 AM,07/28/2022 12:26:09 PM,0.04,in,A
05/18/2022 01:57:05 AM,07/28/2022 12:26:09 PM,0.04,in,A
05/18/2022 01:48:01 AM,07/28/2022 12:26:09 PM,0.04,in,A
05/18/2022 01:32:58 AM,07/28/2022 12:26:09 PM,0.12,in,A
05/18/2022 01:03:52 AM,07/28/2022 12:26:09 PM,0.04,in,A
05/18/2022 12:52:55 AM,07/28/2022 12:26:09 PM,0.04,in,A
05/18/2022 12:40:16 AM,07/28/2022 12:26:09 PM,0.04,in,A
05/18/2022 12:33:34 AM,07/28/2022 12:26:09 PM,0.04,in,A
05/18/2022 12:30:54 AM,07/28/2022 12:26:09 PM,0.04,in,A
05/18/2022 12:29:10 AM,07/28/2022 12:26:09 PM,0.04,in,A
05/18/2022 12:27:43 AM,07/28/2022 12:26:09 PM,0.04,in,A
05/18/2022 12:26:17 AM,07/28/2022 12:26:09 PM,0.04,in,A
05/18/2022 12:25:06 AM,07/28/2022 12:26:09 PM,0.04,in,A
05/18/2022 12:24:05 AM,07/28/2022 12:26:09 PM,0.04,in,A
05/18/2022 12:22:57 AM,07/28/2022 12:26:09 PM,0.04,in,A
05/18/2022 12:21:38 AM,07/28/2022 12:26:09 PM,0.04,in,A
05/18/2022 12:20:32 AM,07/28/2022 12:26:09 PM,0.08,in,A
05/18/2022 12:18:32 AM,07/28/2022 12:26:09 PM,0.04,in,A
05/18/2022 12:17:21 AM,07/28/2022 12:26:09 PM,0.08,in,A
05/18/2022 12:14:17 AM,07/28/2022 12:26:09 PM,0.04,in,A
05/18/2022 12:12:26 AM,07/28/2022 12:26:09 PM,0.04,in,A
05/18/2022 12:10:17 AM,07/28/2022 12:26:09 PM,0.04,in,A
05/18/2022 12:08:32 AM,07/28/2022 12:26:09 PM,0.04,in,A
05/18/2022 12:07:04 AM,07/28/2022 12:26:09 PM,0.04,in,A
05/18/2022 12:05:47 AM,07/28/2022 12:26:09 PM,0.04,in,A
05/18/2022 12:04:46 AM,07/28/2022 12:26:09 PM,0.04,in,A
05/18/2022 12:03:47 AM,07/28/2022 12:26:09 PM,0.04,in,A
05/18/2022 12:02:39 AM,07/28/2022 12:26:09 PM,0.04,in,A
05/17/2022 11:59:54 PM,07/28/2022 12:26:09 PM,0.04,in,A
05/17/2022 11:57:20 PM,07/28/2022 12:26:09 PM,0.04,in,A
05/17/2022 03:58:10 PM,07/28/2022 12:26:09 PM,0.00,in,A
05/17/2022 03:58:09 AM,07/28/2022 12:26:09 PM,0.00,in,A
05/16/2022 03:58:09 PM,07/28/2022 12:26:09 PM,0.00,in,A
05/16/2022 03:58:08 AM,07/28/2022 12:26:09 PM,0.00,in,A
05/15/2022 03:58:08 PM,07/28/2022 12:26:09 PM,0.00,in,A
05/15/2022 11:49:58 AM,07/28/2022 12:26:09 PM,0.04,in,A
05/15/2022 11:26:38 AM,07/28/2022 12:26:09 PM,0.04,in,A
05/15/2022 09:15:01 AM,07/28/2022 12:26:09 PM,0.04,in,A
05/15/2022 09:04:31 AM,07/28/2022 12:26:09 PM,0.04,in,A
05/15/2022 08:52:56 AM,07/28/2022 12:26:09 PM,0.04,in,A
05/15/2022 08:43:08 AM,07/28/2022 12:26:09 PM,0.04,in,A
05/15/2022 08:37:19 AM,07/28/2022 12:26:09 PM,0.08,in,A
05/15/2022 08:34:20 AM,07/28/2022 12:26:09 PM,0.04,in,A
05/15/2022 08:33:08 AM,07/28/2022 12:26:09 PM,0.04,in,A
05/15/2022 08:32:03 AM,07/28/2022 12:26:09 PM,0.04,in,A
05/15/2022 08:30:51 AM,07/28/2022 12:26:09 PM,0.08,in,A
05/15/2022 03:58:07 AM,07/28/2022 12:26:09 PM,0.00,in,A
05/14/2022 03:58:07 PM,07/28/2022 12:26:09 PM,0.00,in,A
05/14/2022 03:58:07 AM,07/28/2022 12:26:09 PM,0.00,in,A
05/13/2022 03:58:06 PM,07/28/2022 12:26:09 PM,0.04,in,A
05/13/2022 07:54:33 AM,07/28/2022 12:26:09 PM,0.04,in,A
05/13/2022 07:42:06 AM,07/28/2022 12:26:09 PM,0.08,in,A
05/13/2022 07:33:06 AM,07/28/2022 12:26:09 PM,0.04,in,A
05/13/2022 07:26:20 AM,07/28/2022 12:26:09 PM,0.08,in,A
05/13/2022 07:06:12 AM,07/28/2022 12:26:09 PM,0.08,in,A
05/13/2022 07:02:37 AM,07/28/2022 12:26:09 PM,0.04,in,A
05/13/2022 07:01:18 AM,07/28/2022 12:26:09 PM,0.08,in,A
05/13/2022 03:58:06 AM,07/28/2022 12:26:09 PM,0.00,in,A
05/12/2022 03:58:05 PM,07/28/2022 12:26:09 PM,0.00,in,A
05/12/2022 03:58:05 AM,07/28/2022 12:26:09 PM,0.00,in,A
05/11/2022 03:58:04 PM,07/28/2022 12:26:09 PM,0.00,in,A
05/11/2022 03:58:04 AM,07/28/2022 12:26:09 PM,0.00,in,A
05/10/2022 03:58:04 PM,07/28/2022 12:26:09 PM,0.00,in,A
05/10/2022 03:58:03 AM,07/28/2022 12:26:09 PM,0.00,in,A
05/09/2022 03:58:03 PM,07/28/2022 12:26:09 PM,0.00,in,A
05/09/2022 03:58:02 AM,07/28/2022 12:26:09 PM,0.00,in,A
05/08/2022 03:58:02 PM,07/28/2022 12:26:09 PM,0.00,in,A
05/08/2022 08:47:10 AM,07/28/2022 12:26:09 PM,0.04,in,A
05/08/2022 03:58:01 AM,07/28/2022 12:26:09 PM,0.00,in,A
05/07/2022 03:58:01 PM,07/28/2022 12:26:09 PM,0.00,in,A
05/07/2022 03:58:01 AM,07/28/2022 12:26:09 PM,0.00,in,A
05/06/2022 03:58:00 PM,07/28/2022 12:26:09 PM,0.00,in,A
05/06/2022 03:58:00 AM,07/28/2022 12:26:09 PM,0.00,in,A
05/06/2022 03:38:37 AM,07/28/2022 12:26:09 PM,0.04,in,A
05/06/2022 03:15:02 AM,07/28/2022 12:26:09 PM,0.04,in,A
05/06/2022 02:38:22 AM,07/28/2022 12:26:09 PM,0.04,in,A
05/06/2022 12:07:59 AM,07/28/2022 12:26:09 PM,0.04,in,A
05/05/2022 11:50:08 PM,07/28/2022 12:26:09 PM,0.04,in,A
05/05/2022 11:28:06 PM,07/28/2022 12:26:09 PM,0.04,in,A
05/05/2022 11:15:59 PM,07/28/2022 12:26:09 PM,0.04,in,A
05/05/2022 11:07:08 PM,07/28/2022 12:26:09 PM,0.04,in,A
05/05/2022 10:59:25 PM,07/28/2022 12:26:09 PM,0.04,in,A
05/05/2022 10:49:35 PM,07/28/2022 12:26:09 PM,0.04,in,A
05/05/2022 10:41:08 PM,07/28/2022 12:26:09 PM,0.04,in,A
05/05/2022 10:28:41 PM,07/28/2022 12:26:09 PM,0.04,in,A
05/05/2022 10:19:13 PM,07/28/2022 12:26:09 PM,0.04,in,A
05/05/2022 10:07:20 PM,07/28/2022 12:26:09 PM,0.04,in,A
05/05/2022 09:54:48 PM,07/28/2022 12:26:09 PM,0.08,in,A
05/05/2022 09:41:11 PM,07/28/2022 12:26:09 PM,0.04,in,A
05/05/2022 09:38:45 PM,07/28/2022 12:26:09 PM,0.04,in,A
05/05/2022 09:35:43 PM,07/28/2022 12:26:09 PM,0.04,in,A
05/05/2022 09:26:59 PM,07/28/2022 12:26:09 PM,0.04,in,A
05/05/2022 06:34:10 PM,07/28/2022 12:26:09 PM,0.04,in,A
05/05/2022 03:57:59 PM,07/28/2022 12:26:09 PM,0.00,in,A
05/05/2022 03:57:58 AM,07/28/2022 12:26:09 PM,0.00,in,A
05/05/2022 02:33:58 AM,07/28/2022 12:26:09 PM,0.04,in,A
05/04/2022 10:49:27 PM,07/28/2022 12:26:09 PM,0.04,in,A
05/04/2022 10:00:18 PM,07/28/2022 12:26:09 PM,0.04,in,A
05/04/2022 09:27:48 PM,07/28/2022 12:26:09 PM,0.04,in,A
05/04/2022 08:08:55 PM,07/28/2022 12:26:09 PM,0.04,in,A
05/04/2022 07:55:24 PM,07/28/2022 12:26:09 PM,0.04,in,A
05/04/2022 07:47:15 PM,07/28/2022 12:26:08 PM,0.04,in,A
05/04/2022 07:41:47 PM,07/28/2022 12:26:08 PM,0.04,in,A
05/04/2022 07:36:54 PM,07/28/2022 12:26:08 PM,0.04,in,A
05/04/2022 07:26:33 PM,07/28/2022 12:26:08 PM,0.04,in,A
05/04/2022 07:15:47 PM,07/28/2022 12:26:08 PM,0.04,in,A
05/04/2022 07:03:58 PM,07/28/2022 12:26:08 PM,0.04,in,A
05/04/2022 06:38:41 PM,07/28/2022 12:26:08 PM,0.04,in,A
05/04/2022 06:19:28 PM,07/28/2022 12:26:08 PM,0.04,in,A
05/04/2022 06:10:23 PM,07/28/2022 12:26:08 PM,0.04,in,A
05/04/2022 06:02:09 PM,07/28/2022 12:26:08 PM,0.04,in,A
05/04/2022 03:57:58 PM,07/28/2022 12:26:08 PM,0.00,in,A
05/04/2022 03:41:38 PM,07/28/2022 12:26:08 PM,0.04,in,A
05/04/2022 03:14:33 PM,07/28/2022 12:26:08 PM,0.04,in,A
05/04/2022 01:50:25 PM,07/28/2022 12:26:08 PM,0.04,in,A
05/04/2022 03:57:57 AM,07/28/2022 12:26:08 PM,0.00,in,A
05/03/2022 03:57:57 PM,07/28/2022 12:26:08 PM,0.00,in,A
05/03/2022 03:57:56 AM,07/28/2022 12:26:08 PM,0.00,in,A
05/02/2022 09:57:21 PM,07/28/2022 12:26:08 PM,0.04,in,A
05/02/2022 09:45:41 PM,07/28/2022 12:26:08 PM,0.04,in,A
05/02/2022 09:41:26 PM,07/28/2022 12:26:08 PM,0.04,in,A
05/02/2022 09:38:48 PM,07/28/2022 12:26:08 PM,0.04,in,A
05/02/2022 09:37:48 PM,07/28/2022 12:26:08 PM,0.08,in,A
05/02/2022 09:36:57 PM,07/28/2022 12:26:08 PM,0.04,in,A
05/02/2022 09:35:59 PM,07/28/2022 12:26:08 PM,0.08,in,A
05/02/2022 09:35:13 PM,07/28/2022 12:26:08 PM,0.04,in,A
05/02/2022 09:33:38 PM,07/28/2022 12:26:08 PM,0.04,in,A
05/02/2022 08:05:21 PM,07/28/2022 12:26:08 PM,0.04,in,A
05/02/2022 07:38:46 PM,07/28/2022 12:26:08 PM,0.04,in,A
05/02/2022 07:36:33 PM,07/28/2022 12:26:08 PM,0.08,in,A
05/02/2022 07:30:28 PM,07/28/2022 12:26:08 PM,0.04,in,A
05/02/2022 07:29:29 PM,07/28/2022 12:26:08 PM,0.04,in,A
05/02/2022 07:24:39 PM,07/28/2022 12:26:08 PM,0.04,in,A
05/02/2022 06:36:50 PM,07/28/2022 12:26:08 PM,0.04,in,A
05/02/2022 06:05:02 PM,07/28/2022 12:26:08 PM,0.04,in,A
05/02/2022 03:57:56 PM,07/28/2022 12:26:08 PM,0.00,in,A
05/02/2022 02:24:59 PM,07/28/2022 12:26:08 PM,0.04,in,A
05/02/2022 01:49:06 PM,07/28/2022 12:26:08 PM,0.04,in,A
05/02/2022 01:06:55 PM,07/28/2022 12:26:08 PM,0.04,in,A
05/01/2022 03:57:55 PM,07/28/2022 12:26:08 PM,0.00,in,A
05/01/2022 03:57:54 AM,07/28/2022 12:26:08 PM,0.00,in,A
04/30/2022 03:57:54 PM,07/28/2022 12:26:08 PM,0.00,in,A
04/30/2022 03:57:53 AM,07/28/2022 12:26:08 PM,0.00,in,A
04/30/2022 01:43:32 AM,07/28/2022 12:26:08 PM,0.04,in,A
04/30/2022 12:47:33 AM,07/28/2022 12:26:08 PM,0.04,in,A
04/30/2022 12:34:15 AM,07/28/2022 12:26:08 PM,0.04,in,A
04/30/2022 12:26:34 AM,07/28/2022 12:26:08 PM,0.04,in,A
04/30/2022 12:13:16 AM,07/28/2022 12:26:08 PM,0.04,in,A
04/30/2022 12:03:32 AM,07/28/2022 12:26:08 PM,0.04,in,A
04/29/2022 11:53:14 PM,07/28/2022 12:26:08 PM,0.04,in,A
04/29/2022 11:39:20 PM,07/28/2022 12:26:08 PM,0.04,in,A
04/29/2022 11:21:12 PM,07/28/2022 12:26:08 PM,0.04,in,A
04/29/2022 11:11:06 PM,07/28/2022 12:26:08 PM,0.04,in,A
04/29/2022 11:05:33 PM,07/28/2022 12:26:08 PM,0.04,in,A
04/29/2022 11:01:20 PM,07/28/2022 12:26:08 PM,0.08,in,A
04/29/2022 10:51:25 PM,07/28/2022 12:26:08 PM,0.04,in,A
04/29/2022 10:48:24 PM,07/28/2022 12:26:08 PM,0.04,in,A
04/29/2022 10:41:19 PM,07/28/2022 12:26:08 PM,0.04,in,A
04/29/2022 10:27:13 PM,07/28/2022 12:26:08 PM,0.04,in,A
04/29/2022 10:21:32 PM,07/28/2022 12:26:08 PM,0.04,in,A
04/29/2022 10:20:32 PM,07/28/2022 12:26:08 PM,0.12,in,A
04/29/2022 10:16:59 PM,07/28/2022 12:26:08 PM,0.04,in,A
04/29/2022 03:57:53 PM,07/28/2022 12:26:08 PM,0.00,in,A
04/29/2022 01:51:53 PM,07/28/2022 12:26:08 PM,0.04,in,A
04/29/2022 10:22:03 AM,07/28/2022 12:26:08 PM,0.04,in,A
04/29/2022 10:21:03 AM,07/28/2022 12:26:08 PM,0.04,in,A
04/29/2022 10:20:03 AM,07/28/2022 12:26:08 PM,0.04,in,A
04/29/2022 10:19:03 AM,07/28/2022 12:26:08 PM,0.04,in,A
04/29/2022 10:18:03 AM,07/28/2022 12:26:08 PM,0.04,in,A
04/29/2022 10:17:03 AM,07/28/2022 12:26:08 PM,0.04,in,A
04/29/2022 10:16:03 AM,07/28/2022 12:26:08 PM,0.04,in,A
04/29/2022 10:15:04 AM,07/28/2022 12:26:08 PM,0.08,in,A
04/29/2022 10:14:28 AM,07/28/2022 12:26:08 PM,0.04,in,A
04/29/2022 10:13:29 AM,07/28/2022 12:26:08 PM,0.08,in,A
04/29/2022 10:12:36 AM,07/28/2022 12:26:08 PM,0.08,in,A
04/29/2022 10:11:49 AM,07/28/2022 12:26:08 PM,0.08,in,A
04/29/2022 10:10:55 AM,07/28/2022 12:26:08 PM,0.08,in,A
04/29/2022 10:10:29 AM,07/28/2022 12:26:08 PM,0.04,in,A
04/29/2022 10:09:29 AM,07/28/2022 12:26:08 PM,0.04,in,A
04/29/2022 10:08:30 AM,07/28/2022 12:26:08 PM,0.04,in,A
04/29/2022 10:07:27 AM,07/28/2022 12:26:08 PM,0.08,in,A
04/29/2022 10:05:28 AM,07/28/2022 12:26:08 PM,0.04,in,A
04/29/2022 10:04:14 AM,07/28/2022 12:26:08 PM,0.04,in,A
04/29/2022 10:02:52 AM,07/28/2022 12:26:08 PM,0.04,in,A
04/29/2022 10:01:52 AM,07/28/2022 12:26:08 PM,0.04,in,A
04/29/2022 10:00:52 AM,07/28/2022 12:26:08 PM,0.04,in,A
04/29/2022 09:59:52 AM,07/28/2022 12:26:08 PM,0.04,in,A
04/29/2022 09:58:34 AM,07/28/2022 12:26:08 PM,0.04,in,A
04/29/2022 09:57:25 AM,07/28/2022 12:26:08 PM,0.04,in,A
04/29/2022 09:54:01 AM,07/28/2022 12:26:08 PM,0.04,in,A
04/29/2022 09:42:25 AM,07/28/2022 12:26:08 PM,0.04,in,A
04/29/2022 03:57:52 AM,07/28/2022 12:26:08 PM,0.00,in,A
04/28/2022 03:57:52 PM,07/28/2022 12:26:08 PM,0.00,in,A
04/28/2022 10:41:31 AM,07/28/2022 12:26:08 PM,0.04,in,A
04/28/2022 03:57:51 AM,07/28/2022 12:26:08 PM,0.00,in,A
04/27/2022 03:57:51 PM,07/28/2022 12:26:08 PM,0.00,in,A
04/27/2022 03:57:50 AM,07/28/2022 12:26:08 PM,0.00,in,A
04/26/2022 03:57:50 PM,07/28/2022 12:26:08 PM,0.00,in,A
04/26/2022 03:57:49 AM,07/28/2022 12:26:08 PM,0.00,in,A
04/25/2022 03:57:48 PM,07/28/2022 12:26:08 PM,0.00,in,A
04/25/2022 03:57:48 AM,07/28/2022 12:26:08 PM,0.00,in,A
04/24/2022 03:57:47 PM,07/28/2022 12:26:08 PM,0.00,in,A
04/24/2022 03:57:47 AM,07/28/2022 12:26:08 PM,0.00,in,A
04/24/2022 01:46:50 AM,07/28/2022 12:26:08 PM,0.04,in,A
04/24/2022 12:39:29 AM,07/28/2022 12:26:08 PM,0.04,in,A
04/24/2022 12:29:20 AM,07/28/2022 12:26:08 PM,0.04,in,A
04/24/2022 12:27:23 AM,07/28/2022 12:26:08 PM,0.08,in,A
04/24/2022 12:14:19 AM,07/28/2022 12:26:08 PM,0.04,in,A
04/23/2022 10:48:16 PM,07/28/2022 12:26:08 PM,0.04,in,A
04/23/2022 10:09:26 PM,07/28/2022 12:26:08 PM,0.04,in,A
04/23/2022 10:07:55 PM,07/28/2022 12:26:08 PM,0.04,in,A
04/23/2022 09:53:01 PM,07/28/2022 12:26:08 PM,0.04,in,A
04/23/2022 09:42:42 PM,07/28/2022 12:26:08 PM,0.04,in,A
04/23/2022 09:40:34 PM,07/28/2022 12:26:08 PM,0.04,in,A
04/23/2022 09:37:47 PM,07/28/2022 12:26:08 PM,0.04,in,A
04/23/2022 03:57:46 PM,07/28/2022 12:26:08 PM,0.00,in,A
04/23/2022 03:57:46 AM,07/28/2022 12:26:08 PM,0.00,in,A
04/22/2022 03:57:46 PM,07/28/2022 12:26:08 PM,0.00,in,A
04/22/2022 03:57:45 AM,07/28/2022 12:26:08 PM,0.00,in,A
04/21/2022 05:23:14 PM,07/28/2022 12:26:08 PM,0.04,in,A
04/21/2022 05:19:12 PM,07/28/2022 12:26:08 PM,0.04,in,A
04/21/2022 05:17:54 PM,07/28/2022 12:26:08 PM,0.04,in,A
04/21/2022 03:57:45 PM,07/28/2022 12:26:08 PM,0.00,in,A
04/21/2022 03:57:44 AM,07/28/2022 12:26:08 PM,0.00,in,A
04/20/2022 03:57:43 PM,07/28/2022 12:26:08 PM,0.00,in,A
04/20/2022 03:57:43 AM,07/28/2022 12:26:08 PM,0.00,in,A
04/19/2022 03:57:42 PM,07/28/2022 12:26:08 PM,0.00,in,A
04/19/2022 03:57:41 AM,07/28/2022 12:26:08 PM,0.00,in,A
04/18/2022 03:57:41 PM,07/28/2022 12:26:08 PM,0.00,in,A
04/18/2022 03:57:40 AM,07/28/2022 12:26:08 PM,0.00,in,A
04/17/2022 03:57:39 PM,07/28/2022 12:26:08 PM,0.00,in,A
04/17/2022 02:07:39 PM,07/28/2022 12:26:08 PM,0.04,in,A
04/17/2022 12:42:28 PM,07/28/2022 12:26:08 PM,0.04,in,A
04/17/2022 12:10:34 PM,07/28/2022 12:26:08 PM,0.04,in,A
04/17/2022 12:00:23 PM,07/28/2022 12:26:08 PM,0.04,in,A
04/17/2022 03:57:38 AM,07/28/2022 12:26:08 PM,0.00,in,A
04/16/2022 03:57:38 PM,07/28/2022 12:26:08 PM,0.00,in,A
04/16/2022 03:57:37 AM,07/28/2022 12:26:08 PM,0.00,in,A
04/15/2022 03:57:37 PM,07/28/2022 12:26:08 PM,0.00,in,A
04/15/2022 03:57:36 AM,07/28/2022 12:26:08 PM,0.00,in,A
04/14/2022 03:57:35 PM,07/28/2022 12:26:08 PM,0.00,in,A
04/14/2022 03:57:35 AM,07/28/2022 12:26:08 PM,0.00,in,A
04/13/2022 03:57:34 PM,07/28/2022 12:26:08 PM,0.00,in,A
04/13/2022 03:57:33 AM,07/28/2022 12:26:08 PM,0.00,in,A
04/13/2022 03:16:20 AM,07/28/2022 12:26:08 PM,0.04,in,A
04/13/2022 02:58:58 AM,07/28/2022 12:26:08 PM,0.04,in,A
04/13/2022 02:56:50 AM,07/28/2022 12:26:08 PM,0.04,in,A
04/13/2022 01:51:17 AM,07/28/2022 12:26:08 PM,0.04,in,A
04/13/2022 01:40:40 AM,07/28/2022 12:26:08 PM,0.04,in,A
04/13/2022 01:23:49 AM,07/28/2022 12:26:08 PM,0.04,in,A
04/12/2022 03:57:33 PM,07/28/2022 12:26:08 PM,0.00,in,A
04/12/2022 03:57:32 AM,07/28/2022 12:26:08 PM,0.00,in,A
04/11/2022 03:57:32 PM,07/28/2022 12:26:08 PM,0.04,in,A
04/11/2022 03:57:31 AM,07/28/2022 12:26:08 PM,0.00,in,A
04/10/2022 03:57:31 PM,07/28/2022 12:26:08 PM,0.00,in,A
04/10/2022 03:57:30 AM,07/28/2022 12:26:08 PM,0.00,in,A
04/09/2022 03:57:30 PM,07/28/2022 12:26:08 PM,0.00,in,A
04/09/2022 03:57:29 AM,07/28/2022 12:26:08 PM,0.00,in,A
04/08/2022 03:57:28 PM,07/28/2022 12:26:08 PM,0.00,in,A
04/07/2022 03:57:26 PM,07/28/2022 12:26:08 PM,0.00,in,A
04/07/2022 03:57:26 AM,07/28/2022 12:26:08 PM,0.00,in,A
04/06/2022 03:57:25 PM,07/28/2022 12:26:08 PM,0.00,in,A
04/06/2022 12:59:25 PM,07/28/2022 12:26:08 PM,0.04,in,A
04/06/2022 03:57:24 AM,07/28/2022 12:26:08 PM,0.00,in,A
04/06/2022 01:38:30 AM,07/28/2022 12:26:08 PM,0.04,in,A
04/06/2022 01:00:39 AM,07/28/2022 12:26:08 PM,0.04,in,A
04/06/2022 12:39:30 AM,07/28/2022 12:26:08 PM,0.04,in,A
04/06/2022 12:11:38 AM,07/28/2022 12:26:08 PM,0.04,in,A
04/05/2022 11:38:38 PM,07/28/2022 12:26:08 PM,0.04,in,A
04/05/2022 11:29:48 PM,07/28/2022 12:26:07 PM,0.04,in,A
04/05/2022 05:28:57 PM,07/28/2022 12:26:07 PM,0.04,in,A
04/05/2022 05:18:27 PM,07/28/2022 12:26:07 PM,0.04,in,A
04/05/2022 05:16:39 PM,07/28/2022 12:26:07 PM,0.04,in,A
04/05/2022 05:14:01 PM,07/28/2022 12:26:07 PM,0.08,in,A
04/05/2022 05:11:44 PM,07/28/2022 12:26:07 PM,0.04,in,A
04/05/2022 05:10:45 PM,07/28/2022 12:26:07 PM,0.04,in,A
04/05/2022 05:09:30 PM,07/28/2022 12:26:07 PM,0.04,in,A
04/05/2022 03:57:24 PM,07/28/2022 12:26:07 PM,0.00,in,A
04/05/2022 03:57:23 AM,07/28/2022 12:26:07 PM,0.00,in,A
04/04/2022 03:57:23 PM,07/28/2022 12:26:07 PM,0.00,in,A
04/04/2022 03:57:22 AM,07/28/2022 12:26:07 PM,0.00,in,A
04/03/2022 09:55:09 PM,07/28/2022 12:26:07 PM,0.08,in,A
04/03/2022 03:57:21 PM,07/28/2022 12:26:07 PM,0.00,in,A
04/03/2022 03:57:21 AM,07/28/2022 12:26:07 PM,0.00,in,A
04/02/2022 03:57:20 PM,07/28/2022 12:26:07 PM,0.00,in,A
04/02/2022 03:57:20 AM,07/28/2022 12:26:07 PM,0.00,in,A
04/01/2022 03:57:19 PM,07/28/2022 12:26:07 PM,0.00,in,A
04/01/2022 03:57:18 AM,07/28/2022 12:26:07 PM,0.00,in,A
03/31/2022 03:57:17 PM,07/28/2022 12:26:07 PM,0.00,in,A
03/31/2022 03:57:16 AM,07/28/2022 12:26:07 PM,0.00,in,A
03/30/2022 07:49:10 PM,07/28/2022 12:26:07 PM,0.04,in,A
03/30/2022 03:57:15 PM,07/28/2022 12:26:07 PM,0.00,in,A
03/30/2022 05:32:47 AM,07/28/2022 12:26:07 PM,0.04,in,A
03/30/2022 03:57:15 AM,07/28/2022 12:26:07 PM,0.00,in,A
03/30/2022 01:52:48 AM,07/28/2022 12:26:07 PM,0.04,in,A
03/30/2022 01:42:25 AM,07/28/2022 12:26:07 PM,0.04,in,A
03/30/2022 01:32:21 AM,07/28/2022 12:26:07 PM,0.04,in,A
03/30/2022 01:22:18 AM,07/28/2022 12:26:07 PM,0.08,in,A
03/30/2022 12:53:07 AM,07/28/2022 12:26:07 PM,0.04,in,A
03/30/2022 12:31:49 AM,07/28/2022 12:26:07 PM,0.04,in,A
03/30/2022 12:12:48 AM,07/28/2022 12:26:07 PM,0.08,in,A
03/29/2022 11:35:50 PM,07/28/2022 12:26:07 PM,0.08,in,A
03/29/2022 11:19:24 PM,07/28/2022 12:26:07 PM,0.04,in,A
03/29/2022 11:07:37 PM,07/28/2022 12:26:07 PM,0.04,in,A
03/29/2022 11:06:09 PM,07/28/2022 12:26:07 PM,0.12,in,A
03/29/2022 11:01:42 PM,07/28/2022 12:26:07 PM,0.04,in,A
03/29/2022 10:59:30 PM,07/28/2022 12:26:07 PM,0.08,in,A
03/29/2022 10:47:05 PM,07/28/2022 12:26:07 PM,0.04,in,A
03/29/2022 10:42:02 PM,07/28/2022 12:26:07 PM,0.08,in,A
03/29/2022 10:38:31 PM,07/28/2022 12:26:07 PM,0.04,in,A
03/29/2022 10:37:32 PM,07/28/2022 12:26:07 PM,0.04,in,A
03/29/2022 10:36:09 PM,07/28/2022 12:26:07 PM,0.08,in,A
03/29/2022 10:34:09 PM,07/28/2022 12:26:07 PM,0.12,in,A
03/29/2022 03:57:14 PM,07/28/2022 12:26:07 PM,0.00,in,A
03/29/2022 03:57:14 AM,07/28/2022 12:26:07 PM,0.00,in,A
03/28/2022 03:57:13 PM,07/28/2022 12:26:07 PM,0.00,in,A
03/28/2022 03:57:12 AM,07/28/2022 12:26:07 PM,0.00,in,A
03/27/2022 03:57:11 PM,07/28/2022 12:26:07 PM,0.00,in,A
03/27/2022 03:57:10 AM,07/28/2022 12:26:07 PM,0.00,in,A
03/26/2022 03:57:10 PM,07/28/2022 12:26:07 PM,0.00,in,A
03/26/2022 03:57:09 AM,07/28/2022 12:26:07 PM,0.00,in,A
03/25/2022 03:57:08 PM,07/28/2022 12:26:07 PM,0.00,in,A
03/25/2022 03:57:07 AM,07/28/2022 12:26:07 PM,0.00,in,A
03/24/2022 03:57:06 PM,07/28/2022 12:26:07 PM,0.00,in,A
03/24/2022 03:57:05 AM,07/28/2022 12:26:07 PM,0.00,in,A
03/23/2022 03:57:05 PM,07/28/2022 12:26:07 PM,0.00,in,A
03/23/2022 01:55:37 PM,07/28/2022 12:26:07 PM,0.04,in,A
03/23/2022 11:30:05 AM,07/28/2022 12:26:07 PM,0.04,in,A
03/23/2022 10:04:56 AM,07/28/2022 12:26:07 PM,0.04,in,A
03/23/2022 09:01:01 AM,07/28/2022 12:26:07 PM,0.04,in,A
03/23/2022 08:27:26 AM,07/28/2022 12:26:07 PM,0.04,in,A
03/23/2022 07:56:20 AM,07/28/2022 12:26:07 PM,0.04,in,A
03/23/2022 07:19:40 AM,07/28/2022 12:26:07 PM,0.04,in,A
03/23/2022 06:42:44 AM,07/28/2022 12:26:07 PM,0.04,in,A
03/23/2022 05:58:38 AM,07/28/2022 12:26:07 PM,0.04,in,A
03/23/2022 05:26:12 AM,07/28/2022 12:26:07 PM,0.04,in,A
03/23/2022 04:31:26 AM,07/28/2022 12:26:07 PM,0.04,in,A
03/23/2022 03:57:04 AM,07/28/2022 12:26:07 PM,0.00,in,A
03/23/2022 03:13:10 AM,07/28/2022 12:26:07 PM,0.08,in,A
03/23/2022 02:16:20 AM,07/28/2022 12:26:07 PM,0.04,in,A
03/23/2022 01:58:45 AM,07/28/2022 12:26:07 PM,0.04,in,A
03/23/2022 01:27:46 AM,07/28/2022 12:26:07 PM,0.04,in,A
03/23/2022 01:02:23 AM,07/28/2022 12:26:07 PM,0.04,in,A
03/23/2022 12:44:10 AM,07/28/2022 12:26:07 PM,0.04,in,A
03/22/2022 11:16:49 PM,07/28/2022 12:26:07 PM,0.04,in,A
03/22/2022 10:56:14 PM,07/28/2022 12:26:07 PM,0.04,in,A
03/22/2022 10:35:31 PM,07/28/2022 12:26:07 PM,0.04,in,A
03/22/2022 09:15:58 PM,07/28/2022 12:26:07 PM,0.04,in,A
03/22/2022 07:48:37 PM,07/28/2022 12:26:07 PM,0.04,in,A
03/22/2022 07:30:23 PM,07/28/2022 12:26:07 PM,0.04,in,A
03/22/2022 06:41:31 PM,07/28/2022 12:26:07 PM,0.04,in,A
03/22/2022 05:09:11 PM,07/28/2022 12:26:07 PM,0.04,in,A
03/22/2022 03:57:03 PM,07/28/2022 12:26:07 PM,0.00,in,A
03/22/2022 12:50:54 PM,07/28/2022 12:26:07 PM,0.04,in,A
03/22/2022 12:46:37 PM,07/28/2022 12:26:07 PM,0.04,in,A
03/22/2022 11:36:31 AM,07/28/2022 12:26:07 PM,0.04,in,A
03/22/2022 03:57:02 AM,07/28/2022 12:26:07 PM,0.00,in,A
03/22/2022 12:28:35 AM,07/28/2022 12:26:07 PM,0.04,in,A
03/21/2022 11:44:46 PM,07/28/2022 12:26:07 PM,0.08,in,A
03/21/2022 11:07:19 PM,07/28/2022 12:26:07 PM,0.04,in,A
03/21/2022 10:43:38 PM,07/28/2022 12:26:07 PM,0.04,in,A
03/21/2022 10:31:41 PM,07/28/2022 12:26:07 PM,0.04,in,A
03/21/2022 10:18:21 PM,07/28/2022 12:26:07 PM,0.04,in,A
03/21/2022 10:03:20 PM,07/28/2022 12:26:07 PM,0.04,in,A
03/21/2022 09:40:35 PM,07/28/2022 12:26:07 PM,0.04,in,A
03/21/2022 09:26:45 PM,07/28/2022 12:26:07 PM,0.04,in,A
03/21/2022 09:19:27 PM,07/28/2022 12:26:07 PM,0.04,in,A
03/21/2022 09:11:51 PM,07/28/2022 12:26:07 PM,0.04,in,A
03/21/2022 09:04:08 PM,07/28/2022 12:26:07 PM,0.08,in,A
03/21/2022 08:48:57 PM,07/28/2022 12:26:07 PM,0.04,in,A
03/21/2022 08:43:06 PM,07/28/2022 12:26:07 PM,0.08,in,A
03/21/2022 08:31:14 PM,07/28/2022 12:26:07 PM,0.04,in,A
03/21/2022 08:21:12 PM,07/28/2022 12:26:07 PM,0.04,in,A
03/21/2022 08:09:39 PM,07/28/2022 12:26:07 PM,0.04,in,A
03/21/2022 07:59:47 PM,07/28/2022 12:26:07 PM,0.04,in,A
03/21/2022 07:50:42 PM,07/28/2022 12:26:07 PM,0.04,in,A
03/21/2022 07:28:47 PM,07/28/2022 12:26:07 PM,0.04,in,A
03/21/2022 07:11:24 PM,07/28/2022 12:26:07 PM,0.04,in,A
03/21/2022 06:43:05 PM,07/28/2022 12:26:07 PM,0.04,in,A
03/21/2022 06:24:05 PM,07/28/2022 12:26:07 PM,0.04,in,A
03/21/2022 06:14:17 PM,07/28/2022 12:26:07 PM,0.04,in,A
03/21/2022 06:06:02 PM,07/28/2022 12:26:07 PM,0.04,in,A
03/21/2022 05:56:51 PM,07/28/2022 12:26:07 PM,0.04,in,A
03/21/2022 05:49:08 PM,07/28/2022 12:26:07 PM,0.04,in,A
03/21/2022 05:40:17 PM,07/28/2022 12:26:07 PM,0.04,in,A
03/21/2022 05:22:25 PM,07/28/2022 12:26:07 PM,0.04,in,A
03/21/2022 04:46:39 PM,07/28/2022 12:26:07 PM,0.04,in,A
03/21/2022 04:26:59 PM,07/28/2022 12:26:07 PM,0.04,in,A
03/21/2022 03:57:02 PM,07/28/2022 12:26:07 PM,0.00,in,A
03/21/2022 03:47:11 PM,07/28/2022 12:26:07 PM,0.04,in,A
03/21/2022 02:34:29 PM,07/28/2022 12:26:07 PM,0.04,in,A
03/21/2022 03:57:01 AM,07/28/2022 12:26:07 PM,0.00,in,A
03/20/2022 03:57:01 PM,07/28/2022 12:26:07 PM,0.00,in,A
03/20/2022 03:57:00 AM,07/28/2022 12:26:07 PM,0.00,in,A
03/19/2022 03:56:59 PM,07/28/2022 12:26:07 PM,0.00,in,A
03/19/2022 03:56:58 AM,07/28/2022 12:26:07 PM,0.00,in,A
03/18/2022 07:34:46 PM,07/28/2022 12:26:07 PM,0.04,in,A
03/18/2022 06:25:39 PM,07/28/2022 12:26:07 PM,0.04,in,A
03/18/2022 03:56:58 PM,07/28/2022 12:26:07 PM,0.00,in,A
03/18/2022 01:46:05 PM,07/28/2022 12:26:07 PM,0.04,in,A
03/18/2022 07:49:31 AM,07/28/2022 12:26:07 PM,0.08,in,A
03/18/2022 06:07:36 AM,07/28/2022 12:26:07 PM,0.04,in,A
03/18/2022 03:56:57 AM,07/28/2022 12:26:07 PM,0.00,in,A
03/18/2022 01:41:38 AM,07/28/2022 12:26:07 PM,0.04,in,A
03/17/2022 03:56:56 PM,07/28/2022 12:26:07 PM,0.00,in,A
03/17/2022 03:56:56 AM,07/28/2022 12:26:07 PM,0.00,in,A
03/16/2022 03:56:55 PM,07/28/2022 12:26:07 PM,0.00,in,A
03/16/2022 03:56:54 AM,07/28/2022 12:26:07 PM,0.00,in,A
03/15/2022 03:56:54 PM,07/28/2022 12:26:07 PM,0.00,in,A
03/15/2022 03:56:53 AM,07/28/2022 12:26:07 PM,0.00,in,A
03/14/2022 03:56:52 PM,07/28/2022 12:26:07 PM,0.00,in,A
03/14/2022 03:56:52 AM,07/28/2022 12:26:07 PM,0.00,in,A
03/13/2022 03:56:51 PM,07/28/2022 12:26:06 PM,0.00,in,A
03/13/2022 03:56:50 AM,07/28/2022 12:26:06 PM,0.00,in,A
03/12/2022 02:56:49 PM,07/28/2022 12:26:06 PM,0.00,in,A
03/12/2022 02:56:47 AM,07/28/2022 12:26:06 PM,0.00,in,A
03/11/2022 03:39:18 PM,07/28/2022 12:26:06 PM,0.04,in,A
03/11/2022 02:56:46 PM,07/28/2022 12:26:06 PM,0.00,in,A
03/11/2022 02:15:14 PM,07/28/2022 12:26:06 PM,0.04,in,A
03/11/2022 01:28:23 PM,07/28/2022 12:26:06 PM,0.04,in,A
03/11/2022 01:06:46 PM,07/28/2022 12:26:06 PM,0.04,in,A
03/11/2022 12:48:40 PM,07/28/2022 12:26:06 PM,0.04,in,A
03/11/2022 02:56:45 AM,07/28/2022 12:26:06 PM,0.00,in,A
03/10/2022 02:56:44 PM,07/28/2022 12:26:06 PM,0.00,in,A
03/10/2022 11:37:40 AM,07/28/2022 12:26:06 PM,0.04,in,A
03/10/2022 02:56:43 AM,07/28/2022 12:26:06 PM,0.00,in,A
03/09/2022 02:56:42 PM,07/28/2022 12:26:06 PM,0.00,in,A
03/09/2022 02:56:41 AM,07/28/2022 12:26:06 PM,0.00,in,A
03/08/2022 02:56:40 PM,07/28/2022 12:26:06 PM,0.00,in,A
03/08/2022 02:56:39 AM,07/28/2022 12:26:06 PM,0.00,in,A
03/07/2022 05:02:55 PM,07/28/2022 12:26:06 PM,0.04,in,A
03/07/2022 02:56:37 PM,07/28/2022 12:26:06 PM,0.00,in,A
03/07/2022 02:55:34 PM,07/28/2022 12:26:06 PM,0.04,in,A
03/07/2022 02:20:50 PM,07/28/2022 12:26:06 PM,0.04,in,A
03/07/2022 01:36:40 PM,07/28/2022 12:26:06 PM,0.04,in,A
03/07/2022 12:35:02 PM,07/28/2022 12:26:06 PM,0.04,in,A
03/07/2022 02:56:36 AM,07/28/2022 12:26:06 PM,0.00,in,A
03/06/2022 08:11:14 PM,07/28/2022 12:26:06 PM,0.04,in,A
03/06/2022 07:18:31 PM,07/28/2022 12:26:06 PM,0.04,in,A
03/06/2022 06:58:31 PM,07/28/2022 12:26:06 PM,0.04,in,A
03/06/2022 06:51:00 PM,07/28/2022 12:26:06 PM,0.04,in,A
03/06/2022 06:44:11 PM,07/28/2022 12:26:06 PM,0.04,in,A
03/06/2022 06:37:21 PM,07/28/2022 12:26:06 PM,0.04,in,A
03/06/2022 06:31:08 PM,07/28/2022 12:26:06 PM,0.04,in,A
03/06/2022 02:56:35 PM,07/28/2022 12:26:06 PM,0.00,in,A
03/06/2022 02:56:35 AM,07/28/2022 12:26:06 PM,0.00,in,A
03/05/2022 02:56:34 PM,07/28/2022 12:26:06 PM,0.00,in,A
03/05/2022 02:56:33 AM,07/28/2022 12:26:06 PM,0.00,in,A
03/04/2022 02:56:33 PM,07/28/2022 12:26:06 PM,0.00,in,A
03/04/2022 02:56:32 AM,07/28/2022 12:26:06 PM,0.00,in,A
03/03/2022 02:56:31 PM,07/28/2022 12:26:06 PM,0.00,in,A
03/03/2022 02:56:31 AM,07/28/2022 12:26:06 PM,0.00,in,A
03/02/2022 02:56:30 PM,07/28/2022 12:26:06 PM,0.00,in,A
03/02/2022 02:56:29 AM,07/28/2022 12:26:06 PM,0.00,in,A
03/01/2022 02:56:28 PM,07/28/2022 12:26:06 PM,0.00,in,A
03/01/2022 02:56:27 AM,07/28/2022 12:26:06 PM,0.00,in,A
02/28/2022 02:56:27 PM,07/28/2022 12:26:06 PM,0.00,in,A
02/28/2022 02:56:25 AM,07/28/2022 12:26:06 PM,0.00,in,A
02/27/2022 02:56:24 PM,07/28/2022 12:26:06 PM,0.00,in,A
02/27/2022 02:56:23 AM,07/28/2022 12:26:06 PM,0.00,in,A
02/26/2022 02:56:22 PM,07/28/2022 12:26:06 PM,0.00,in,A
02/26/2022 02:56:21 AM,07/28/2022 12:26:06 PM,0.00,in,A
02/25/2022 02:56:19 PM,07/28/2022 12:26:06 PM,0.00,in,A
02/25/2022 02:56:18 AM,07/28/2022 12:26:06 PM,0.00,in,A
02/24/2022 02:56:16 PM,07/28/2022 12:26:06 PM,0.00,in,A
02/24/2022 02:56:15 AM,07/28/2022 12:26:06 PM,0.00,in,A
02/23/2022 02:56:14 PM,07/28/2022 12:26:06 PM,0.00,in,A
02/23/2022 02:56:12 AM,07/28/2022 12:26:06 PM,0.00,in,A
02/22/2022 02:56:11 PM,07/28/2022 12:26:06 PM,0.00,in,A
02/22/2022 02:56:10 AM,07/28/2022 12:26:06 PM,0.00,in,A
02/21/2022 02:56:09 PM,07/28/2022 12:26:06 PM,0.00,in,A
02/21/2022 02:56:08 AM,07/28/2022 12:26:06 PM,0.00,in,A
02/20/2022 02:56:07 PM,07/28/2022 12:26:06 PM,0.00,in,A
02/20/2022 02:56:06 AM,07/28/2022 12:26:06 PM,0.00,in,A
02/19/2022 02:56:05 PM,07/28/2022 12:26:06 PM,0.00,in,A
02/19/2022 02:56:04 AM,07/28/2022 12:26:06 PM,0.00,in,A
02/18/2022 02:56:03 PM,07/28/2022 12:26:06 PM,0.00,in,A
02/18/2022 01:38:06 PM,07/28/2022 12:26:05 PM,0.04,in,A
02/18/2022 12:34:12 PM,07/28/2022 12:26:05 PM,0.04,in,A
02/18/2022 12:20:56 PM,07/28/2022 12:26:05 PM,0.04,in,A
02/18/2022 12:10:28 PM,07/28/2022 12:26:05 PM,0.04,in,A
02/18/2022 12:01:16 PM,07/28/2022 12:26:05 PM,0.04,in,A
02/18/2022 11:28:57 AM,07/28/2022 12:26:05 PM,0.04,in,A
02/18/2022 10:32:03 AM,07/28/2022 12:26:05 PM,0.04,in,A
02/17/2022 02:56:00 PM,07/28/2022 12:26:05 PM,0.00,in,A
02/17/2022 02:55:59 AM,07/28/2022 12:26:05 PM,0.00,in,A
02/16/2022 09:20:45 PM,07/28/2022 12:26:05 PM,0.04,in,A
02/16/2022 09:17:18 PM,07/28/2022 12:26:05 PM,0.04,in,A
02/16/2022 02:55:58 PM,07/28/2022 12:26:05 PM,0.00,in,A
02/16/2022 02:55:58 AM,07/28/2022 12:26:05 PM,0.00,in,A
02/15/2022 02:55:57 PM,07/28/2022 12:26:05 PM,0.00,in,A
02/15/2022 02:55:56 AM,07/28/2022 12:26:05 PM,0.00,in,A
02/14/2022 02:55:55 PM,07/28/2022 12:26:05 PM,0.00,in,A
02/14/2022 02:55:54 AM,07/28/2022 12:26:05 PM,0.00,in,A
02/13/2022 02:55:53 PM,07/28/2022 12:26:05 PM,0.00,in,A
02/13/2022 02:55:52 AM,07/28/2022 12:26:05 PM,0.00,in,A
02/12/2022 02:55:50 PM,07/28/2022 12:26:05 PM,0.00,in,A
02/12/2022 02:55:49 AM,07/28/2022 12:26:05 PM,0.00,in,A
02/11/2022 02:55:48 PM,07/28/2022 12:26:05 PM,0.00,in,A
02/11/2022 02:55:47 AM,07/28/2022 12:26:05 PM,0.00,in,A
02/10/2022 02:55:47 PM,07/28/2022 12:26:05 PM,0.00,in,A
02/10/2022 02:55:45 AM,07/28/2022 12:26:05 PM,0.00,in,A
02/09/2022 02:55:45 PM,07/28/2022 12:26:05 PM,0.00,in,A
02/09/2022 02:55:43 AM,07/28/2022 12:26:05 PM,0.00,in,A
02/08/2022 02:55:43 PM,07/28/2022 12:26:05 PM,0.00,in,A
02/08/2022 02:55:42 AM,07/28/2022 12:26:05 PM,0.00,in,A
02/07/2022 02:55:41 PM,07/28/2022 12:26:05 PM,0.00,in,A
02/07/2022 02:55:39 AM,07/28/2022 12:26:05 PM,0.00,in,A
02/06/2022 02:55:38 PM,07/28/2022 12:26:05 PM,0.00,in,A
02/06/2022 02:55:37 AM,07/28/2022 12:26:05 PM,0.00,in,A
02/05/2022 02:55:36 PM,07/28/2022 12:26:05 PM,0.00,in,A
02/05/2022 11:39:39 AM,07/28/2022 12:26:05 PM,0.04,in,A
02/04/2022 03:33:42 PM,07/28/2022 12:26:05 PM,0.04,in,A
02/04/2022 02:55:34 PM,07/28/2022 12:26:05 PM,0.00,in,A
02/04/2022 02:17:37 PM,07/28/2022 12:26:05 PM,0.04,in,A
02/04/2022 01:40:07 PM,07/28/2022 12:26:05 PM,0.04,in,A
02/04/2022 01:18:33 PM,07/28/2022 12:26:05 PM,0.04,in,A
02/04/2022 02:55:32 AM,07/28/2022 12:26:05 PM,0.00,in,A
02/03/2022 02:55:31 PM,07/28/2022 12:26:05 PM,0.00,in,A
02/03/2022 02:55:29 AM,07/28/2022 12:26:05 PM,0.00,in,A
02/02/2022 02:55:28 PM,07/28/2022 12:26:05 PM,0.00,in,A
02/02/2022 02:55:26 AM,07/28/2022 12:26:05 PM,0.00,in,A
02/01/2022 07:25:13 PM,07/28/2022 12:26:05 PM,0.04,in,A
02/01/2022 04:15:39 PM,07/28/2022 12:26:05 PM,0.04,in,A
02/01/2022 02:55:25 PM,07/28/2022 12:26:05 PM,0.00,in,A
02/01/2022 02:06:33 PM,07/28/2022 12:26:05 PM,0.04,in,A
02/01/2022 02:55:25 AM,07/28/2022 12:26:05 PM,0.00,in,A
01/31/2022 02:55:24 PM,07/28/2022 12:26:05 PM,0.00,in,A
01/31/2022 02:55:23 AM,07/28/2022 12:26:05 PM,0.00,in,A
01/30/2022 02:55:22 PM,07/28/2022 12:26:05 PM,0.00,in,A
01/30/2022 02:55:20 AM,07/28/2022 12:26:05 PM,0.00,in,A
01/29/2022 02:55:19 PM,07/28/2022 12:26:05 PM,0.00,in,A
01/29/2022 02:55:18 AM,07/28/2022 12:26:05 PM,0.00,in,A
01/28/2022 02:55:17 PM,07/28/2022 12:26:05 PM,0.00,in,A
01/28/2022 02:55:16 AM,07/28/2022 12:26:05 PM,0.00,in,A
01/27/2022 02:55:15 PM,07/28/2022 12:26:05 PM,0.00,in,A
01/27/2022 02:55:14 AM,07/28/2022 12:26:05 PM,0.00,in,A
01/26/2022 02:55:12 PM,07/28/2022 12:26:05 PM,0.00,in,A
01/25/2022 02:55:09 PM,07/28/2022 12:26:05 PM,0.00,in,A
01/25/2022 02:55:08 AM,07/28/2022 12:26:05 PM,0.00,in,A
01/24/2022 02:55:07 PM,07/28/2022 12:26:05 PM,0.00,in,A
01/24/2022 02:55:06 AM,07/28/2022 12:26:05 PM,0.00,in,A
01/22/2022 02:55:03 PM,07/28/2022 12:26:05 PM,0.00,in,A
01/22/2022 02:55:02 AM,07/28/2022 12:26:05 PM,0.00,in,A
01/21/2022 02:55:01 PM,07/28/2022 12:26:05 PM,0.00,in,A
01/20/2022 02:54:57 PM,07/28/2022 12:26:05 PM,0.00,in,A
01/20/2022 02:54:56 AM,07/28/2022 12:26:05 PM,0.00,in,A
01/19/2022 02:54:54 PM,07/28/2022 12:26:05 PM,0.00,in,A
01/19/2022 02:54:53 AM,07/28/2022 12:26:05 PM,0.00,in,A
01/18/2022 02:54:53 PM,07/28/2022 12:26:05 PM,0.00,in,A
01/18/2022 02:54:52 AM,07/28/2022 12:26:05 PM,0.00,in,A
01/17/2022 02:54:51 PM,07/28/2022 12:26:05 PM,0.00,in,A
01/17/2022 01:40:50 PM,07/28/2022 12:26:05 PM,0.04,in,A
01/17/2022 01:14:02 PM,07/28/2022 12:26:05 PM,0.04,in,A
01/17/2022 12:57:14 PM,07/28/2022 12:26:05 PM,0.04,in,A
01/17/2022 12:42:19 PM,07/28/2022 12:26:05 PM,0.04,in,A
01/17/2022 12:25:25 PM,07/28/2022 12:26:05 PM,0.04,in,A
01/17/2022 12:09:56 PM,07/28/2022 12:26:05 PM,0.04,in,A
01/17/2022 11:58:53 AM,07/28/2022 12:26:05 PM,0.04,in,A
01/17/2022 02:54:49 AM,07/28/2022 12:26:05 PM,0.00,in,A
01/16/2022 02:54:48 PM,07/28/2022 12:26:05 PM,0.00,in,A
01/16/2022 02:54:47 AM,07/28/2022 12:26:05 PM,0.00,in,A
01/15/2022 02:54:46 PM,07/28/2022 12:26:05 PM,0.00,in,A
01/15/2022 02:54:45 AM,07/28/2022 12:26:05 PM,0.00,in,A
01/14/2022 11:03:29 PM,07/28/2022 12:26:05 PM,0.04,in,A
01/14/2022 10:08:50 PM,07/28/2022 12:26:05 PM,0.04,in,A
01/14/2022 02:54:42 PM,07/28/2022 12:26:05 PM,0.00,in,A
01/14/2022 02:54:34 PM,07/28/2022 12:26:05 PM,0.00,in,A
01/14/2022 02:54:25 PM,07/28/2022 12:26:05 PM,0.00,in,A
01/14/2022 01:21:09 PM,07/28/2022 12:26:05 PM,0.04,in,A
01/14/2022 08:41:03 AM,07/28/2022 12:26:05 PM,0.00,in,A
01/13/2022 08:41:02 PM,07/28/2022 12:26:05 PM,0.00,in,A
01/13/2022 08:41:01 AM,07/28/2022 12:26:05 PM,0.00,in,A
01/12/2022 08:41:00 PM,07/28/2022 12:26:05 PM,0.00,in,A
01/12/2022 08:40:59 AM,07/28/2022 12:26:04 PM,0.00,in,A
01/11/2022 08:40:58 PM,07/28/2022 12:26:04 PM,0.00,in,A
01/11/2022 08:40:57 AM,07/28/2022 12:26:04 PM,0.00,in,A
01/10/2022 08:40:56 PM,07/28/2022 12:26:04 PM,0.00,in,A
01/10/2022 08:40:55 AM,07/28/2022 12:26:04 PM,0.00,in,A
01/09/2022 08:40:54 PM,07/28/2022 12:26:04 PM,0.00,in,A
01/09/2022 08:40:52 AM,07/28/2022 12:26:04 PM,0.00,in,A
01/08/2022 09:01:10 PM,07/28/2022 12:26:04 PM,0.04,in,A
01/08/2022 08:40:51 PM,07/28/2022 12:26:04 PM,0.00,in,A
01/08/2022 08:40:50 AM,07/28/2022 12:26:04 PM,0.00,in,A
01/07/2022 08:40:49 PM,07/28/2022 12:26:04 PM,0.00,in,A
01/07/2022 08:40:48 AM,07/28/2022 12:26:04 PM,0.00,in,A
01/06/2022 08:40:46 PM,07/28/2022 12:26:04 PM,0.00,in,A
01/06/2022 08:40:45 AM,07/28/2022 12:26:04 PM,0.00,in,A
01/05/2022 08:40:43 PM,07/28/2022 12:26:04 PM,0.00,in,A
01/05/2022 08:40:42 AM,07/28/2022 12:26:04 PM,0.00,in,A
01/04/2022 08:40:41 PM,07/28/2022 12:26:04 PM,0.00,in,A
01/04/2022 11:16:16 AM,07/28/2022 12:26:04 PM,0.04,in,A
01/04/2022 08:40:40 AM,07/28/2022 12:26:04 PM,0.00,in,A
01/03/2022 08:40:39 PM,07/28/2022 12:26:04 PM,0.00,in,A
01/03/2022 02:26:51 PM,07/28/2022 12:26:04 PM,0.04,in,A
01/03/2022 01:05:40 PM,07/28/2022 12:26:04 PM,0.04,in,A
01/03/2022 12:05:41 PM,07/28/2022 12:26:04 PM,0.04,in,A
01/03/2022 08:40:37 AM,07/28/2022 12:26:04 PM,0.00,in,A
01/02/2022 08:40:36 PM,07/28/2022 12:26:04 PM,0.00,in,A
01/02/2022 08:40:34 AM,07/28/2022 12:26:04 PM,0.00,in,AN
01/01/2022 08:40:31 AM,01/01/2022 08:40:55 AM,0.00,in,A
12/31/2021 08:40:30 PM,12/31/2021 08:40:55 PM,0.00,in,A
12/31/2021 08:40:30 AM,12/31/2021 08:40:55 AM,0.00,in,A
12/30/2021 08:40:29 PM,12/30/2021 08:40:55 PM,0.00,in,A
12/30/2021 08:40:28 AM,12/30/2021 08:40:55 AM,0.00,in,A
12/29/2021 08:40:27 PM,12/29/2021 08:40:55 PM,0.00,in,A
12/29/2021 08:40:26 AM,12/29/2021 08:40:55 AM,0.00,in,A
12/28/2021 08:40:25 PM,12/28/2021 08:40:55 PM,0.00,in,A
12/28/2021 08:44:39 AM,12/28/2021 08:44:55 AM,0.04,in,A
12/28/2021 08:40:24 AM,12/28/2021 08:40:55 AM,0.00,in,A
12/28/2021 08:20:52 AM,12/28/2021 08:20:55 AM,0.04,in,A
12/28/2021 07:44:20 AM,12/28/2021 07:44:25 AM,0.04,in,A
12/28/2021 07:19:54 AM,12/28/2021 07:20:25 AM,0.04,in,A
12/28/2021 07:03:49 AM,12/28/2021 07:03:55 AM,0.04,in,A
12/28/2021 06:49:34 AM,12/28/2021 06:49:55 AM,0.04,in,A
12/28/2021 06:34:26 AM,12/28/2021 06:34:55 AM,0.04,in,A
12/28/2021 06:21:13 AM,12/28/2021 06:21:25 AM,0.04,in,A
12/28/2021 06:07:17 AM,12/28/2021 06:07:25 AM,0.04,in,A
12/28/2021 05:52:09 AM,12/28/2021 05:52:25 AM,0.04,in,A
12/28/2021 05:34:43 AM,12/28/2021 05:34:55 AM,0.04,in,A
12/28/2021 05:08:33 AM,12/28/2021 05:08:56 AM,0.04,in,A
12/28/2021 04:39:04 AM,12/28/2021 04:39:25 AM,0.04,in,A
12/28/2021 04:36:15 AM,12/28/2021 04:36:25 AM,0.04,in,A
12/27/2021 08:40:23 PM,12/27/2021 08:40:25 PM,0.00,in,A
12/27/2021 08:40:22 AM,12/27/2021 08:40:25 AM,0.00,in,A
12/26/2021 08:40:22 PM,12/26/2021 08:40:25 PM,0.00,in,A
12/26/2021 08:40:21 AM,12/26/2021 08:40:25 AM,0.00,in,A
12/25/2021 08:40:20 PM,12/25/2021 08:40:25 PM,0.00,in,A
12/25/2021 08:40:20 AM,12/25/2021 08:40:25 AM,0.00,in,A
12/24/2021 08:40:19 PM,12/24/2021 08:40:25 PM,0.00,in,A
12/24/2021 08:40:18 AM,12/24/2021 08:40:25 AM,0.00,in,A
12/23/2021 08:40:18 PM,12/23/2021 08:40:25 PM,0.00,in,A
12/23/2021 08:40:17 AM,12/23/2021 08:40:25 AM,0.00,in,A
12/22/2021 08:40:16 PM,12/22/2021 08:40:25 PM,0.00,in,A
12/22/2021 08:40:15 AM,12/22/2021 08:40:25 AM,0.00,in,A
12/21/2021 08:40:14 PM,12/21/2021 08:40:25 PM,0.00,in,A
12/21/2021 08:40:13 AM,12/21/2021 08:40:25 AM,0.00,in,A
12/20/2021 08:40:12 PM,12/20/2021 08:40:25 PM,0.00,in,A
12/20/2021 08:40:11 AM,12/20/2021 08:40:25 AM,0.00,in,A
12/19/2021 08:40:10 PM,12/19/2021 08:40:25 PM,0.00,in,A
12/19/2021 08:40:09 AM,12/19/2021 08:40:25 AM,0.00,in,A
12/18/2021 08:40:08 PM,12/18/2021 08:40:25 PM,0.00,in,A
12/18/2021 08:40:07 AM,12/18/2021 08:40:25 AM,0.00,in,A
12/17/2021 08:40:06 PM,12/17/2021 08:40:25 PM,0.00,in,A
12/17/2021 08:40:05 AM,12/17/2021 08:40:25 AM,0.00,in,A
12/16/2021 08:40:03 AM,12/16/2021 08:40:25 AM,0.00,in,A
12/15/2021 08:40:03 PM,12/15/2021 08:40:25 PM,0.00,in,A
12/15/2021 06:38:41 PM,12/15/2021 06:38:55 PM,0.04,in,A
12/15/2021 06:35:29 PM,12/15/2021 06:35:55 PM,0.04,in,A
12/15/2021 06:18:50 PM,12/15/2021 06:18:55 PM,0.04,in,A
12/15/2021 06:16:34 PM,12/15/2021 06:16:55 PM,0.04,in,A
12/15/2021 06:15:34 PM,12/15/2021 06:15:55 PM,0.04,in,A
12/15/2021 06:14:34 PM,12/15/2021 06:14:55 PM,0.04,in,A
12/15/2021 06:13:34 PM,12/15/2021 06:13:55 PM,0.04,in,A
12/15/2021 08:40:02 AM,12/15/2021 08:40:25 AM,0.00,in,A
12/14/2021 08:40:02 PM,12/14/2021 08:40:25 PM,0.00,in,A
12/14/2021 08:40:01 AM,12/14/2021 08:40:25 AM,0.00,in,A
12/13/2021 08:40:00 PM,12/13/2021 08:40:25 PM,0.00,in,A
12/13/2021 08:40:00 AM,12/13/2021 08:40:25 AM,0.00,in,A
12/12/2021 08:39:59 PM,12/12/2021 08:40:25 PM,0.00,in,A
12/12/2021 08:39:58 AM,12/12/2021 08:40:25 AM,0.00,in,A
12/11/2021 08:39:57 PM,12/11/2021 08:40:25 PM,0.00,in,A
12/11/2021 08:39:56 AM,12/11/2021 08:40:25 AM,0.00,in,A
12/10/2021 08:39:55 PM,12/10/2021 08:40:25 PM,0.00,in,A
12/10/2021 08:39:55 AM,12/10/2021 08:40:25 AM,0.00,in,A
12/09/2021 08:39:54 PM,12/09/2021 08:40:25 PM,0.00,in,A
12/09/2021 08:39:53 AM,12/09/2021 08:39:55 AM,0.00,in,A
12/08/2021 08:39:52 PM,12/08/2021 08:39:55 PM,0.00,in,A
12/08/2021 08:39:51 AM,12/08/2021 08:39:55 AM,0.00,in,A
12/07/2021 08:39:50 PM,12/07/2021 08:39:55 PM,0.00,in,A
12/07/2021 08:39:49 AM,12/07/2021 08:39:55 AM,0.00,in,A
12/06/2021 08:39:48 PM,12/06/2021 08:39:55 PM,0.00,in,A
12/06/2021 08:39:48 AM,12/06/2021 08:39:55 AM,0.00,in,A
12/05/2021 08:39:47 PM,12/05/2021 08:39:55 PM,0.00,in,A
12/05/2021 08:39:46 AM,12/05/2021 08:39:55 AM,0.00,in,A
12/04/2021 08:39:46 PM,12/04/2021 08:39:55 PM,0.00,in,A
12/04/2021 08:39:45 AM,12/04/2021 08:39:55 AM,0.00,in,A
12/03/2021 08:39:44 PM,12/03/2021 08:39:55 PM,0.00,in,A
12/03/2021 08:39:44 AM,12/03/2021 08:39:55 AM,0.00,in,A
12/02/2021 08:38:52 AM,12/02/2021 08:38:55 AM,0.00,in,A
12/02/2021 08:27:33 AM,12/02/2021 08:27:55 AM,0.00,in,A
12/02/2021 08:26:18 AM,12/02/2021 08:26:25 AM,0.00,in,A
12/02/2021 08:25:09 AM,12/02/2021 08:25:25 AM,0.00,in,A
12/02/2021 08:24:01 AM,12/02/2021 08:24:25 AM,0.00,in,A
12/02/2021 08:20:23 AM,12/02/2021 08:20:25 AM,0.00,in,A
12/02/2021 12:31:36 AM,12/02/2021 12:31:55 AM,0.00,in,A
12/01/2021 12:31:35 PM,12/01/2021 12:31:55 PM,0.00,in,A
12/01/2021 12:31:34 AM,12/01/2021 12:31:55 AM,0.00,in,A
11/30/2021 12:31:34 PM,11/30/2021 12:31:55 PM,0.00,in,A
11/30/2021 12:31:33 AM,11/30/2021 12:31:55 AM,0.00,in,A
11/29/2021 12:31:32 PM,11/29/2021 12:31:55 PM,0.00,in,A
11/29/2021 12:31:31 AM,11/29/2021 12:31:55 AM,0.00,in,A
11/28/2021 12:31:30 PM,11/28/2021 12:31:55 PM,0.00,in,A
11/28/2021 12:31:30 AM,11/28/2021 12:31:55 AM,0.00,in,A
11/27/2021 12:31:29 PM,11/27/2021 12:31:55 PM,0.00,in,A
11/27/2021 12:31:28 AM,11/27/2021 12:31:55 AM,0.00,in,A
11/26/2021 12:31:28 PM,11/26/2021 12:31:55 PM,0.00,in,A
11/26/2021 12:31:26 AM,11/26/2021 12:31:55 AM,0.00,in,A
11/25/2021 12:31:25 PM,11/25/2021 12:31:55 PM,0.00,in,A
11/25/2021 12:31:25 AM,11/25/2021 12:31:55 AM,0.00,in,A
11/24/2021 12:31:24 PM,11/24/2021 12:31:55 PM,0.00,in,A
11/24/2021 12:31:23 AM,11/24/2021 12:31:25 AM,0.00,in,A
11/23/2021 12:31:23 PM,11/23/2021 12:31:25 PM,0.00,in,A
11/23/2021 12:31:22 AM,11/23/2021 12:31:25 AM,0.00,in,A
11/22/2021 12:31:21 PM,11/22/2021 12:31:25 PM,0.00,in,A
11/22/2021 12:31:20 AM,11/22/2021 12:31:25 AM,0.00,in,A
11/21/2021 12:31:19 PM,11/21/2021 12:31:25 PM,0.00,in,A
11/21/2021 12:31:19 AM,11/21/2021 12:31:25 AM,0.00,in,A
11/20/2021 12:31:18 PM,11/20/2021 12:31:25 PM,0.00,in,A
11/20/2021 12:31:17 AM,11/20/2021 12:31:25 AM,0.00,in,A
11/19/2021 12:31:16 PM,11/19/2021 12:31:25 PM,0.00,in,A
11/19/2021 12:31:15 AM,11/19/2021 12:31:25 AM,0.00,in,A
11/18/2021 12:31:15 PM,11/18/2021 12:31:25 PM,0.00,in,A
11/18/2021 12:31:14 AM,11/18/2021 12:31:25 AM,0.00,in,A
11/17/2021 12:31:13 PM,11/17/2021 12:31:25 PM,0.00,in,A
11/17/2021 12:31:13 AM,11/17/2021 12:31:25 AM,0.00,in,A
11/16/2021 12:31:12 PM,11/16/2021 12:31:25 PM,0.00,in,A
11/16/2021 12:31:11 AM,11/16/2021 12:31:25 AM,0.00,in,A
11/15/2021 12:31:10 AM,11/15/2021 12:31:25 AM,0.00,in,A
11/14/2021 12:31:09 PM,11/14/2021 12:31:25 PM,0.00,in,A
11/14/2021 03:03:27 AM,11/14/2021 03:03:55 AM,0.04,in,A
11/14/2021 02:43:05 AM,11/14/2021 02:43:25 AM,0.04,in,A
11/14/2021 12:31:09 AM,11/14/2021 12:31:25 AM,0.00,in,A
11/13/2021 12:31:08 PM,11/13/2021 12:31:25 PM,0.00,in,A
11/13/2021 12:31:07 AM,11/13/2021 12:31:29 AM,0.00,in,A
11/12/2021 12:31:06 PM,11/12/2021 12:31:25 PM,0.00,in,A
11/12/2021 12:31:05 AM,11/12/2021 12:31:25 AM,0.00,in,A
11/10/2021 09:37:15 PM,11/10/2021 09:37:25 PM,0.04,in,A
11/10/2021 09:27:33 PM,11/10/2021 09:27:55 PM,0.04,in,A
11/10/2021 09:17:39 PM,11/10/2021 09:17:55 PM,0.04,in,A
11/10/2021 08:46:43 PM,11/10/2021 08:46:55 PM,0.04,in,A
11/10/2021 08:32:11 PM,11/10/2021 08:32:25 PM,0.04,in,A
11/10/2021 08:23:55 PM,11/10/2021 08:24:25 PM,0.04,in,A
11/10/2021 08:14:44 PM,11/10/2021 08:14:56 PM,0.04,in,A
11/10/2021 08:13:13 PM,11/10/2021 08:13:25 PM,0.04,in,A
11/10/2021 08:11:45 PM,11/10/2021 08:11:56 PM,0.04,in,A
11/10/2021 08:08:53 PM,11/10/2021 08:08:56 PM,0.04,in,A
11/10/2021 07:50:50 PM,11/10/2021 07:50:55 PM,0.04,in,A
11/10/2021 07:10:27 PM,11/10/2021 07:10:55 PM,0.04,in,A
11/10/2021 06:50:21 PM,11/10/2021 06:50:25 PM,0.08,in,A
11/10/2021 06:25:38 PM,11/10/2021 06:25:55 PM,0.04,in,A
11/10/2021 06:21:15 PM,11/10/2021 06:21:25 PM,0.04,in,A
11/10/2021 06:18:36 PM,11/10/2021 06:18:55 PM,0.04,in,A
11/10/2021 12:31:04 PM,11/10/2021 12:31:25 PM,0.00,in,A
11/10/2021 12:31:03 AM,11/10/2021 12:31:25 AM,0.00,in,A
11/09/2021 12:31:03 PM,11/09/2021 12:31:25 PM,0.00,in,A
11/09/2021 12:31:02 AM,11/09/2021 12:31:25 AM,0.00,in,A
11/08/2021 12:31:02 PM,11/08/2021 12:31:25 PM,0.00,in,A
11/08/2021 12:31:01 AM,11/08/2021 12:31:25 AM,0.00,in,A
11/07/2021 12:31:00 PM,11/07/2021 12:31:25 PM,0.00,in,A
11/07/2021 01:31:00 AM,11/07/2021 01:31:25 AM,0.00,in,A
11/06/2021 01:30:59 PM,11/06/2021 01:31:25 PM,0.00,in,A
11/06/2021 01:30:59 AM,11/06/2021 01:31:25 AM,0.00,in,A
11/05/2021 01:30:58 PM,11/05/2021 01:31:25 PM,0.00,in,A
11/05/2021 01:30:57 AM,11/05/2021 01:31:25 AM,0.00,in,A
11/04/2021 01:30:56 PM,11/04/2021 01:31:25 PM,0.00,in,A
11/04/2021 01:30:56 AM,11/04/2021 01:31:25 AM,0.00,in,A
11/03/2021 01:30:55 PM,11/03/2021 01:31:25 PM,0.00,in,A
11/03/2021 01:30:54 AM,11/03/2021 01:31:25 AM,0.00,in,A
11/02/2021 01:30:53 PM,11/02/2021 01:30:55 PM,0.00,in,A
11/02/2021 01:30:52 AM,11/02/2021 01:30:55 AM,0.00,in,A
11/01/2021 01:30:52 PM,11/01/2021 01:30:55 PM,0.00,in,A
11/01/2021 01:30:51 AM,11/01/2021 01:30:55 AM,0.00,in,A
10/31/2021 01:30:50 PM,10/31/2021 01:30:55 PM,0.00,in,A
10/31/2021 01:30:50 AM,10/31/2021 01:30:55 AM,0.00,in,A
10/30/2021 01:30:49 PM,10/30/2021 01:30:55 PM,0.00,in,A
10/30/2021 01:30:48 AM,10/30/2021 01:30:55 AM,0.00,in,A
10/29/2021 01:30:48 PM,10/29/2021 01:30:55 PM,0.00,in,A
10/29/2021 09:45:03 AM,10/29/2021 09:45:25 AM,0.04,in,A
10/29/2021 08:28:05 AM,10/29/2021 08:28:25 AM,0.04,in,A
10/29/2021 06:57:05 AM,10/29/2021 06:57:25 AM,0.04,in,A
10/29/2021 04:22:56 AM,10/29/2021 04:23:25 AM,0.04,in,A
10/29/2021 02:24:56 AM,10/29/2021 02:25:25 AM,0.04,in,A
10/29/2021 01:33:04 AM,10/29/2021 01:33:25 AM,0.04,in,A
10/29/2021 01:30:47 AM,10/29/2021 01:30:55 AM,0.00,in,A
10/28/2021 09:48:20 PM,10/28/2021 09:48:25 PM,0.04,in,A
10/28/2021 08:33:25 PM,10/28/2021 08:33:55 PM,0.04,in,A
10/28/2021 07:09:05 PM,10/28/2021 07:09:25 PM,0.04,in,A
10/28/2021 05:16:40 PM,10/28/2021 05:16:55 PM,0.04,in,A
10/28/2021 04:09:07 PM,10/28/2021 04:09:25 PM,0.04,in,A
10/28/2021 03:34:24 PM,10/28/2021 03:34:55 PM,0.04,in,A
10/28/2021 03:11:25 PM,10/28/2021 03:11:55 PM,0.04,in,A
10/28/2021 02:25:22 PM,10/28/2021 02:25:25 PM,0.04,in,A
10/28/2021 01:36:03 PM,10/28/2021 01:36:25 PM,0.04,in,A
10/28/2021 01:30:46 PM,10/28/2021 01:30:55 PM,0.00,in,A
10/28/2021 01:20:02 PM,10/28/2021 01:20:25 PM,0.08,in,A
10/28/2021 12:47:14 PM,10/28/2021 12:47:25 PM,0.04,in,A
10/28/2021 12:27:13 PM,10/28/2021 12:27:25 PM,0.04,in,A
10/28/2021 11:58:03 AM,10/28/2021 11:58:25 AM,0.04,in,A
10/28/2021 11:03:45 AM,10/28/2021 11:03:55 AM,0.04,in,A
10/28/2021 10:27:50 AM,10/28/2021 10:27:55 AM,0.04,in,A
10/28/2021 10:12:28 AM,10/28/2021 10:12:55 AM,0.04,in,A
10/28/2021 09:07:43 AM,10/28/2021 09:07:55 AM,0.04,in,A
10/28/2021 08:06:43 AM,10/28/2021 08:06:55 AM,0.04,in,A
10/28/2021 07:44:05 AM,10/28/2021 07:44:25 AM,0.04,in,A
10/28/2021 07:29:16 AM,10/28/2021 07:29:25 AM,0.04,in,A
10/28/2021 01:30:46 AM,10/28/2021 01:30:55 AM,0.00,in,A
10/28/2021 12:06:39 AM,10/28/2021 12:06:55 AM,0.04,in,A
10/27/2021 11:51:24 PM,10/27/2021 11:51:55 PM,0.04,in,A
10/27/2021 11:26:30 PM,10/27/2021 11:26:55 PM,0.04,in,A
10/27/2021 10:56:33 PM,10/27/2021 10:56:55 PM,0.04,in,A
10/27/2021 10:31:38 PM,10/27/2021 10:31:55 PM,0.04,in,A
10/27/2021 10:13:58 PM,10/27/2021 10:14:25 PM,0.04,in,A
10/27/2021 09:52:24 PM,10/27/2021 09:52:55 PM,0.04,in,A
10/27/2021 09:18:38 PM,10/27/2021 09:18:55 PM,0.04,in,A
10/27/2021 07:23:55 PM,10/27/2021 07:24:25 PM,0.04,in,A
10/27/2021 06:54:21 PM,10/27/2021 06:54:25 PM,0.04,in,A
10/27/2021 06:21:25 PM,10/27/2021 06:21:55 PM,0.04,in,A
10/27/2021 05:48:04 PM,10/27/2021 05:48:25 PM,0.04,in,A
10/27/2021 04:02:46 PM,10/27/2021 04:02:55 PM,0.04,in,A
10/27/2021 03:08:09 PM,10/27/2021 03:08:25 PM,0.04,in,A
10/27/2021 01:30:45 PM,10/27/2021 01:30:55 PM,0.00,in,A
10/27/2021 12:15:07 PM,10/27/2021 12:15:25 PM,0.04,in,A
10/27/2021 01:30:45 AM,10/27/2021 01:30:55 AM,0.00,in,A
10/26/2021 01:30:44 PM,10/26/2021 01:30:55 PM,0.00,in,A
10/26/2021 01:30:44 AM,10/26/2021 01:30:55 AM,0.00,in,A
10/25/2021 01:30:43 PM,10/25/2021 01:30:55 PM,0.00,in,A
10/25/2021 01:30:42 AM,10/25/2021 01:30:55 AM,0.00,in,A
10/24/2021 02:50:15 PM,10/24/2021 02:50:25 PM,0.04,in,A
10/24/2021 01:30:42 PM,10/24/2021 01:30:55 PM,0.00,in,A
10/24/2021 03:49:46 AM,10/24/2021 03:49:55 AM,0.04,in,A
10/24/2021 03:07:07 AM,10/24/2021 03:07:25 AM,0.04,in,A
10/24/2021 03:06:07 AM,10/24/2021 03:06:25 AM,0.04,in,A
10/24/2021 01:30:41 AM,10/24/2021 01:30:55 AM,0.00,in,A
10/23/2021 01:30:41 PM,10/23/2021 01:30:55 PM,0.00,in,A
10/23/2021 01:30:40 AM,10/23/2021 01:30:55 AM,0.00,in,A
10/22/2021 01:30:40 PM,10/22/2021 01:30:55 PM,0.00,in,A
10/22/2021 01:30:39 AM,10/22/2021 01:30:55 AM,0.00,in,A
10/21/2021 01:30:39 PM,10/21/2021 01:30:55 PM,0.00,in,A
10/21/2021 01:30:38 AM,10/21/2021 01:30:55 AM,0.00,in,A
10/20/2021 01:30:38 PM,10/20/2021 01:30:55 PM,0.00,in,A
10/20/2021 01:30:37 AM,10/20/2021 01:30:55 AM,0.00,in,A
10/19/2021 01:30:37 PM,10/19/2021 01:30:55 PM,0.00,in,A
10/19/2021 01:30:36 AM,10/19/2021 01:30:55 AM,0.00,in,A
10/18/2021 01:30:36 PM,10/18/2021 01:30:55 PM,0.00,in,A
10/18/2021 01:30:35 AM,10/18/2021 01:30:55 AM,0.00,in,A
10/17/2021 01:30:35 PM,10/17/2021 01:30:55 PM,0.00,in,A
10/17/2021 01:30:34 AM,10/17/2021 01:30:55 AM,0.00,in,A
10/16/2021 01:30:33 PM,10/16/2021 01:30:55 PM,0.00,in,A
10/16/2021 01:30:33 AM,10/16/2021 01:30:55 AM,0.00,in,A
10/15/2021 01:30:32 PM,10/15/2021 01:30:55 PM,0.00,in,A
10/15/2021 02:43:51 AM,10/15/2021 02:43:55 AM,0.04,in,A
10/15/2021 12:34:06 AM,10/15/2021 12:34:25 AM,0.04,in,A
10/15/2021 12:31:46 AM,10/15/2021 12:31:55 AM,0.04,in,A
10/15/2021 12:29:36 AM,10/15/2021 12:29:55 AM,0.04,in,A
10/15/2021 12:27:29 AM,10/15/2021 12:27:55 AM,0.04,in,A
10/15/2021 12:26:13 AM,10/15/2021 12:26:25 AM,0.04,in,A
10/15/2021 12:25:14 AM,10/15/2021 12:25:25 AM,0.04,in,A
10/15/2021 12:24:02 AM,10/15/2021 12:24:25 AM,0.04,in,A
10/15/2021 12:22:17 AM,10/15/2021 12:22:25 AM,0.04,in,A
10/15/2021 12:20:47 AM,10/15/2021 12:20:55 AM,0.04,in,A
10/14/2021 01:30:31 AM,10/14/2021 01:30:55 AM,0.00,in,A
10/13/2021 01:30:30 PM,10/13/2021 01:30:55 PM,0.00,in,A
10/13/2021 08:41:11 AM,10/13/2021 08:41:25 AM,0.04,in,A
10/13/2021 08:18:34 AM,10/13/2021 08:18:55 AM,0.08,in,A
10/13/2021 07:39:56 AM,10/13/2021 07:40:25 AM,0.04,in,A
10/13/2021 07:30:12 AM,10/13/2021 07:30:25 AM,0.04,in,A
10/13/2021 07:27:59 AM,10/13/2021 07:28:25 AM,0.04,in,A
10/13/2021 07:25:37 AM,10/13/2021 07:25:55 AM,0.04,in,A
10/13/2021 07:24:12 AM,10/13/2021 07:24:25 AM,0.08,in,A
10/13/2021 07:14:28 AM,10/13/2021 07:14:55 AM,0.04,in,A
10/13/2021 07:12:42 AM,10/13/2021 07:12:55 AM,0.04,in,A
10/13/2021 07:11:26 AM,10/13/2021 07:11:55 AM,0.04,in,A
10/13/2021 07:09:12 AM,10/13/2021 07:09:25 AM,0.04,in,A
10/13/2021 07:06:35 AM,10/13/2021 07:06:55 AM,0.04,in,A
10/13/2021 07:03:40 AM,10/13/2021 07:03:55 AM,0.08,in,A
10/13/2021 01:30:30 AM,10/13/2021 01:30:55 AM,0.00,in,A
10/12/2021 01:30:29 PM,10/12/2021 01:30:55 PM,0.00,in,A
10/12/2021 01:30:29 AM,10/12/2021 01:30:55 AM,0.00,in,A
10/11/2021 01:30:28 PM,10/11/2021 01:30:55 PM,0.00,in,A
10/11/2021 01:05:17 PM,10/11/2021 01:05:25 PM,0.04,in,A
10/11/2021 09:56:56 AM,10/11/2021 09:57:25 AM,0.04,in,A
10/11/2021 09:24:39 AM,10/11/2021 09:24:55 AM,0.04,in,A
10/11/2021 09:07:26 AM,10/11/2021 09:07:55 AM,0.04,in,A
10/11/2021 08:51:18 AM,10/11/2021 08:51:25 AM,0.04,in,A
10/11/2021 08:39:48 AM,10/11/2021 08:39:55 AM,0.04,in,A
10/11/2021 08:36:38 AM,10/11/2021 08:36:55 AM,0.04,in,A
10/11/2021 08:25:47 AM,10/11/2021 08:25:55 AM,0.04,in,A
10/11/2021 08:23:00 AM,10/11/2021 08:23:25 AM,0.04,in,A
10/11/2021 08:19:58 AM,10/11/2021 08:20:25 AM,0.04,in,A
10/11/2021 08:14:32 AM,10/11/2021 08:14:55 AM,0.04,in,A
10/11/2021 06:27:59 AM,10/11/2021 06:28:25 AM,0.04,in,A
10/11/2021 06:25:40 AM,10/11/2021 06:25:55 AM,0.04,in,A
10/11/2021 05:34:48 AM,10/11/2021 05:34:56 AM,0.04,in,A
10/11/2021 05:26:27 AM,10/11/2021 05:26:55 AM,0.08,in,A
10/11/2021 05:22:35 AM,10/11/2021 05:22:56 AM,0.04,in,A
10/11/2021 05:20:24 AM,10/11/2021 05:20:55 AM,0.04,in,A
10/11/2021 05:18:03 AM,10/11/2021 05:18:25 AM,0.04,in,A
10/11/2021 05:15:06 AM,10/11/2021 05:15:25 AM,0.04,in,A
10/11/2021 05:14:04 AM,10/11/2021 05:14:25 AM,0.08,in,A
10/11/2021 05:09:51 AM,10/11/2021 05:09:55 AM,0.04,in,A
10/11/2021 03:06:18 AM,10/11/2021 03:06:25 AM,0.04,in,A
10/11/2021 02:06:46 AM,10/11/2021 02:06:55 AM,0.04,in,A
10/11/2021 01:30:28 AM,10/11/2021 01:30:55 AM,0.00,in,A
10/11/2021 01:25:27 AM,10/11/2021 01:25:55 AM,0.04,in,A
10/11/2021 01:15:07 AM,10/11/2021 01:15:25 AM,0.04,in,A
10/11/2021 01:09:10 AM,10/11/2021 01:09:25 AM,0.04,in,A
10/11/2021 01:02:14 AM,10/11/2021 01:02:25 AM,0.04,in,A
10/11/2021 12:52:57 AM,10/11/2021 12:53:25 AM,0.04,in,A
10/11/2021 12:44:23 AM,10/11/2021 12:44:25 AM,0.04,in,A
10/11/2021 12:28:51 AM,10/11/2021 12:28:55 AM,0.04,in,A
10/10/2021 09:51:19 PM,10/10/2021 09:51:25 PM,0.08,in,A
10/10/2021 09:34:14 PM,10/10/2021 09:34:26 PM,0.04,in,A
10/10/2021 09:27:06 PM,10/10/2021 09:27:25 PM,0.04,in,A
10/10/2021 01:30:27 PM,10/10/2021 01:30:55 PM,0.00,in,A
10/10/2021 01:30:27 AM,10/10/2021 01:30:55 AM,0.00,in,A
10/09/2021 01:30:27 PM,10/09/2021 01:30:55 PM,0.00,in,A
10/09/2021 01:30:26 AM,10/09/2021 01:30:55 AM,0.00,in,A
10/08/2021 01:30:26 PM,10/08/2021 01:30:55 PM,0.00,in,A
10/08/2021 01:30:25 AM,10/08/2021 01:30:55 AM,0.00,in,A
10/07/2021 01:30:25 PM,10/07/2021 01:30:55 PM,0.00,in,A
10/07/2021 01:30:24 AM,10/07/2021 01:30:55 AM,0.00,in,A
10/06/2021 08:18:07 PM,10/06/2021 08:18:25 PM,0.04,in,A
10/06/2021 07:16:03 PM,10/06/2021 07:16:25 PM,0.04,in,A
10/06/2021 07:05:54 PM,10/06/2021 07:06:25 PM,0.04,in,A
10/06/2021 06:58:28 PM,10/06/2021 06:58:55 PM,0.04,in,A
10/06/2021 06:51:09 PM,10/06/2021 06:51:25 PM,0.04,in,A
10/06/2021 01:30:24 PM,10/06/2021 01:30:55 PM,0.00,in,A
10/06/2021 01:30:24 AM,10/06/2021 01:30:55 AM,0.00,in,A
10/05/2021 01:30:23 PM,10/05/2021 01:30:25 PM,0.00,in,A
10/05/2021 01:30:23 AM,10/05/2021 01:30:25 AM,0.00,in,A
10/04/2021 01:30:22 PM,10/04/2021 01:30:25 PM,0.00,in,A
10/04/2021 01:30:22 AM,10/04/2021 01:30:25 AM,0.00,in,A
10/03/2021 01:30:21 PM,10/03/2021 01:30:25 PM,0.00,in,A
10/03/2021 01:30:21 AM,10/03/2021 01:30:25 AM,0.00,in,A
10/02/2021 10:21:31 PM,10/02/2021 10:21:55 PM,0.04,in,A
10/02/2021 01:30:21 PM,10/02/2021 01:30:25 PM,0.00,in,A
10/02/2021 01:30:20 AM,10/02/2021 01:30:25 AM,0.00,in,A
10/01/2021 01:30:20 PM,10/01/2021 01:30:25 PM,0.00,in,A
10/01/2021 01:30:19 AM,10/01/2021 01:30:25 AM,0.00,in,A
09/30/2021 05:10:43 PM,09/30/2021 05:10:55 PM,0.04,in,A
09/30/2021 01:30:19 PM,09/30/2021 01:30:25 PM,0.00,in,A
09/30/2021 01:30:18 AM,09/30/2021 01:30:25 AM,0.00,in,A
09/29/2021 01:30:18 PM,09/29/2021 01:30:25 PM,0.00,in,A
09/29/2021 01:30:18 AM,09/29/2021 01:30:25 AM,0.00,in,A
09/27/2021 01:30:16 PM,09/27/2021 01:30:25 PM,0.00,in,A
09/27/2021 01:30:16 AM,09/27/2021 01:30:25 AM,0.00,in,A
09/26/2021 01:30:16 PM,09/26/2021 01:30:25 PM,0.00,in,A
09/26/2021 01:30:15 AM,09/26/2021 01:30:25 AM,0.00,in,A
09/25/2021 01:30:15 PM,09/25/2021 01:30:25 PM,0.00,in,A
09/25/2021 01:30:14 AM,09/25/2021 01:30:25 AM,0.00,in,A
09/24/2021 01:30:14 PM,09/24/2021 01:30:25 PM,0.00,in,A
09/24/2021 01:30:13 AM,09/24/2021 01:30:25 AM,0.00,in,A
09/23/2021 01:30:13 PM,09/23/2021 01:30:25 PM,0.00,in,A
09/23/2021 01:30:12 AM,09/23/2021 01:30:25 AM,0.00,in,A
09/22/2021 01:30:12 PM,09/22/2021 01:30:25 PM,0.00,in,A
09/22/2021 01:30:11 AM,09/22/2021 01:30:25 AM,0.00,in,A
09/21/2021 01:30:11 PM,09/21/2021 01:30:25 PM,0.00,in,A
09/21/2021 01:30:11 AM,09/21/2021 01:30:25 AM,0.00,in,A
09/20/2021 06:55:28 PM,09/20/2021 06:55:55 PM,0.04,in,A
09/20/2021 06:25:24 PM,09/20/2021 06:25:55 PM,0.04,in,A
09/20/2021 06:20:28 PM,09/20/2021 06:20:55 PM,0.04,in,A
09/20/2021 06:19:05 PM,09/20/2021 06:19:25 PM,0.04,in,A
09/20/2021 06:17:59 PM,09/20/2021 06:18:25 PM,0.08,in,A
09/20/2021 06:17:00 PM,09/20/2021 06:17:25 PM,0.04,in,A
09/20/2021 06:16:01 PM,09/20/2021 06:16:25 PM,0.08,in,A
09/20/2021 06:15:25 PM,09/20/2021 06:15:55 PM,0.04,in,A
09/20/2021 06:14:25 PM,09/20/2021 06:14:55 PM,0.04,in,A
09/20/2021 06:13:26 PM,09/20/2021 06:13:55 PM,0.04,in,A
09/20/2021 06:12:09 PM,09/20/2021 06:12:25 PM,0.04,in,A
09/20/2021 01:30:10 PM,09/20/2021 01:30:25 PM,0.00,in,A
09/20/2021 01:30:10 AM,09/20/2021 01:30:25 AM,0.00,in,A
09/19/2021 01:30:09 PM,09/19/2021 01:30:25 PM,0.00,in,A
09/19/2021 01:30:09 AM,09/19/2021 01:30:25 AM,0.00,in,A
09/18/2021 01:30:09 PM,09/18/2021 01:30:25 PM,0.00,in,A
09/18/2021 01:30:08 AM,09/18/2021 01:30:25 AM,0.00,in,A
09/17/2021 01:30:08 PM,09/17/2021 01:30:25 PM,0.00,in,A
09/17/2021 01:30:07 AM,09/17/2021 01:30:25 AM,0.00,in,A
09/16/2021 01:30:07 PM,09/16/2021 01:30:25 PM,0.00,in,A
09/16/2021 01:30:06 AM,09/16/2021 01:30:25 AM,0.00,in,A
09/15/2021 01:30:06 PM,09/15/2021 01:30:25 PM,0.00,in,A
09/15/2021 01:30:06 AM,09/15/2021 01:30:25 AM,0.00,in,A
09/14/2021 01:30:05 PM,09/14/2021 01:30:25 PM,0.00,in,A
09/14/2021 01:30:05 AM,09/14/2021 01:30:25 AM,0.00,in,A
09/13/2021 01:30:04 PM,09/13/2021 01:30:25 PM,0.00,in,A
09/13/2021 01:30:04 AM,09/13/2021 01:30:25 AM,0.00,in,A
09/12/2021 01:30:04 PM,09/12/2021 01:30:25 PM,0.00,in,A
09/12/2021 01:30:03 AM,09/12/2021 01:30:25 AM,0.00,in,A
09/11/2021 01:30:03 PM,09/11/2021 01:30:25 PM,0.00,in,A
09/11/2021 01:30:02 AM,09/11/2021 01:30:25 AM,0.00,in,A
09/10/2021 01:30:02 PM,09/10/2021 01:30:25 PM,0.00,in,A
09/10/2021 01:30:02 AM,09/10/2021 01:30:25 AM,0.00,in,A
09/09/2021 01:30:01 PM,09/09/2021 01:30:25 PM,0.00,in,A
09/09/2021 01:30:01 AM,09/09/2021 01:30:25 AM,0.00,in,A
09/08/2021 01:30:00 PM,09/08/2021 01:30:25 PM,0.00,in,A
09/07/2021 01:29:59 PM,09/07/2021 01:30:25 PM,0.00,in,A
09/07/2021 01:29:59 AM,09/07/2021 01:30:25 AM,0.00,in,A
09/06/2021 01:29:59 PM,09/06/2021 01:30:25 PM,0.00,in,A
09/06/2021 01:29:58 AM,09/06/2021 01:30:25 AM,0.00,in,A
09/05/2021 01:29:58 PM,09/05/2021 01:30:25 PM,0.00,in,A
09/05/2021 01:29:57 AM,09/05/2021 01:30:25 AM,0.00,in,A
09/04/2021 01:29:57 PM,09/04/2021 01:30:25 PM,0.00,in,A
09/04/2021 11:28:42 AM,09/04/2021 11:28:55 AM,0.04,in,A
09/04/2021 08:48:45 AM,09/04/2021 08:48:55 AM,0.04,in,A
09/04/2021 08:29:06 AM,09/04/2021 08:29:25 AM,0.04,in,A
09/04/2021 08:11:06 AM,09/04/2021 08:11:25 AM,0.04,in,A
09/04/2021 07:56:01 AM,09/04/2021 07:56:25 AM,0.04,in,A
09/04/2021 07:44:12 AM,09/04/2021 07:44:25 AM,0.04,in,A
09/04/2021 07:28:06 AM,09/04/2021 07:28:25 AM,0.04,in,A
09/04/2021 07:17:55 AM,09/04/2021 07:18:25 AM,0.04,in,A
09/04/2021 07:11:42 AM,09/04/2021 07:11:55 AM,0.04,in,A
09/04/2021 07:03:54 AM,09/04/2021 07:04:25 AM,0.04,in,A
09/04/2021 06:56:13 AM,09/04/2021 06:56:25 AM,0.04,in,A
09/04/2021 04:29:37 AM,09/04/2021 04:29:55 AM,0.04,in,A
09/04/2021 04:12:25 AM,09/04/2021 04:12:55 AM,0.04,in,A
09/04/2021 04:02:38 AM,09/04/2021 04:02:55 AM,0.04,in,A
09/04/2021 03:53:26 AM,09/04/2021 03:53:55 AM,0.04,in,A
09/04/2021 03:40:57 AM,09/04/2021 03:41:25 AM,0.04,in,A
09/04/2021 03:29:24 AM,09/04/2021 03:29:25 AM,0.04,in,A
09/04/2021 03:18:45 AM,09/04/2021 03:18:55 AM,0.04,in,A
09/04/2021 03:09:37 AM,09/04/2021 03:09:55 AM,0.04,in,A
09/04/2021 03:00:40 AM,09/04/2021 03:00:55 AM,0.04,in,A
09/04/2021 02:51:10 AM,09/04/2021 02:51:25 AM,0.04,in,A
09/04/2021 02:28:40 AM,09/04/2021 02:28:55 AM,0.04,in,A
09/04/2021 02:21:20 AM,09/04/2021 02:21:25 AM,0.04,in,A
09/04/2021 02:09:36 AM,09/04/2021 02:09:55 AM,0.04,in,A
09/04/2021 02:01:19 AM,09/04/2021 02:01:25 AM,0.04,in,A
09/04/2021 01:29:57 AM,09/04/2021 01:30:25 AM,0.00,in,A
09/03/2021 01:29:56 PM,09/03/2021 01:30:25 PM,0.00,in,A
09/03/2021 08:48:11 AM,09/03/2021 08:48:25 AM,0.04,in,A
09/03/2021 08:29:27 AM,09/03/2021 08:29:55 AM,0.04,in,A
09/03/2021 08:09:40 AM,09/03/2021 08:09:55 AM,0.04,in,A
09/03/2021 07:55:23 AM,09/03/2021 07:55:25 AM,0.04,in,A
09/03/2021 07:39:19 AM,09/03/2021 07:39:26 AM,0.04,in,A
09/03/2021 07:34:18 AM,09/03/2021 07:34:26 AM,0.04,in,A
09/03/2021 07:29:55 AM,09/03/2021 07:30:26 AM,0.04,in,A
09/03/2021 07:26:21 AM,09/03/2021 07:26:26 AM,0.04,in,A
09/03/2021 07:21:00 AM,09/03/2021 07:21:25 AM,0.04,in,A
09/03/2021 07:15:33 AM,09/03/2021 07:15:55 AM,0.04,in,A
09/03/2021 07:12:49 AM,09/03/2021 07:12:56 AM,0.04,in,A
09/03/2021 07:11:48 AM,09/03/2021 07:11:56 AM,0.08,in,A
09/03/2021 07:06:11 AM,09/03/2021 07:06:26 AM,0.04,in,A
09/03/2021 07:03:03 AM,09/03/2021 07:03:26 AM,0.08,in,A
09/03/2021 06:55:01 AM,09/03/2021 06:55:26 AM,0.04,in,A
09/03/2021 06:54:01 AM,09/03/2021 06:54:26 AM,0.04,in,A
09/03/2021 06:53:01 AM,09/03/2021 06:53:26 AM,0.04,in,A
09/03/2021 06:52:03 AM,09/03/2021 06:52:26 AM,0.04,in,A
09/03/2021 06:50:07 AM,09/03/2021 06:50:26 AM,0.08,in,A
09/03/2021 06:47:05 AM,09/03/2021 06:47:26 AM,0.04,in,A
09/03/2021 06:45:54 AM,09/03/2021 06:46:26 AM,0.04,in,A
09/03/2021 06:44:54 AM,09/03/2021 06:45:26 AM,0.04,in,A
09/03/2021 06:42:49 AM,09/03/2021 06:42:56 AM,0.12,in,A
09/03/2021 06:38:08 AM,09/03/2021 06:38:26 AM,0.04,in,A
09/03/2021 06:36:30 AM,09/03/2021 06:36:56 AM,0.08,in,A
09/03/2021 06:31:03 AM,09/03/2021 06:31:26 AM,0.04,in,A
09/03/2021 06:26:48 AM,09/03/2021 06:26:56 AM,0.04,in,A
09/03/2021 05:41:03 AM,09/03/2021 05:41:25 AM,0.04,in,A
09/03/2021 05:18:39 AM,09/03/2021 05:18:55 AM,0.04,in,A
09/03/2021 05:01:25 AM,09/03/2021 05:01:55 AM,0.04,in,A
09/03/2021 04:34:15 AM,09/03/2021 04:34:25 AM,0.04,in,A
09/03/2021 04:15:45 AM,09/03/2021 04:15:55 AM,0.04,in,A
09/03/2021 01:29:56 AM,09/03/2021 01:30:25 AM,0.00,in,A
09/02/2021 01:29:55 PM,09/02/2021 01:30:25 PM,0.00,in,A
09/02/2021 01:29:55 AM,09/02/2021 01:30:25 AM,0.00,in,A
09/01/2021 01:29:55 PM,09/01/2021 01:30:25 PM,0.00,in,A
09/01/2021 01:29:54 AM,09/01/2021 01:30:25 AM,0.00,in,A
08/31/2021 01:29:54 PM,08/31/2021 01:30:25 PM,0.00,in,A
08/31/2021 10:59:19 AM,08/31/2021 10:59:25 AM,0.04,in,A
08/31/2021 10:18:03 AM,08/31/2021 10:18:25 AM,0.04,in,A
08/31/2021 10:11:54 AM,08/31/2021 10:12:25 AM,0.04,in,A
08/31/2021 10:09:25 AM,08/31/2021 10:09:55 AM,0.04,in,A
08/31/2021 10:07:24 AM,08/31/2021 10:07:55 AM,0.04,in,A
08/31/2021 10:05:18 AM,08/31/2021 10:05:25 AM,0.04,in,A
08/31/2021 01:29:53 AM,08/31/2021 01:29:55 AM,0.00,in,A
08/30/2021 01:29:53 PM,08/30/2021 01:29:55 PM,0.00,in,A
08/30/2021 01:29:52 AM,08/30/2021 01:29:55 AM,0.00,in,A
08/29/2021 01:29:52 PM,08/29/2021 01:29:55 PM,0.00,in,A
08/29/2021 01:29:52 AM,08/29/2021 01:29:55 AM,0.00,in,A
08/28/2021 01:29:51 PM,08/28/2021 01:29:55 PM,0.00,in,A
08/28/2021 01:29:51 AM,08/28/2021 01:29:55 AM,0.00,in,A
08/27/2021 01:29:50 PM,08/27/2021 01:29:55 PM,0.00,in,A
08/27/2021 01:29:50 AM,08/27/2021 01:29:55 AM,0.00,in,A
08/26/2021 01:29:49 PM,08/26/2021 01:29:55 PM,0.00,in,A
08/26/2021 01:29:49 AM,08/26/2021 01:29:55 AM,0.00,in,A
08/25/2021 01:29:48 PM,08/25/2021 01:29:55 PM,0.00,in,A
08/25/2021 01:29:48 AM,08/25/2021 01:29:55 AM,0.00,in,A
08/24/2021 01:29:48 PM,08/24/2021 01:29:55 PM,0.00,in,A
08/24/2021 01:29:47 AM,08/24/2021 01:29:55 AM,0.00,in,A
08/23/2021 01:29:47 PM,08/23/2021 01:29:55 PM,0.00,in,A
08/23/2021 01:29:46 AM,08/23/2021 01:29:55 AM,0.00,in,A
08/22/2021 01:29:46 PM,08/22/2021 01:29:55 PM,0.00,in,A
08/22/2021 01:29:45 AM,08/22/2021 01:29:55 AM,0.00,in,A
08/21/2021 01:29:45 PM,08/21/2021 01:29:55 PM,0.00,in,A
08/21/2021 03:50:19 AM,08/21/2021 03:50:25 AM,0.04,in,A
08/21/2021 03:02:07 AM,08/21/2021 03:02:25 AM,0.04,in,A
08/21/2021 02:45:34 AM,08/21/2021 02:45:55 AM,0.04,in,A
08/21/2021 02:43:25 AM,08/21/2021 02:43:55 AM,0.04,in,A
08/21/2021 02:42:17 AM,08/21/2021 02:42:25 AM,0.04,in,A
08/21/2021 02:36:01 AM,08/21/2021 02:36:25 AM,0.04,in,A
08/21/2021 02:31:35 AM,08/21/2021 02:31:55 AM,0.04,in,A
08/21/2021 01:54:43 AM,08/21/2021 01:54:55 AM,0.04,in,A
08/21/2021 01:29:45 AM,08/21/2021 01:29:55 AM,0.00,in,A
08/21/2021 12:26:49 AM,08/21/2021 12:26:55 AM,0.04,in,A
08/21/2021 12:25:49 AM,08/21/2021 12:25:55 AM,0.04,in,A
08/21/2021 12:24:49 AM,08/21/2021 12:24:55 AM,0.04,in,A
08/21/2021 12:23:50 AM,08/21/2021 12:23:55 AM,0.04,in,A
08/21/2021 12:22:08 AM,08/21/2021 12:22:25 AM,0.04,in,A
08/21/2021 12:21:04 AM,08/21/2021 12:21:25 AM,0.04,in,A
08/21/2021 12:18:28 AM,08/21/2021 12:18:58 AM,0.04,in,A
08/21/2021 12:01:16 AM,08/21/2021 12:01:25 AM,0.04,in,A
08/20/2021 11:50:14 PM,08/20/2021 11:50:25 PM,0.04,in,A
08/20/2021 11:46:49 PM,08/20/2021 11:46:55 PM,0.04,in,A
08/20/2021 11:42:12 PM,08/20/2021 11:42:25 PM,0.04,in,A
08/20/2021 11:33:18 PM,08/20/2021 11:33:25 PM,0.04,in,A
08/20/2021 11:30:15 PM,08/20/2021 11:30:25 PM,0.04,in,A
08/20/2021 11:28:30 PM,08/20/2021 11:28:56 PM,0.04,in,A
08/20/2021 11:27:10 PM,08/20/2021 11:27:25 PM,0.04,in,A
08/20/2021 11:26:10 PM,08/20/2021 11:26:26 PM,0.04,in,A
08/20/2021 11:25:10 PM,08/20/2021 11:25:25 PM,0.04,in,A
08/20/2021 11:24:10 PM,08/20/2021 11:24:25 PM,0.08,in,A
08/20/2021 11:23:11 PM,08/20/2021 11:23:26 PM,0.08,in,A
08/20/2021 11:22:42 PM,08/20/2021 11:22:55 PM,0.12,in,A
08/20/2021 11:20:49 PM,08/20/2021 11:20:56 PM,0.12,in,A
08/20/2021 11:18:49 PM,08/20/2021 11:18:56 PM,0.04,in,A
08/20/2021 11:17:36 PM,08/20/2021 11:17:55 PM,0.04,in,A
08/20/2021 11:15:35 PM,08/20/2021 11:15:55 PM,0.04,in,A
08/20/2021 11:13:41 PM,08/20/2021 11:13:55 PM,0.04,in,A
08/20/2021 11:12:19 PM,08/20/2021 11:12:26 PM,0.04,in,A
08/20/2021 01:29:44 PM,08/20/2021 01:29:55 PM,0.00,in,A
08/20/2021 01:29:44 AM,08/20/2021 01:29:55 AM,0.00,in,A
08/19/2021 01:29:43 AM,08/19/2021 01:29:55 AM,0.00,in,A
08/18/2021 01:29:42 PM,08/18/2021 01:29:55 PM,0.00,in,A
08/18/2021 01:29:42 AM,08/18/2021 01:29:55 AM,0.00,in,A
08/17/2021 01:29:42 PM,08/17/2021 01:29:55 PM,0.00,in,A
08/17/2021 01:29:41 AM,08/17/2021 01:29:55 AM,0.00,in,A
08/16/2021 01:29:41 PM,08/16/2021 01:29:55 PM,0.00,in,A
08/16/2021 01:29:40 AM,08/16/2021 01:29:55 AM,0.00,in,A
08/15/2021 01:29:40 PM,08/15/2021 01:29:55 PM,0.00,in,A
08/15/2021 01:29:40 AM,08/15/2021 01:29:55 AM,0.00,in,A
08/14/2021 01:29:39 PM,08/14/2021 01:29:55 PM,0.00,in,A
08/14/2021 01:29:39 AM,08/14/2021 01:29:55 AM,0.00,in,A
08/13/2021 01:29:38 PM,08/13/2021 01:29:55 PM,0.00,in,A
08/13/2021 07:13:10 AM,08/13/2021 07:13:25 AM,0.04,in,A
08/13/2021 06:08:59 AM,08/13/2021 06:09:25 AM,0.04,in,A
08/13/2021 05:55:06 AM,08/13/2021 05:55:25 AM,0.04,in,A
08/13/2021 05:45:35 AM,08/13/2021 05:45:55 AM,0.04,in,A
08/13/2021 05:34:43 AM,08/13/2021 05:34:55 AM,0.04,in,A
08/13/2021 05:24:52 AM,08/13/2021 05:24:55 AM,0.04,in,A
08/13/2021 05:14:54 AM,08/13/2021 05:15:25 AM,0.04,in,A
08/13/2021 05:03:09 AM,08/13/2021 05:03:25 AM,0.04,in,A
08/13/2021 04:50:16 AM,08/13/2021 04:50:25 AM,0.04,in,A
08/13/2021 04:22:05 AM,08/13/2021 04:22:25 AM,0.04,in,A
08/13/2021 03:55:42 AM,08/13/2021 03:55:55 AM,0.04,in,A
08/13/2021 03:44:09 AM,08/13/2021 03:44:25 AM,0.04,in,A
08/13/2021 03:22:32 AM,08/13/2021 03:22:55 AM,0.04,in,A
08/13/2021 03:05:16 AM,08/13/2021 03:05:25 AM,0.04,in,A
08/13/2021 02:55:35 AM,08/13/2021 02:55:55 AM,0.04,in,A
08/13/2021 02:49:49 AM,08/13/2021 02:49:55 AM,0.08,in,A
08/13/2021 01:53:21 AM,08/13/2021 01:53:25 AM,0.04,in,A
08/13/2021 01:29:38 AM,08/13/2021 01:29:55 AM,0.00,in,A
08/12/2021 11:50:57 PM,08/12/2021 11:51:25 PM,0.04,in,A
08/12/2021 11:44:22 PM,08/12/2021 11:44:25 PM,0.04,in,A
08/12/2021 11:39:05 PM,08/12/2021 11:39:25 PM,0.04,in,A
08/12/2021 11:36:00 PM,08/12/2021 11:36:26 PM,0.04,in,A
08/12/2021 11:33:05 PM,08/12/2021 11:33:25 PM,0.04,in,A
08/12/2021 11:30:54 PM,08/12/2021 11:31:26 PM,0.04,in,A
08/12/2021 11:29:02 PM,08/12/2021 11:29:25 PM,0.04,in,A
08/12/2021 11:27:36 PM,08/12/2021 11:27:55 PM,0.04,in,A
08/12/2021 11:26:12 PM,08/12/2021 11:26:25 PM,0.04,in,A
08/12/2021 11:25:11 PM,08/12/2021 11:25:25 PM,0.04,in,A
08/12/2021 11:24:08 PM,08/12/2021 11:24:25 PM,0.04,in,A
08/12/2021 11:22:57 PM,08/12/2021 11:23:25 PM,0.04,in,A
08/12/2021 11:21:37 PM,08/12/2021 11:21:55 PM,0.04,in,A
08/12/2021 11:20:19 PM,08/12/2021 11:20:25 PM,0.12,in,A
08/12/2021 11:16:48 PM,08/12/2021 11:16:55 PM,0.04,in,A
08/12/2021 11:15:48 PM,08/12/2021 11:15:55 PM,0.04,in,A
08/12/2021 11:14:48 PM,08/12/2021 11:14:55 PM,0.04,in,A
08/12/2021 11:13:48 PM,08/12/2021 11:13:55 PM,0.04,in,A
08/12/2021 11:12:48 PM,08/12/2021 11:12:55 PM,0.04,in,A
08/12/2021 11:11:48 PM,08/12/2021 11:11:55 PM,0.08,in,A
08/12/2021 11:09:48 PM,08/12/2021 11:09:55 PM,0.04,in,A
08/12/2021 11:08:48 PM,08/12/2021 11:08:55 PM,0.04,in,A
08/12/2021 11:03:53 PM,08/12/2021 11:03:55 PM,0.04,in,A
08/12/2021 10:59:39 PM,08/12/2021 10:59:55 PM,0.04,in,A
08/12/2021 10:56:32 PM,08/12/2021 10:56:55 PM,0.04,in,A
08/12/2021 10:53:45 PM,08/12/2021 10:53:55 PM,0.04,in,A
08/12/2021 10:51:28 PM,08/12/2021 10:51:55 PM,0.04,in,A
08/12/2021 10:49:04 PM,08/12/2021 10:49:25 PM,0.04,in,A
08/12/2021 10:46:42 PM,08/12/2021 10:46:56 PM,0.04,in,A
08/12/2021 10:44:45 PM,08/12/2021 10:44:55 PM,0.04,in,A
08/12/2021 10:42:36 PM,08/12/2021 10:42:56 PM,0.04,in,A
08/12/2021 10:40:23 PM,08/12/2021 10:40:25 PM,0.04,in,A
08/12/2021 10:38:45 PM,08/12/2021 10:38:56 PM,0.04,in,A
08/12/2021 10:36:19 PM,08/12/2021 10:36:25 PM,0.04,in,A
08/12/2021 10:34:30 PM,08/12/2021 10:34:55 PM,0.08,in,A
08/12/2021 10:31:26 PM,08/12/2021 10:31:55 PM,0.04,in,A
08/12/2021 10:27:46 PM,08/12/2021 10:27:56 PM,0.04,in,A
08/12/2021 10:12:37 PM,08/12/2021 10:12:55 PM,0.04,in,A
08/12/2021 09:59:57 PM,08/12/2021 10:00:25 PM,0.04,in,A
08/12/2021 09:54:00 PM,08/12/2021 09:54:25 PM,0.04,in,A
08/12/2021 06:01:28 PM,08/12/2021 06:01:55 PM,0.08,in,A
08/12/2021 05:51:20 PM,08/12/2021 05:51:25 PM,0.04,in,A
08/12/2021 05:47:10 PM,08/12/2021 05:47:25 PM,0.04,in,A
08/12/2021 05:44:32 PM,08/12/2021 05:44:55 PM,0.04,in,A
08/12/2021 05:41:32 PM,08/12/2021 05:41:55 PM,0.04,in,A
08/12/2021 05:40:17 PM,08/12/2021 05:40:25 PM,0.04,in,A
08/12/2021 05:39:17 PM,08/12/2021 05:39:25 PM,0.04,in,A
08/12/2021 05:38:18 PM,08/12/2021 05:38:25 PM,0.04,in,A
08/12/2021 05:37:16 PM,08/12/2021 05:37:25 PM,0.08,in,A
08/12/2021 05:34:58 PM,08/12/2021 05:35:25 PM,0.04,in,A
08/12/2021 01:29:37 PM,08/12/2021 01:29:55 PM,0.00,in,A
08/12/2021 01:29:37 AM,08/12/2021 01:29:55 AM,0.00,in,A
08/11/2021 01:29:36 PM,08/11/2021 01:29:55 PM,0.00,in,A
08/11/2021 01:29:36 AM,08/11/2021 01:29:55 AM,0.00,in,A
08/10/2021 01:29:36 PM,08/10/2021 01:29:55 PM,0.00,in,A
08/10/2021 10:01:46 AM,08/10/2021 10:01:55 AM,0.04,in,A
08/10/2021 09:55:47 AM,08/10/2021 09:55:55 AM,0.04,in,A
08/10/2021 09:51:22 AM,08/10/2021 09:51:25 AM,0.04,in,A
08/10/2021 09:49:18 AM,08/10/2021 09:49:25 AM,0.04,in,A
08/10/2021 09:47:21 AM,08/10/2021 09:47:25 AM,0.04,in,A
08/10/2021 09:43:57 AM,08/10/2021 09:44:25 AM,0.04,in,A
08/10/2021 09:17:44 AM,08/10/2021 09:17:55 AM,0.04,in,A
08/10/2021 09:14:57 AM,08/10/2021 09:15:25 AM,0.04,in,A
08/10/2021 09:11:52 AM,08/10/2021 09:11:55 AM,0.04,in,A
08/10/2021 08:40:31 AM,08/10/2021 08:40:55 AM,0.04,in,A
08/10/2021 08:14:29 AM,08/10/2021 08:14:55 AM,0.04,in,A
08/10/2021 01:29:35 AM,08/10/2021 01:29:55 AM,0.00,in,A
08/09/2021 01:29:35 PM,08/09/2021 01:29:55 PM,0.00,in,A
08/09/2021 01:29:34 AM,08/09/2021 01:29:55 AM,0.00,in,A
08/08/2021 01:29:34 PM,08/08/2021 01:29:55 PM,0.00,in,A
08/08/2021 01:29:33 AM,08/08/2021 01:29:55 AM,0.00,in,A
08/07/2021 01:29:33 PM,08/07/2021 01:29:55 PM,0.00,in,A
08/07/2021 01:29:33 AM,08/07/2021 01:29:55 AM,0.00,in,A
08/06/2021 01:29:32 PM,08/06/2021 01:29:55 PM,0.00,in,A
08/06/2021 01:29:32 AM,08/06/2021 01:29:55 AM,0.00,in,A
08/05/2021 01:29:31 PM,08/05/2021 01:29:55 PM,0.00,in,A
08/05/2021 01:29:31 AM,08/05/2021 01:29:55 AM,0.00,in,A
08/04/2021 01:29:30 PM,08/04/2021 01:29:55 PM,0.00,in,A
08/04/2021 01:29:30 AM,08/04/2021 01:29:55 AM,0.00,in,A
08/03/2021 01:29:30 PM,08/03/2021 01:29:55 PM,0.00,in,A
08/03/2021 01:29:29 AM,08/03/2021 01:29:55 AM,0.00,in,A
08/02/2021 01:29:29 PM,08/02/2021 01:29:55 PM,0.00,in,A
08/02/2021 01:29:28 AM,08/02/2021 01:29:55 AM,0.00,in,A
08/01/2021 01:29:28 PM,08/01/2021 01:29:55 PM,0.00,in,A
08/01/2021 01:29:28 AM,08/01/2021 01:29:55 AM,0.00,in,A
07/31/2021 01:29:27 AM,07/31/2021 01:29:55 AM,0.00,in,A
07/30/2021 01:29:26 PM,07/30/2021 01:29:55 PM,0.00,in,A
07/30/2021 01:29:26 AM,07/30/2021 01:29:55 AM,0.00,in,A
07/29/2021 01:29:25 PM,07/29/2021 01:29:55 PM,0.00,in,A
07/29/2021 01:29:25 AM,07/29/2021 01:29:55 AM,0.00,in,A
07/28/2021 01:29:24 PM,07/28/2021 01:29:55 PM,0.00,in,A
07/27/2021 01:29:23 PM,07/27/2021 01:29:25 PM,0.00,in,A
07/27/2021 01:29:23 AM,07/27/2021 01:29:25 AM,0.00,in,A
07/26/2021 01:29:23 PM,07/26/2021 01:29:25 PM,0.00,in,A
07/26/2021 01:29:22 AM,07/26/2021 01:29:25 AM,0.00,in,A
07/25/2021 01:29:22 PM,07/25/2021 01:29:25 PM,0.00,in,A
07/25/2021 01:29:21 AM,07/25/2021 01:29:25 AM,0.00,in,A
07/24/2021 01:29:21 PM,07/24/2021 01:29:25 PM,0.00,in,A
07/24/2021 01:29:20 AM,07/24/2021 01:29:25 AM,0.00,in,A
07/23/2021 01:29:20 PM,07/23/2021 01:29:25 PM,0.00,in,A
07/23/2021 01:29:20 AM,07/23/2021 01:29:25 AM,0.00,in,A
07/22/2021 01:29:19 PM,07/22/2021 01:29:25 PM,0.00,in,A
07/22/2021 01:29:19 AM,07/22/2021 01:29:25 AM,0.00,in,A
07/21/2021 01:29:18 PM,07/21/2021 01:29:25 PM,0.00,in,A
07/21/2021 01:29:18 AM,07/21/2021 01:29:25 AM,0.00,in,A
07/20/2021 01:29:17 PM,07/20/2021 01:29:25 PM,0.00,in,A
07/20/2021 01:29:17 AM,07/20/2021 01:29:25 AM,0.00,in,A
07/19/2021 01:29:17 PM,07/19/2021 01:29:25 PM,0.00,in,A
07/19/2021 01:29:16 AM,07/19/2021 01:29:25 AM,0.00,in,A
07/18/2021 01:29:16 PM,07/18/2021 01:29:25 PM,0.00,in,A
07/18/2021 01:29:15 AM,07/18/2021 01:29:25 AM,0.00,in,A
07/17/2021 03:00:57 PM,07/17/2021 03:01:25 PM,0.04,in,A
07/17/2021 02:45:28 PM,07/17/2021 02:45:55 PM,0.04,in,A
07/17/2021 02:31:13 PM,07/17/2021 02:31:25 PM,0.04,in,A
07/17/2021 02:28:29 PM,07/17/2021 02:28:55 PM,0.04,in,A
07/17/2021 02:25:35 PM,07/17/2021 02:25:55 PM,0.04,in,A
07/17/2021 02:20:53 PM,07/17/2021 02:20:55 PM,0.04,in,A
07/17/2021 02:18:19 PM,07/17/2021 02:18:25 PM,0.04,in,A
07/17/2021 02:17:02 PM,07/17/2021 02:17:25 PM,0.04,in,A
07/17/2021 02:15:31 PM,07/17/2021 02:15:55 PM,0.04,in,A
07/17/2021 02:05:40 PM,07/17/2021 02:05:55 PM,0.04,in,A
07/17/2021 01:29:15 PM,07/17/2021 01:29:25 PM,0.00,in,A
07/17/2021 01:29:15 AM,07/17/2021 01:29:25 AM,0.00,in,A
07/16/2021 01:29:14 PM,07/16/2021 01:29:25 PM,0.00,in,A
07/16/2021 01:29:14 AM,07/16/2021 01:29:25 AM,0.00,in,A
07/15/2021 06:12:17 PM,07/15/2021 06:12:25 PM,0.04,in,A
07/15/2021 03:17:24 PM,07/15/2021 03:17:55 PM,0.04,in,A
07/15/2021 01:29:13 PM,07/15/2021 01:29:25 PM,0.00,in,A
07/15/2021 12:37:45 PM,07/15/2021 12:37:55 PM,0.04,in,A
07/15/2021 11:42:21 AM,07/15/2021 11:42:26 AM,0.04,in,A
07/15/2021 10:35:12 AM,07/15/2021 10:35:25 AM,0.04,in,A
07/15/2021 10:23:17 AM,07/15/2021 10:23:25 AM,0.04,in,A
07/15/2021 10:19:35 AM,07/15/2021 10:19:55 AM,0.08,in,A
07/15/2021 01:29:13 AM,07/15/2021 01:29:25 AM,0.00,in,A
07/14/2021 01:29:12 PM,07/14/2021 01:29:25 PM,0.00,in,A
07/14/2021 01:29:12 AM,07/14/2021 01:29:25 AM,0.00,in,A
07/13/2021 01:29:12 PM,07/13/2021 01:29:25 PM,0.00,in,A
07/13/2021 01:29:11 AM,07/13/2021 01:29:25 AM,0.00,in,A
07/12/2021 01:29:11 PM,07/12/2021 01:29:25 PM,0.00,in,A
07/12/2021 01:29:10 AM,07/12/2021 01:29:25 AM,0.00,in,A
07/11/2021 01:29:10 PM,07/11/2021 01:29:25 PM,0.00,in,A
07/11/2021 01:29:10 AM,07/11/2021 01:29:25 AM,0.00,in,A
07/10/2021 08:18:41 PM,07/10/2021 08:18:55 PM,0.04,in,A
07/10/2021 08:15:43 PM,07/10/2021 08:15:55 PM,0.04,in,A
07/10/2021 08:13:27 PM,07/10/2021 08:13:55 PM,0.04,in,A
07/10/2021 01:29:09 PM,07/10/2021 01:29:25 PM,0.00,in,A
07/10/2021 08:49:25 AM,07/10/2021 08:49:55 AM,0.04,in,A
07/10/2021 07:41:27 AM,07/10/2021 07:41:55 AM,0.04,in,A
07/10/2021 07:13:35 AM,07/10/2021 07:13:55 AM,0.04,in,A
07/10/2021 05:06:21 AM,07/10/2021 05:06:25 AM,0.04,in,A
07/10/2021 04:24:16 AM,07/10/2021 04:24:25 AM,0.04,in,A
07/10/2021 04:09:27 AM,07/10/2021 04:09:55 AM,0.04,in,A
07/10/2021 01:29:09 AM,07/10/2021 01:29:25 AM,0.00,in,A
07/09/2021 01:29:08 PM,07/09/2021 01:29:25 PM,0.00,in,A
07/09/2021 01:29:08 AM,07/09/2021 01:29:25 AM,0.00,in,A
07/08/2021 01:29:08 PM,07/08/2021 01:29:25 PM,0.00,in,A
07/08/2021 01:29:07 AM,07/08/2021 01:29:25 AM,0.00,in,A
07/07/2021 01:29:07 PM,07/07/2021 01:29:25 PM,0.00,in,A
07/07/2021 01:29:06 AM,07/07/2021 01:29:25 AM,0.00,in,A
07/06/2021 01:29:06 PM,07/06/2021 01:29:25 PM,0.00,in,A
07/06/2021 01:29:05 AM,07/06/2021 01:29:25 AM,0.00,in,A
07/05/2021 01:29:05 PM,07/05/2021 01:29:25 PM,0.00,in,A
07/05/2021 01:29:05 AM,07/05/2021 01:29:25 AM,0.00,in,A
07/04/2021 01:29:04 PM,07/04/2021 01:29:25 PM,0.00,in,A
07/04/2021 01:29:04 AM,07/04/2021 01:29:25 AM,0.00,in,A
07/03/2021 01:29:03 PM,07/03/2021 01:29:25 PM,0.00,in,A
07/03/2021 01:29:03 AM,07/03/2021 01:29:25 AM,0.00,in,A
07/02/2021 01:29:02 PM,07/02/2021 01:29:25 PM,0.00,in,A
07/02/2021 01:29:02 AM,07/02/2021 01:29:25 AM,0.00,in,A
07/01/2021 01:29:02 PM,07/01/2021 01:29:25 PM,0.00,in,A
07/01/2021 02:35:29 AM,07/01/2021 02:35:55 AM,0.04,in,A
07/01/2021 01:29:01 AM,07/01/2021 01:29:25 AM,0.00,in,A
07/01/2021 12:20:06 AM,07/01/2021 12:20:25 AM,0.04,in,A
06/30/2021 11:10:31 PM,06/30/2021 11:10:55 PM,0.04,in,A
06/30/2021 10:33:15 PM,06/30/2021 10:33:25 PM,0.04,in,A
06/30/2021 10:25:43 PM,06/30/2021 10:25:55 PM,0.04,in,A
06/30/2021 09:23:40 PM,06/30/2021 09:23:55 PM,0.04,in,A
06/30/2021 09:12:09 PM,06/30/2021 09:12:25 PM,0.04,in,A
06/30/2021 01:29:01 PM,06/30/2021 01:29:25 PM,0.00,in,A
06/30/2021 12:21:57 PM,06/30/2021 12:22:25 PM,0.04,in,A
06/30/2021 11:02:38 AM,06/30/2021 11:02:55 AM,0.04,in,A
06/30/2021 10:50:57 AM,06/30/2021 10:51:25 AM,0.04,in,A
06/30/2021 10:38:01 AM,06/30/2021 10:38:25 AM,0.04,in,A
06/30/2021 10:25:05 AM,06/30/2021 10:25:25 AM,0.04,in,A
06/30/2021 10:06:53 AM,06/30/2021 10:06:55 AM,0.04,in,A
06/30/2021 09:56:11 AM,06/30/2021 09:56:25 AM,0.04,in,A
06/30/2021 09:29:53 AM,06/30/2021 09:29:55 AM,0.04,in,A
06/30/2021 09:17:56 AM,06/30/2021 09:18:25 AM,0.04,in,A
06/30/2021 09:11:19 AM,06/30/2021 09:11:26 AM,0.04,in,A
06/30/2021 09:04:53 AM,06/30/2021 09:04:55 AM,0.04,in,A
06/30/2021 07:43:47 AM,06/30/2021 07:43:55 AM,0.04,in,A
06/30/2021 07:40:44 AM,06/30/2021 07:40:55 AM,0.04,in,A
06/30/2021 07:39:44 AM,06/30/2021 07:39:55 AM,0.04,in,A
06/30/2021 07:38:44 AM,06/30/2021 07:38:56 AM,0.04,in,A
06/30/2021 07:37:44 AM,06/30/2021 07:37:55 AM,0.08,in,A
06/30/2021 07:36:46 AM,06/30/2021 07:36:55 AM,0.04,in,A
06/30/2021 07:35:46 AM,06/30/2021 07:35:55 AM,0.04,in,A
06/30/2021 07:34:46 AM,06/30/2021 07:34:56 AM,0.08,in,A
06/30/2021 07:33:54 AM,06/30/2021 07:34:25 AM,0.04,in,A
06/30/2021 07:32:55 AM,06/30/2021 07:33:25 AM,0.04,in,A
06/30/2021 07:30:58 AM,06/30/2021 07:31:25 AM,0.04,in,A
06/30/2021 03:52:28 AM,06/30/2021 03:52:55 AM,0.04,in,A
06/30/2021 02:29:05 AM,06/30/2021 02:29:25 AM,0.04,in,A
06/30/2021 01:49:24 AM,06/30/2021 01:49:55 AM,0.04,in,A
06/30/2021 01:31:29 AM,06/30/2021 01:31:55 AM,0.04,in,A
06/30/2021 01:29:00 AM,06/30/2021 01:29:25 AM,0.00,in,A
06/30/2021 01:06:43 AM,06/30/2021 01:06:55 AM,0.04,in,A
06/30/2021 12:56:59 AM,06/30/2021 12:57:25 AM,0.04,in,A
06/30/2021 12:51:15 AM,06/30/2021 12:51:25 AM,0.04,in,A
06/30/2021 12:50:04 AM,06/30/2021 12:50:25 AM,0.04,in,A
06/30/2021 12:49:04 AM,06/30/2021 12:49:25 AM,0.04,in,A
06/30/2021 12:48:04 AM,06/30/2021 12:48:25 AM,0.04,in,A
06/30/2021 12:46:19 AM,06/30/2021 12:46:25 AM,0.04,in,A
06/30/2021 12:42:57 AM,06/30/2021 12:43:25 AM,0.04,in,A
06/30/2021 12:39:18 AM,06/30/2021 12:39:25 AM,0.08,in,A
06/29/2021 01:29:00 PM,06/29/2021 01:29:25 PM,0.00,in,A
06/29/2021 01:19:39 PM,06/29/2021 01:19:55 PM,0.04,in,A
06/29/2021 08:29:12 AM,06/29/2021 08:29:25 AM,0.04,in,A
06/29/2021 07:56:45 AM,06/29/2021 07:56:55 AM,0.04,in,A
06/29/2021 01:30:00 AM,06/29/2021 01:30:25 AM,0.04,in,A
06/29/2021 01:29:00 AM,06/29/2021 01:29:25 AM,0.00,in,A
06/29/2021 01:25:09 AM,06/29/2021 01:25:25 AM,0.04,in,A
06/29/2021 12:52:26 AM,06/29/2021 12:52:55 AM,0.04,in,A
06/29/2021 12:49:36 AM,06/29/2021 12:49:55 AM,0.04,in,A
06/28/2021 01:59:46 PM,06/28/2021 01:59:55 PM,0.04,in,A
06/28/2021 01:43:25 PM,06/28/2021 01:43:55 PM,0.04,in,A
06/28/2021 01:28:59 PM,06/28/2021 01:29:25 PM,0.00,in,A
06/28/2021 01:24:34 PM,06/28/2021 01:24:55 PM,0.04,in,A
06/28/2021 01:11:39 PM,06/28/2021 01:11:55 PM,0.04,in,A
06/28/2021 01:00:18 PM,06/28/2021 01:00:25 PM,0.04,in,A
06/28/2021 12:45:15 PM,06/28/2021 12:45:25 PM,0.04,in,A
06/28/2021 12:28:26 PM,06/28/2021 12:28:55 PM,0.04,in,A
06/28/2021 12:17:30 PM,06/28/2021 12:17:55 PM,0.04,in,A
06/28/2021 12:14:44 PM,06/28/2021 12:14:55 PM,0.04,in,A
06/28/2021 12:11:41 PM,06/28/2021 12:11:55 PM,0.04,in,A
06/28/2021 12:09:08 PM,06/28/2021 12:09:25 PM,0.04,in,A
06/28/2021 12:07:36 PM,06/28/2021 12:07:55 PM,0.04,in,A
06/28/2021 12:06:36 PM,06/28/2021 12:06:55 PM,0.04,in,A
06/28/2021 12:05:36 PM,06/28/2021 12:05:55 PM,0.04,in,A
06/28/2021 12:04:36 PM,06/28/2021 12:04:55 PM,0.04,in,A
06/28/2021 12:03:36 PM,06/28/2021 12:03:55 PM,0.04,in,A
06/28/2021 12:02:37 PM,06/28/2021 12:02:55 PM,0.08,in,A
06/28/2021 12:01:40 PM,06/28/2021 12:01:55 PM,0.04,in,A
06/28/2021 12:00:40 PM,06/28/2021 12:00:55 PM,0.08,in,A
06/28/2021 11:59:51 AM,06/28/2021 11:59:55 AM,0.04,in,A
06/28/2021 11:58:51 AM,06/28/2021 11:58:55 AM,0.04,in,A
06/28/2021 11:57:52 AM,06/28/2021 11:57:55 AM,0.04,in,A
06/28/2021 11:56:34 AM,06/28/2021 11:56:55 AM,0.04,in,A
06/28/2021 11:54:28 AM,06/28/2021 11:54:55 AM,0.04,in,A
06/28/2021 11:53:06 AM,06/28/2021 11:53:25 AM,0.04,in,A
06/28/2021 11:51:09 AM,06/28/2021 11:51:25 AM,0.04,in,A
06/28/2021 11:47:17 AM,06/28/2021 11:47:25 AM,0.04,in,A
06/28/2021 11:45:47 AM,06/28/2021 11:45:55 AM,0.04,in,A
06/28/2021 11:44:34 AM,06/28/2021 11:44:55 AM,0.04,in,A
06/28/2021 09:18:34 AM,06/28/2021 09:18:55 AM,0.04,in,A
06/28/2021 07:52:31 AM,06/28/2021 07:52:55 AM,0.04,in,A
06/28/2021 07:34:06 AM,06/28/2021 07:34:25 AM,0.04,in,A
06/28/2021 01:28:59 AM,06/28/2021 01:29:25 AM,0.00,in,A
06/27/2021 01:28:58 PM,06/27/2021 01:29:25 PM,0.00,in,A
06/27/2021 01:28:58 AM,06/27/2021 01:29:25 AM,0.00,in,A
06/26/2021 03:53:09 PM,06/26/2021 03:53:25 PM,0.08,in,A
06/26/2021 03:50:27 PM,06/26/2021 03:50:55 PM,0.04,in,A
06/26/2021 02:38:05 PM,06/26/2021 02:38:25 PM,0.04,in,A
06/26/2021 02:35:36 PM,06/26/2021 02:35:55 PM,0.04,in,A
06/26/2021 01:28:58 PM,06/26/2021 01:29:25 PM,0.00,in,A
06/26/2021 05:37:31 AM,06/26/2021 05:37:55 AM,0.04,in,A
06/26/2021 03:31:22 AM,06/26/2021 03:31:25 AM,0.04,in,A
06/26/2021 03:18:39 AM,06/26/2021 03:18:55 AM,0.04,in,A
06/26/2021 03:08:12 AM,06/26/2021 03:08:25 AM,0.04,in,A
06/26/2021 02:58:01 AM,06/26/2021 02:58:25 AM,0.04,in,A
06/26/2021 02:44:43 AM,06/26/2021 02:44:55 AM,0.04,in,A
06/26/2021 02:33:57 AM,06/26/2021 02:34:25 AM,0.04,in,A
06/26/2021 02:23:47 AM,06/26/2021 02:23:55 AM,0.04,in,A
06/26/2021 02:15:54 AM,06/26/2021 02:16:25 AM,0.04,in,A
06/26/2021 02:06:48 AM,06/26/2021 02:06:55 AM,0.04,in,A
06/26/2021 01:59:25 AM,06/26/2021 01:59:55 AM,0.04,in,A
06/26/2021 01:50:43 AM,06/26/2021 01:50:55 AM,0.04,in,A
06/26/2021 01:40:37 AM,06/26/2021 01:40:55 AM,0.04,in,A
06/26/2021 01:28:57 AM,06/26/2021 01:29:25 AM,0.00,in,A
06/26/2021 01:16:47 AM,06/26/2021 01:16:55 AM,0.04,in,A
06/26/2021 12:59:16 AM,06/26/2021 12:59:25 AM,0.04,in,A
06/26/2021 12:40:37 AM,06/26/2021 12:40:55 AM,0.04,in,A
06/26/2021 12:24:26 AM,06/26/2021 12:24:55 AM,0.04,in,A
06/25/2021 11:55:01 PM,06/25/2021 11:55:25 PM,0.04,in,A
06/25/2021 10:20:01 PM,06/25/2021 10:20:25 PM,0.04,in,A
06/25/2021 09:45:38 PM,06/25/2021 09:45:55 PM,0.04,in,A
06/25/2021 09:24:29 PM,06/25/2021 09:24:55 PM,0.04,in,A
06/25/2021 08:47:44 PM,06/25/2021 08:47:55 PM,0.04,in,A
06/25/2021 08:22:04 PM,06/25/2021 08:22:25 PM,0.04,in,A
06/25/2021 07:47:25 PM,06/25/2021 07:47:55 PM,0.04,in,A
06/25/2021 07:06:04 PM,06/25/2021 07:06:25 PM,0.04,in,A
06/25/2021 06:42:01 PM,06/25/2021 06:42:25 PM,0.04,in,A
06/25/2021 06:12:46 PM,06/25/2021 06:12:55 PM,0.04,in,A
06/25/2021 05:40:09 PM,06/25/2021 05:40:25 PM,0.04,in,A
06/25/2021 05:30:40 PM,06/25/2021 05:30:55 PM,0.04,in,A
06/25/2021 05:04:30 PM,06/25/2021 05:04:55 PM,0.04,in,A
06/25/2021 04:10:01 PM,06/25/2021 04:10:25 PM,0.04,in,A
06/25/2021 04:01:17 PM,06/25/2021 04:01:25 PM,0.04,in,A
06/25/2021 03:59:54 PM,06/25/2021 04:00:25 PM,0.04,in,A
06/25/2021 03:58:50 PM,06/25/2021 03:58:56 PM,0.04,in,A
06/25/2021 03:56:56 PM,06/25/2021 03:57:25 PM,0.04,in,A
06/25/2021 01:28:57 PM,06/25/2021 01:29:25 PM,0.00,in,A
06/25/2021 04:58:16 AM,06/25/2021 04:58:25 AM,0.04,in,A
06/25/2021 04:47:39 AM,06/25/2021 04:47:55 AM,0.04,in,A
06/25/2021 01:28:56 AM,06/25/2021 01:29:25 AM,0.00,in,A
06/24/2021 01:28:56 PM,06/24/2021 01:29:25 PM,0.08,in,A
06/24/2021 08:16:55 AM,06/24/2021 08:17:25 AM,0.04,in,A
06/24/2021 08:11:21 AM,06/24/2021 08:11:25 AM,0.04,in,A
06/24/2021 08:09:05 AM,06/24/2021 08:09:25 AM,0.04,in,A
06/24/2021 08:04:34 AM,06/24/2021 08:04:55 AM,0.04,in,A
06/24/2021 08:03:05 AM,06/24/2021 08:03:25 AM,0.04,in,A
06/24/2021 08:02:06 AM,06/24/2021 08:02:25 AM,0.04,in,A
06/24/2021 08:01:00 AM,06/24/2021 08:01:25 AM,0.04,in,A
06/24/2021 01:28:56 AM,06/24/2021 01:29:25 AM,0.00,in,A
06/23/2021 01:28:55 PM,06/23/2021 01:29:25 PM,0.00,in,A
06/23/2021 01:28:55 AM,06/23/2021 01:29:25 AM,0.00,in,A
06/22/2021 01:28:54 PM,06/22/2021 01:29:25 PM,0.00,in,A
06/22/2021 01:28:54 AM,06/22/2021 01:29:25 AM,0.00,in,A
06/21/2021 01:28:54 PM,06/21/2021 01:28:55 PM,0.16,in,A
06/17/2021 01:28:50 PM,06/17/2021 01:28:55 PM,0.00,in,A
06/17/2021 01:28:50 AM,06/17/2021 01:28:55 AM,0.00,in,A
06/16/2021 01:28:49 PM,06/16/2021 01:28:55 PM,0.00,in,A
06/16/2021 01:28:49 AM,06/16/2021 01:28:55 AM,0.00,in,A
06/15/2021 01:28:48 PM,06/15/2021 01:28:55 PM,0.00,in,A
06/15/2021 01:28:48 AM,06/15/2021 01:28:55 AM,0.00,in,A
06/14/2021 01:28:47 PM,06/14/2021 01:28:55 PM,0.00,in,A
06/14/2021 01:28:47 AM,06/14/2021 01:28:55 AM,0.00,in,A
06/13/2021 01:28:47 PM,06/13/2021 01:28:55 PM,0.00,in,A
06/13/2021 01:28:46 AM,06/13/2021 01:28:55 AM,0.00,in,A
06/12/2021 01:28:46 PM,06/12/2021 01:28:55 PM,0.00,in,A
06/12/2021 01:28:45 AM,06/12/2021 01:28:55 AM,0.00,in,A
06/11/2021 05:51:19 PM,06/11/2021 05:51:25 PM,0.04,in,A
06/11/2021 04:24:30 PM,06/11/2021 04:24:55 PM,0.04,in,A
06/11/2021 04:22:34 PM,06/11/2021 04:22:55 PM,0.04,in,A
06/11/2021 04:21:00 PM,06/11/2021 04:21:25 PM,0.04,in,A
06/11/2021 04:19:54 PM,06/11/2021 04:20:25 PM,0.04,in,A
06/11/2021 04:18:54 PM,06/11/2021 04:19:25 PM,0.04,in,A
06/11/2021 04:17:54 PM,06/11/2021 04:18:25 PM,0.04,in,A
06/11/2021 04:16:52 PM,06/11/2021 04:16:55 PM,0.04,in,A
06/11/2021 04:15:52 PM,06/11/2021 04:15:55 PM,0.04,in,A
06/11/2021 04:14:52 PM,06/11/2021 04:14:56 PM,0.08,in,A
06/11/2021 04:13:55 PM,06/11/2021 04:14:25 PM,0.04,in,A
06/11/2021 04:12:55 PM,06/11/2021 04:13:25 PM,0.04,in,A
06/11/2021 04:11:55 PM,06/11/2021 04:12:25 PM,0.04,in,A
06/11/2021 04:10:56 PM,06/11/2021 04:11:25 PM,0.08,in,A
06/11/2021 04:10:23 PM,06/11/2021 04:10:26 PM,0.12,in,A
06/11/2021 04:08:49 PM,06/11/2021 04:08:56 PM,0.04,in,A
06/11/2021 04:07:49 PM,06/11/2021 04:07:56 PM,0.08,in,A
06/11/2021 04:07:08 PM,06/11/2021 04:07:26 PM,0.04,in,A
06/11/2021 04:06:08 PM,06/11/2021 04:06:26 PM,0.08,in,A
06/11/2021 04:05:35 PM,06/11/2021 04:05:56 PM,0.04,in,A
06/11/2021 04:04:36 PM,06/11/2021 04:04:56 PM,0.08,in,A
06/11/2021 04:03:55 PM,06/11/2021 04:04:25 PM,0.04,in,A
06/11/2021 04:02:55 PM,06/11/2021 04:03:25 PM,0.04,in,A
06/11/2021 04:01:56 PM,06/11/2021 04:02:25 PM,0.04,in,A
06/11/2021 04:00:29 PM,06/11/2021 04:00:56 PM,0.04,in,A
06/11/2021 03:59:03 PM,06/11/2021 03:59:26 PM,0.04,in,A
06/11/2021 01:28:45 PM,06/11/2021 01:28:55 PM,0.00,in,A
06/11/2021 01:28:44 AM,06/11/2021 01:28:55 AM,0.00,in,A
06/10/2021 01:28:44 PM,06/10/2021 01:28:55 PM,0.00,in,A
06/10/2021 01:28:44 AM,06/10/2021 01:28:55 AM,0.00,in,A
06/09/2021 01:28:43 PM,06/09/2021 01:28:55 PM,0.00,in,A
06/08/2021 01:28:42 PM,06/08/2021 01:28:55 PM,0.00,in,A
06/08/2021 01:28:42 AM,06/08/2021 01:28:55 AM,0.00,in,A
06/07/2021 01:28:42 PM,06/07/2021 01:28:55 PM,0.00,in,A
06/07/2021 01:28:42 AM,06/07/2021 01:28:55 AM,0.00,in,A
06/06/2021 01:28:41 PM,06/06/2021 01:28:55 PM,0.00,in,A
06/06/2021 01:28:41 AM,06/06/2021 01:28:55 AM,0.00,in,A
06/05/2021 01:28:41 PM,06/05/2021 01:28:55 PM,0.00,in,A
06/05/2021 01:28:40 AM,06/05/2021 01:28:55 AM,0.00,in,A
06/04/2021 01:28:38 PM,06/04/2021 01:28:55 PM,0.00,in,A
06/04/2021 01:28:25 PM,06/04/2021 01:28:55 PM,0.00,in,A
06/04/2021 09:02:05 AM,06/04/2021 09:02:25 AM,0.00,in,A
06/03/2021 09:02:04 PM,06/03/2021 09:02:25 PM,0.00,in,A
06/03/2021 09:02:04 AM,06/03/2021 09:02:25 AM,0.00,in,A
06/02/2021 09:02:03 PM,06/02/2021 09:02:25 PM,0.00,in,A
06/02/2021 09:02:03 AM,06/02/2021 09:02:25 AM,0.00,in,A
06/01/2021 09:02:02 PM,06/01/2021 09:02:25 PM,0.00,in,A
06/01/2021 09:02:02 AM,06/01/2021 09:02:25 AM,0.00,in,A
05/31/2021 09:02:02 PM,05/31/2021 09:02:25 PM,0.00,in,A
05/31/2021 11:02:12 AM,05/31/2021 11:02:25 AM,0.04,in,A
05/31/2021 09:37:32 AM,05/31/2021 09:37:55 AM,0.04,in,A
05/31/2021 09:08:23 AM,05/31/2021 09:08:25 AM,0.04,in,A
05/31/2021 09:02:01 AM,05/31/2021 09:02:25 AM,0.00,in,A
05/31/2021 08:21:43 AM,05/31/2021 08:21:55 AM,0.04,in,A
05/30/2021 09:02:01 PM,05/30/2021 09:02:25 PM,0.00,in,A
05/30/2021 09:02:00 AM,05/30/2021 09:02:25 AM,0.00,in,A
05/29/2021 09:02:00 PM,05/29/2021 09:02:25 PM,0.00,in,A
05/29/2021 09:01:59 AM,05/29/2021 09:02:25 AM,0.00,in,A
05/28/2021 09:01:59 PM,05/28/2021 09:02:25 PM,0.00,in,A
05/28/2021 09:01:58 AM,05/28/2021 09:02:25 AM,0.00,in,A
05/27/2021 09:01:58 PM,05/27/2021 09:02:25 PM,0.00,in,A
05/27/2021 07:14:02 PM,05/27/2021 07:14:25 PM,0.04,in,A
05/27/2021 07:03:59 PM,05/27/2021 07:04:25 PM,0.04,in,A
05/27/2021 07:00:39 PM,05/27/2021 07:00:55 PM,0.04,in,A
05/27/2021 06:58:08 PM,05/27/2021 06:58:25 PM,0.04,in,A
05/27/2021 06:54:04 PM,05/27/2021 06:54:25 PM,0.04,in,A
05/27/2021 06:48:58 PM,05/27/2021 06:49:25 PM,0.04,in,A
05/27/2021 09:20:53 AM,05/27/2021 09:20:55 AM,0.04,in,A
05/27/2021 09:17:34 AM,05/27/2021 09:17:55 AM,0.04,in,A
05/27/2021 09:05:50 AM,05/27/2021 09:05:55 AM,0.04,in,A
05/27/2021 09:03:05 AM,05/27/2021 09:03:25 AM,0.04,in,A
05/27/2021 09:01:57 AM,05/27/2021 09:02:25 AM,0.00,in,A
05/27/2021 08:45:57 AM,05/27/2021 08:46:25 AM,0.04,in,A
05/27/2021 08:41:45 AM,05/27/2021 08:41:55 AM,0.04,in,A
05/27/2021 07:41:05 AM,05/27/2021 07:41:25 AM,0.04,in,A
05/27/2021 07:15:33 AM,05/27/2021 07:15:55 AM,0.04,in,A
05/27/2021 07:07:21 AM,05/27/2021 07:07:25 AM,0.04,in,A
05/27/2021 07:06:07 AM,05/27/2021 07:06:25 AM,0.04,in,A
05/27/2021 07:03:24 AM,05/27/2021 07:03:55 AM,0.04,in,A
05/27/2021 07:02:18 AM,05/27/2021 07:02:26 AM,0.04,in,A
05/27/2021 07:01:19 AM,05/27/2021 07:01:25 AM,0.08,in,A
05/27/2021 03:39:18 AM,05/27/2021 03:39:25 AM,0.04,in,A
05/27/2021 03:20:27 AM,05/27/2021 03:20:55 AM,0.04,in,A
05/26/2021 09:01:57 PM,05/26/2021 09:02:25 PM,0.00,in,A
05/26/2021 09:01:57 AM,05/26/2021 09:02:25 AM,0.00,in,A
05/25/2021 09:01:56 PM,05/25/2021 09:02:25 PM,0.00,in,A
05/25/2021 09:01:56 AM,05/25/2021 09:02:25 AM,0.00,in,A
05/24/2021 09:01:55 PM,05/24/2021 09:02:25 PM,0.00,in,A
05/24/2021 09:01:55 AM,05/24/2021 09:02:25 AM,0.00,in,A
05/23/2021 09:01:54 PM,05/23/2021 09:02:25 PM,0.00,in,A
05/23/2021 09:01:54 AM,05/23/2021 09:01:55 AM,0.00,in,A
05/22/2021 09:01:54 PM,05/22/2021 09:01:55 PM,0.00,in,A
05/22/2021 01:55:34 PM,05/22/2021 01:55:55 PM,0.04,in,A
05/22/2021 12:22:49 PM,05/22/2021 12:22:55 PM,0.04,in,A
05/22/2021 11:49:10 AM,05/22/2021 11:49:25 AM,0.04,in,A
05/22/2021 11:23:32 AM,05/22/2021 11:23:55 AM,0.04,in,A
05/22/2021 09:01:53 AM,05/22/2021 09:01:55 AM,0.00,in,A
05/22/2021 08:30:13 AM,05/22/2021 08:30:25 AM,0.04,in,A
05/22/2021 07:11:02 AM,05/22/2021 07:11:25 AM,0.04,in,A
05/22/2021 07:05:26 AM,05/22/2021 07:05:55 AM,0.04,in,A
05/22/2021 04:44:17 AM,05/22/2021 04:44:25 AM,0.04,in,A
05/22/2021 02:05:08 AM,05/22/2021 02:05:25 AM,0.04,in,A
05/21/2021 09:01:53 PM,05/21/2021 09:01:55 PM,0.00,in,A
05/21/2021 09:01:52 AM,05/21/2021 09:01:55 AM,0.00,in,A
05/21/2021 01:50:59 AM,05/21/2021 01:51:25 AM,0.04,in,A
05/20/2021 09:01:52 PM,05/20/2021 09:01:55 PM,0.00,in,A
05/20/2021 04:28:16 PM,05/20/2021 04:28:25 PM,0.04,in,A
05/20/2021 04:26:04 PM,05/20/2021 04:26:25 PM,0.04,in,A
05/20/2021 04:07:37 PM,05/20/2021 04:07:55 PM,0.04,in,A
05/20/2021 03:57:13 PM,05/20/2021 03:57:25 PM,0.04,in,A
05/20/2021 03:53:26 PM,05/20/2021 03:53:55 PM,0.04,in,A
05/20/2021 03:46:31 PM,05/20/2021 03:46:55 PM,0.04,in,A
05/20/2021 09:01:52 AM,05/20/2021 09:01:55 AM,0.00,in,A
05/20/2021 05:41:31 AM,05/20/2021 05:41:55 AM,0.04,in,A
05/20/2021 05:30:15 AM,05/20/2021 05:30:25 AM,0.04,in,A
05/20/2021 05:23:17 AM,05/20/2021 05:23:25 AM,0.04,in,A
05/20/2021 05:14:24 AM,05/20/2021 05:14:55 AM,0.04,in,A
05/20/2021 05:08:21 AM,05/20/2021 05:08:25 AM,0.04,in,A
05/20/2021 05:02:51 AM,05/20/2021 05:02:55 AM,0.04,in,A
05/20/2021 04:49:05 AM,05/20/2021 04:49:25 AM,0.04,in,A
05/20/2021 04:31:07 AM,05/20/2021 04:31:25 AM,0.04,in,A
05/19/2021 11:59:15 PM,05/19/2021 11:59:25 PM,0.04,in,A
05/19/2021 10:04:16 PM,05/19/2021 10:04:25 PM,0.04,in,A
05/19/2021 09:01:51 PM,05/19/2021 09:01:55 PM,0.00,in,A
05/19/2021 02:36:16 PM,05/19/2021 02:36:25 PM,0.04,in,A
05/19/2021 02:34:03 PM,05/19/2021 02:34:25 PM,0.04,in,A
05/19/2021 02:32:51 PM,05/19/2021 02:32:55 PM,0.04,in,A
05/19/2021 02:31:51 PM,05/19/2021 02:31:55 PM,0.04,in,A
05/19/2021 02:29:43 PM,05/19/2021 02:29:55 PM,0.04,in,A
05/19/2021 02:27:12 PM,05/19/2021 02:27:25 PM,0.04,in,A
05/19/2021 09:30:43 AM,05/19/2021 09:30:55 AM,0.04,in,A
05/19/2021 09:01:51 AM,05/19/2021 09:01:55 AM,0.00,in,A
05/18/2021 09:01:50 PM,05/18/2021 09:01:55 PM,0.00,in,A
05/18/2021 09:01:50 AM,05/18/2021 09:01:55 AM,0.00,in,A
05/18/2021 04:07:44 AM,05/18/2021 04:07:55 AM,0.04,in,A
05/17/2021 09:30:13 PM,05/17/2021 09:30:25 PM,0.04,in,A
05/17/2021 09:16:41 PM,05/17/2021 09:16:55 PM,0.04,in,A
05/17/2021 09:10:44 PM,05/17/2021 09:10:55 PM,0.04,in,A
05/17/2021 09:01:50 PM,05/17/2021 09:01:55 PM,0.00,in,A
05/17/2021 08:10:35 PM,05/17/2021 08:10:55 PM,0.04,in,A
05/17/2021 07:36:46 PM,05/17/2021 07:36:55 PM,0.04,in,A
05/17/2021 07:09:36 PM,05/17/2021 07:09:55 PM,0.04,in,A
05/17/2021 07:01:07 PM,05/17/2021 07:01:25 PM,0.04,in,A
05/17/2021 01:04:35 PM,05/17/2021 01:04:55 PM,0.04,in,A
05/17/2021 09:01:49 AM,05/17/2021 09:01:55 AM,0.00,in,A
05/17/2021 05:58:31 AM,05/17/2021 05:58:55 AM,0.04,in,A
05/16/2021 11:35:15 PM,05/16/2021 11:35:25 PM,0.04,in,A
05/16/2021 09:50:56 PM,05/16/2021 09:51:25 PM,0.04,in,A
05/16/2021 09:32:19 PM,05/16/2021 09:32:25 PM,0.04,in,A
05/16/2021 09:01:49 PM,05/16/2021 09:01:55 PM,0.00,in,A
05/16/2021 08:52:29 PM,05/16/2021 08:52:55 PM,0.04,in,A
05/16/2021 08:18:57 PM,05/16/2021 08:19:25 PM,0.04,in,A
05/16/2021 08:06:18 PM,05/16/2021 08:06:25 PM,0.04,in,A
05/16/2021 08:00:36 PM,05/16/2021 08:00:55 PM,0.04,in,A
05/16/2021 07:46:08 PM,05/16/2021 07:46:25 PM,0.04,in,A
05/16/2021 07:42:34 PM,05/16/2021 07:42:55 PM,0.04,in,A
05/16/2021 07:39:27 PM,05/16/2021 07:39:55 PM,0.04,in,A
05/16/2021 07:26:44 PM,05/16/2021 07:26:55 PM,0.04,in,A
05/16/2021 07:21:15 PM,05/16/2021 07:21:25 PM,0.04,in,A
05/16/2021 06:59:58 PM,05/16/2021 07:00:25 PM,0.04,in,A
05/16/2021 06:47:36 PM,05/16/2021 06:47:55 PM,0.04,in,A
05/16/2021 06:37:33 PM,05/16/2021 06:37:55 PM,0.04,in,A
05/16/2021 06:26:42 PM,05/16/2021 06:26:55 PM,0.08,in,A
05/16/2021 06:13:09 PM,05/16/2021 06:13:25 PM,0.04,in,A
05/16/2021 06:08:52 PM,05/16/2021 06:08:55 PM,0.04,in,A
05/16/2021 06:06:24 PM,05/16/2021 06:06:25 PM,0.08,in,A
05/16/2021 06:01:49 PM,05/16/2021 06:01:55 PM,0.04,in,A
05/16/2021 05:59:28 PM,05/16/2021 05:59:55 PM,0.04,in,A
05/16/2021 05:52:24 PM,05/16/2021 05:52:25 PM,0.04,in,A
05/16/2021 05:24:50 PM,05/16/2021 05:24:55 PM,0.04,in,A
05/16/2021 04:42:51 PM,05/16/2021 04:42:55 PM,0.04,in,A
05/16/2021 03:21:10 PM,05/16/2021 03:21:25 PM,0.04,in,A
05/16/2021 02:55:39 PM,05/16/2021 02:55:55 PM,0.04,in,A
05/16/2021 02:42:02 PM,05/16/2021 02:42:25 PM,0.04,in,A
05/16/2021 01:39:27 PM,05/16/2021 01:39:55 PM,0.04,in,A
05/16/2021 01:28:48 PM,05/16/2021 01:28:55 PM,0.04,in,A
05/16/2021 01:27:17 PM,05/16/2021 01:27:25 PM,0.04,in,A
05/16/2021 01:26:04 PM,05/16/2021 01:26:25 PM,0.04,in,A
05/16/2021 11:39:43 AM,05/16/2021 11:39:55 AM,0.04,in,A
05/16/2021 11:27:36 AM,05/16/2021 11:27:55 AM,0.04,in,A
05/16/2021 11:14:24 AM,05/16/2021 11:14:55 AM,0.04,in,A
05/16/2021 11:09:57 AM,05/16/2021 11:10:25 AM,0.04,in,A
05/16/2021 11:00:04 AM,05/16/2021 11:00:26 AM,0.08,in,A
05/16/2021 10:55:10 AM,05/16/2021 10:55:26 AM,0.08,in,A
05/16/2021 10:38:02 AM,05/16/2021 10:38:25 AM,0.04,in,A
05/16/2021 10:35:29 AM,05/16/2021 10:35:55 AM,0.04,in,A
05/16/2021 10:33:19 AM,05/16/2021 10:33:25 AM,0.04,in,A
05/16/2021 10:12:08 AM,05/16/2021 10:12:25 AM,0.04,in,A
05/16/2021 10:09:54 AM,05/16/2021 10:09:56 AM,0.04,in,A
05/16/2021 10:08:54 AM,05/16/2021 10:08:56 AM,0.04,in,A
05/16/2021 10:07:54 AM,05/16/2021 10:07:56 AM,0.04,in,A
05/16/2021 10:06:54 AM,05/16/2021 10:06:56 AM,0.04,in,A
05/16/2021 10:05:27 AM,05/16/2021 10:05:56 AM,0.04,in,A
05/16/2021 09:55:15 AM,05/16/2021 09:55:26 AM,0.04,in,A
05/16/2021 09:49:37 AM,05/16/2021 09:49:55 AM,0.04,in,A
05/16/2021 09:39:00 AM,05/16/2021 09:39:25 AM,0.04,in,A
05/16/2021 09:13:41 AM,05/16/2021 09:13:55 AM,0.04,in,A
05/16/2021 09:01:48 AM,05/16/2021 09:01:55 AM,0.00,in,A
05/16/2021 08:17:03 AM,05/16/2021 08:17:25 AM,0.04,in,A
05/16/2021 07:51:08 AM,05/16/2021 07:51:25 AM,0.04,in,A
05/16/2021 07:04:21 AM,05/16/2021 07:04:25 AM,0.04,in,A
05/16/2021 05:48:48 AM,05/16/2021 05:48:55 AM,0.04,in,A
05/16/2021 05:03:48 AM,05/16/2021 05:03:55 AM,0.04,in,A
05/15/2021 09:01:48 PM,05/15/2021 09:01:55 PM,0.00,in,A
05/15/2021 09:01:47 AM,05/15/2021 09:01:55 AM,0.00,in,A
05/15/2021 07:59:11 AM,05/15/2021 07:59:25 AM,0.04,in,A
05/15/2021 07:17:09 AM,05/15/2021 07:17:25 AM,0.04,in,A
05/14/2021 09:01:47 PM,05/14/2021 09:01:55 PM,0.00,in,A
05/14/2021 09:01:46 AM,05/14/2021 09:01:55 AM,0.00,in,A
05/13/2021 09:01:46 PM,05/13/2021 09:01:55 PM,0.00,in,A
05/13/2021 09:01:45 AM,05/13/2021 09:01:55 AM,0.00,in,A
05/12/2021 09:01:44 AM,05/12/2021 09:01:55 AM,0.00,in,A
05/11/2021 09:01:43 PM,05/11/2021 09:01:55 PM,0.00,in,A
05/11/2021 10:52:44 AM,05/11/2021 10:52:55 AM,0.04,in,A
05/11/2021 09:01:43 AM,05/11/2021 09:01:55 AM,0.00,in,A
05/10/2021 09:01:42 PM,05/10/2021 09:01:55 PM,0.00,in,A
05/10/2021 09:01:42 AM,05/10/2021 09:01:55 AM,0.00,in,A
05/09/2021 09:01:41 PM,05/09/2021 09:01:55 PM,0.00,in,A
05/09/2021 09:01:41 AM,05/09/2021 09:01:55 AM,0.00,in,A
05/09/2021 04:35:32 AM,05/09/2021 04:35:55 AM,0.04,in,A
05/09/2021 04:21:02 AM,05/09/2021 04:21:25 AM,0.04,in,A
05/09/2021 04:08:41 AM,05/09/2021 04:08:55 AM,0.04,in,A
05/09/2021 03:59:28 AM,05/09/2021 03:59:55 AM,0.04,in,A
05/09/2021 03:44:45 AM,05/09/2021 03:44:55 AM,0.04,in,A
05/09/2021 03:29:29 AM,05/09/2021 03:29:55 AM,0.04,in,A
05/09/2021 03:14:56 AM,05/09/2021 03:15:25 AM,0.08,in,A
05/09/2021 02:20:31 AM,05/09/2021 02:20:55 AM,0.04,in,A
05/09/2021 01:54:58 AM,05/09/2021 01:55:25 AM,0.04,in,A
05/09/2021 01:46:04 AM,05/09/2021 01:46:25 AM,0.04,in,A
05/09/2021 01:37:07 AM,05/09/2021 01:37:25 AM,0.08,in,A
05/09/2021 01:22:15 AM,05/09/2021 01:22:25 AM,0.04,in,A
05/09/2021 01:17:41 AM,05/09/2021 01:17:55 AM,0.04,in,A
05/09/2021 01:13:08 AM,05/09/2021 01:13:25 AM,0.04,in,A
05/09/2021 01:10:12 AM,05/09/2021 01:10:26 AM,0.04,in,A
05/09/2021 01:07:59 AM,05/09/2021 01:08:25 AM,0.04,in,A
05/09/2021 01:06:34 AM,05/09/2021 01:06:56 AM,0.04,in,A
05/09/2021 01:04:42 AM,05/09/2021 01:04:56 AM,0.04,in,A
05/09/2021 01:02:33 AM,05/09/2021 01:02:55 AM,0.04,in,A
05/09/2021 01:00:41 AM,05/09/2021 01:00:56 AM,0.08,in,A
05/09/2021 12:57:50 AM,05/09/2021 12:57:56 AM,0.08,in,A
05/09/2021 12:55:50 AM,05/09/2021 12:55:56 AM,0.12,in,A
05/09/2021 12:54:06 AM,05/09/2021 12:54:25 AM,0.08,in,A
05/09/2021 12:52:06 AM,05/09/2021 12:52:26 AM,0.04,in,A
05/09/2021 12:51:07 AM,05/09/2021 12:51:26 AM,0.08,in,A
05/09/2021 12:50:17 AM,05/09/2021 12:50:26 AM,0.08,in,A
05/09/2021 12:49:47 AM,05/09/2021 12:49:56 AM,0.04,in,A
05/09/2021 12:48:47 AM,05/09/2021 12:48:56 AM,0.04,in,A
05/09/2021 12:47:47 AM,05/09/2021 12:47:56 AM,0.04,in,A
05/09/2021 12:44:54 AM,05/09/2021 12:44:56 AM,0.04,in,A
05/08/2021 09:01:40 PM,05/08/2021 09:01:55 PM,0.00,in,A
05/07/2021 09:01:39 PM,05/07/2021 09:01:55 PM,0.00,in,A
05/07/2021 09:01:39 AM,05/07/2021 09:01:55 AM,0.00,in,A
05/06/2021 09:01:38 PM,05/06/2021 09:01:55 PM,0.00,in,A
05/06/2021 09:01:38 AM,05/06/2021 09:01:55 AM,0.00,in,A
05/06/2021 01:32:42 AM,05/06/2021 01:32:55 AM,0.04,in,A
05/05/2021 09:01:37 PM,05/05/2021 09:01:55 PM,0.00,in,A
05/05/2021 09:01:37 AM,05/05/2021 09:01:55 AM,0.00,in,A
05/04/2021 09:01:36 PM,05/04/2021 09:01:55 PM,0.00,in,A
05/04/2021 09:01:35 AM,05/04/2021 09:01:55 AM,0.00,in,A
05/03/2021 09:01:35 PM,05/03/2021 09:01:55 PM,0.00,in,A
05/03/2021 09:01:34 AM,05/03/2021 09:02:23 AM,0.00,in,A
05/02/2021 09:01:34 PM,05/02/2021 09:01:55 PM,0.00,in,A
05/02/2021 09:01:34 AM,05/02/2021 09:01:55 AM,0.00,in,A
05/01/2021 09:01:33 PM,05/01/2021 09:01:55 PM,0.00,in,A
05/01/2021 09:01:33 AM,05/01/2021 09:01:55 AM,0.00,in,A
04/30/2021 09:01:32 PM,04/30/2021 09:02:38 PM,0.00,in,A
04/30/2021 09:01:32 AM,04/30/2021 09:01:55 AM,0.00,in,A
04/29/2021 09:01:31 PM,04/29/2021 09:01:55 PM,0.00,in,A
04/29/2021 09:01:31 AM,04/29/2021 09:01:55 AM,0.00,in,A
04/28/2021 10:20:32 PM,04/28/2021 10:20:55 PM,0.04,in,A
04/28/2021 09:01:30 PM,04/28/2021 09:01:55 PM,0.00,in,A
04/28/2021 08:41:53 PM,04/28/2021 08:42:49 PM,0.04,in,A
04/28/2021 08:32:24 PM,04/28/2021 08:32:55 PM,0.04,in,A
04/28/2021 08:22:09 PM,04/28/2021 08:22:52 PM,0.04,in,A
04/28/2021 07:27:22 PM,04/28/2021 07:27:25 PM,0.04,in,A
04/28/2021 07:08:09 PM,04/28/2021 07:08:25 PM,0.04,in,A
04/28/2021 06:31:42 PM,04/28/2021 06:31:55 PM,0.04,in,A
04/28/2021 05:27:42 PM,04/28/2021 05:28:40 PM,0.04,in,A
04/28/2021 05:08:44 PM,04/28/2021 05:08:55 PM,0.04,in,A
04/28/2021 04:38:54 PM,04/28/2021 04:38:55 PM,0.04,in,A
04/28/2021 04:26:22 PM,04/28/2021 04:26:25 PM,0.04,in,A
04/28/2021 04:21:46 PM,04/28/2021 04:21:55 PM,0.16,in,A
04/28/2021 03:35:21 PM,04/28/2021 03:35:26 PM,0.04,in,A
04/28/2021 03:33:02 PM,04/28/2021 03:33:26 PM,0.04,in,A
04/28/2021 03:31:58 PM,04/28/2021 03:32:26 PM,0.04,in,A
04/28/2021 03:30:59 PM,04/28/2021 03:31:26 PM,0.08,in,A
04/28/2021 03:30:24 PM,04/28/2021 03:30:25 PM,0.04,in,A
04/28/2021 03:29:25 PM,04/28/2021 03:29:56 PM,0.08,in,A
04/28/2021 03:28:26 PM,04/28/2021 03:28:56 PM,0.08,in,A
04/28/2021 03:27:41 PM,04/28/2021 03:27:56 PM,0.04,in,A
04/28/2021 03:26:42 PM,04/28/2021 03:26:56 PM,0.04,in,A
04/28/2021 03:25:33 PM,04/28/2021 03:25:56 PM,0.04,in,A
04/28/2021 09:01:30 AM,04/28/2021 09:01:55 AM,0.00,in,A
04/27/2021 09:01:30 PM,04/27/2021 09:01:55 PM,0.00,in,A
04/27/2021 09:01:29 AM,04/27/2021 09:01:55 AM,0.00,in,A
04/26/2021 09:01:29 PM,04/26/2021 09:01:55 PM,0.00,in,A
04/26/2021 09:01:28 AM,04/26/2021 09:01:55 AM,0.00,in,A
04/25/2021 09:01:28 PM,04/25/2021 09:01:55 PM,0.00,in,A
04/25/2021 09:01:27 AM,04/25/2021 09:01:55 AM,0.00,in,A
04/24/2021 09:01:27 PM,04/24/2021 09:01:55 PM,0.00,in,A
04/24/2021 09:01:26 AM,04/24/2021 09:01:55 AM,0.00,in,A
04/24/2021 04:02:14 AM,04/24/2021 04:02:25 AM,0.04,in,A
04/23/2021 10:51:43 PM,04/23/2021 10:51:55 PM,0.04,in,A
04/23/2021 10:08:51 PM,04/23/2021 10:08:55 PM,0.04,in,A
04/23/2021 09:01:26 PM,04/23/2021 09:01:55 PM,0.00,in,A
04/23/2021 06:18:33 PM,04/23/2021 06:18:55 PM,0.04,in,A
04/23/2021 06:11:20 PM,04/23/2021 06:11:25 PM,0.04,in,A
04/23/2021 06:06:31 PM,04/23/2021 06:06:55 PM,0.04,in,A
04/23/2021 06:04:15 PM,04/23/2021 06:04:25 PM,0.04,in,A
04/23/2021 09:01:25 AM,04/23/2021 09:01:55 AM,0.00,in,A
04/23/2021 12:39:26 AM,04/23/2021 12:39:55 AM,0.04,in,A
04/22/2021 11:44:47 PM,04/22/2021 11:44:55 PM,0.04,in,A
04/22/2021 09:01:24 PM,04/22/2021 09:01:55 PM,0.00,in,A
04/22/2021 09:01:23 AM,04/22/2021 09:01:25 AM,0.00,in,A
04/21/2021 09:01:22 PM,04/21/2021 09:01:25 PM,0.00,in,A
04/21/2021 09:01:21 AM,04/21/2021 09:01:25 AM,0.00,in,A
04/20/2021 09:01:20 PM,04/20/2021 09:01:25 PM,0.00,in,A
04/20/2021 11:52:03 AM,04/20/2021 11:52:25 AM,0.04,in,A
04/20/2021 11:40:20 AM,04/20/2021 11:40:25 AM,0.04,in,A
04/20/2021 11:29:44 AM,04/20/2021 11:29:55 AM,0.04,in,A
04/20/2021 11:19:01 AM,04/20/2021 11:19:25 AM,0.04,in,A
04/20/2021 11:01:15 AM,04/20/2021 11:01:25 AM,0.04,in,A
04/20/2021 09:01:19 AM,04/20/2021 09:01:25 AM,0.00,in,A
04/19/2021 09:01:19 PM,04/19/2021 09:01:25 PM,0.00,in,A
04/19/2021 09:01:18 AM,04/19/2021 09:01:25 AM,0.00,in,A
04/18/2021 09:01:17 PM,04/18/2021 09:01:25 PM,0.00,in,A
04/18/2021 09:01:17 AM,04/18/2021 09:01:25 AM,0.00,in,A
04/17/2021 09:01:16 PM,04/17/2021 09:01:25 PM,0.00,in,A
04/17/2021 05:54:49 PM,04/17/2021 05:54:55 PM,0.04,in,A
04/17/2021 09:01:15 AM,04/17/2021 09:01:25 AM,0.00,in,A
04/17/2021 01:20:04 AM,04/17/2021 01:20:25 AM,0.04,in,A
04/16/2021 09:01:15 PM,04/16/2021 09:01:25 PM,0.00,in,A
04/16/2021 08:24:40 PM,04/16/2021 08:24:55 PM,0.04,in,A
04/16/2021 07:10:47 PM,04/16/2021 07:10:55 PM,0.04,in,A
04/16/2021 05:19:04 PM,04/16/2021 05:19:25 PM,0.04,in,A
04/16/2021 04:08:39 PM,04/16/2021 04:08:55 PM,0.04,in,A
04/16/2021 03:47:03 PM,04/16/2021 03:47:25 PM,0.04,in,A
04/16/2021 03:33:25 PM,04/16/2021 03:33:55 PM,0.08,in,A
04/16/2021 02:56:34 PM,04/16/2021 02:56:55 PM,0.04,in,A
04/16/2021 02:21:37 PM,04/16/2021 02:21:55 PM,0.04,in,A
04/16/2021 01:26:00 PM,04/16/2021 01:26:25 PM,0.04,in,A
04/16/2021 09:01:14 AM,04/16/2021 09:01:25 AM,0.00,in,A
04/15/2021 09:01:13 PM,04/15/2021 09:01:25 PM,0.00,in,A
04/15/2021 09:01:13 AM,04/15/2021 09:01:25 AM,0.00,in,A
04/14/2021 09:01:12 PM,04/14/2021 09:01:25 PM,0.00,in,A
04/14/2021 09:01:12 AM,04/14/2021 09:01:25 AM,0.00,in,A
04/13/2021 09:01:11 PM,04/13/2021 09:01:25 PM,0.00,in,A
04/13/2021 09:01:10 AM,04/13/2021 09:01:25 AM,0.00,in,A
04/12/2021 09:01:10 PM,04/12/2021 09:01:25 PM,0.00,in,A
04/12/2021 09:01:09 AM,04/12/2021 09:01:25 AM,0.00,in,A
04/11/2021 09:01:08 PM,04/11/2021 09:01:25 PM,0.00,in,A
04/11/2021 09:01:08 AM,04/11/2021 09:01:25 AM,0.00,in,A
04/10/2021 09:01:07 PM,04/10/2021 09:01:25 PM,0.00,in,A
04/10/2021 11:29:56 AM,04/10/2021 11:30:25 AM,0.04,in,A
04/10/2021 09:55:50 AM,04/10/2021 09:55:55 AM,0.04,in,A
04/10/2021 09:01:07 AM,04/10/2021 09:01:25 AM,0.00,in,A
04/10/2021 08:51:01 AM,04/10/2021 08:51:52 AM,0.04,in,A
04/10/2021 08:12:36 AM,04/10/2021 08:12:55 AM,0.04,in,A
04/10/2021 05:44:37 AM,04/10/2021 05:44:56 AM,0.04,in,A
04/10/2021 05:15:57 AM,04/10/2021 05:16:41 AM,0.04,in,A
04/10/2021 04:57:45 AM,04/10/2021 04:57:55 AM,0.04,in,A
04/10/2021 04:40:33 AM,04/10/2021 04:40:55 AM,0.04,in,A
04/10/2021 04:23:18 AM,04/10/2021 04:23:25 AM,0.04,in,A
04/10/2021 04:17:41 AM,04/10/2021 04:18:23 AM,0.04,in,A
04/10/2021 04:11:51 AM,04/10/2021 04:11:55 AM,0.04,in,A
04/10/2021 04:02:02 AM,04/10/2021 04:02:25 AM,0.04,in,A
04/10/2021 03:50:57 AM,04/10/2021 03:51:25 AM,0.04,in,A
04/10/2021 03:37:08 AM,04/10/2021 03:37:25 AM,0.04,in,A
04/10/2021 03:09:58 AM,04/10/2021 03:10:25 AM,0.04,in,A
04/09/2021 11:21:06 PM,04/09/2021 11:21:25 PM,0.04,in,A
04/09/2021 09:01:06 PM,04/09/2021 09:01:25 PM,0.00,in,A
04/09/2021 09:01:06 AM,04/09/2021 09:01:25 AM,0.00,in,A
04/08/2021 09:01:05 PM,04/08/2021 09:01:25 PM,0.00,in,A
04/08/2021 03:15:23 PM,04/08/2021 03:15:25 PM,0.04,in,A
04/08/2021 02:00:49 PM,04/08/2021 02:00:55 PM,0.04,in,A
04/08/2021 12:56:20 PM,04/08/2021 12:56:25 PM,0.04,in,A
04/08/2021 11:18:07 AM,04/08/2021 11:18:25 AM,0.04,in,A
04/08/2021 09:39:04 AM,04/08/2021 09:39:25 AM,0.04,in,A
04/08/2021 09:01:04 AM,04/08/2021 09:01:25 AM,0.00,in,A
04/08/2021 04:14:14 AM,04/08/2021 04:14:25 AM,0.04,in,A
04/07/2021 09:40:36 PM,04/07/2021 09:40:55 PM,0.04,in,A
04/07/2021 09:01:04 PM,04/07/2021 09:01:25 PM,0.00,in,A
04/07/2021 01:27:48 PM,04/07/2021 01:27:55 PM,0.04,in,A
04/07/2021 01:21:30 PM,04/07/2021 01:21:55 PM,0.04,in,A
04/07/2021 09:01:03 AM,04/07/2021 09:01:25 AM,0.00,in,A
04/07/2021 06:16:59 AM,04/07/2021 06:17:25 AM,0.04,in,A
04/07/2021 05:01:22 AM,04/07/2021 05:03:19 AM,0.04,in,A
04/07/2021 04:54:28 AM,04/07/2021 04:54:55 AM,0.04,in,A
04/07/2021 04:46:56 AM,04/07/2021 04:47:25 AM,0.04,in,A
04/07/2021 04:44:03 AM,04/07/2021 04:44:25 AM,0.04,in,A
04/07/2021 04:40:43 AM,04/07/2021 04:40:55 AM,0.04,in,A
04/07/2021 04:35:22 AM,04/07/2021 04:35:25 AM,0.04,in,A
04/07/2021 04:18:22 AM,04/07/2021 04:18:25 AM,0.04,in,A
04/07/2021 03:57:55 AM,04/07/2021 03:58:25 AM,0.08,in,A
04/07/2021 03:39:12 AM,04/07/2021 03:39:25 AM,0.04,in,A
04/07/2021 03:32:14 AM,04/07/2021 03:32:25 AM,0.04,in,A
04/07/2021 03:16:21 AM,04/07/2021 03:16:25 AM,0.04,in,A
04/07/2021 03:14:03 AM,04/07/2021 03:14:25 AM,0.04,in,A
04/06/2021 09:01:03 PM,04/06/2021 09:01:25 PM,0.00,in,A
04/06/2021 09:01:02 AM,04/06/2021 09:01:25 AM,0.00,in,A
04/05/2021 09:01:02 PM,04/05/2021 09:01:25 PM,0.00,in,A
04/05/2021 09:01:01 AM,04/05/2021 09:01:25 AM,0.00,in,A
04/04/2021 09:01:01 PM,04/04/2021 09:01:25 PM,0.00,in,A
04/04/2021 09:01:00 AM,04/04/2021 09:01:25 AM,0.00,in,A
04/03/2021 09:01:00 PM,04/03/2021 09:01:25 PM,0.00,in,A
04/03/2021 09:00:59 AM,04/03/2021 09:01:25 AM,0.00,in,A
04/02/2021 09:00:59 PM,04/02/2021 09:01:25 PM,0.00,in,A
04/02/2021 09:00:58 AM,04/02/2021 09:01:25 AM,0.00,in,A
04/01/2021 09:00:57 PM,04/01/2021 09:01:25 PM,0.00,in,A
04/01/2021 09:00:57 AM,04/01/2021 09:01:25 AM,0.00,in,A
03/31/2021 09:00:56 PM,03/31/2021 09:01:25 PM,0.00,in,A
03/31/2021 09:00:55 AM,03/31/2021 09:01:25 AM,0.00,in,A
03/30/2021 09:00:54 PM,03/30/2021 09:01:25 PM,0.00,in,A
03/30/2021 09:00:54 AM,03/30/2021 09:01:25 AM,0.00,in,A
03/29/2021 09:00:53 PM,03/29/2021 09:00:55 PM,0.00,in,A
03/29/2021 09:00:53 AM,03/29/2021 09:00:55 AM,0.00,in,A
03/28/2021 09:00:52 PM,03/28/2021 09:00:55 PM,0.00,in,A
03/28/2021 09:00:51 AM,03/28/2021 09:00:55 AM,0.00,in,A
03/27/2021 09:00:51 PM,03/27/2021 09:00:55 PM,0.00,in,A
03/27/2021 09:00:50 AM,03/27/2021 09:00:55 AM,0.00,in,A
03/27/2021 04:15:56 AM,03/27/2021 04:16:25 AM,0.04,in,A
03/26/2021 09:00:50 PM,03/26/2021 09:00:55 PM,0.00,in,A
03/26/2021 09:00:49 AM,03/26/2021 09:00:55 AM,0.00,in,A
03/25/2021 09:00:48 PM,03/25/2021 09:00:55 PM,0.00,in,A
03/25/2021 03:34:01 PM,03/25/2021 03:34:25 PM,0.04,in,A
03/25/2021 03:23:28 PM,03/25/2021 03:23:55 PM,0.04,in,A
03/25/2021 03:13:07 PM,03/25/2021 03:13:25 PM,0.04,in,A
03/25/2021 03:00:52 PM,03/25/2021 03:00:55 PM,0.04,in,A
03/25/2021 02:48:52 PM,03/25/2021 02:49:49 PM,0.04,in,A
03/25/2021 02:37:40 PM,03/25/2021 02:37:55 PM,0.04,in,A
03/25/2021 02:22:19 PM,03/25/2021 02:22:25 PM,0.04,in,A
03/25/2021 01:56:03 PM,03/25/2021 01:56:25 PM,0.04,in,A
03/25/2021 01:35:27 PM,03/25/2021 01:35:55 PM,0.04,in,A
03/25/2021 01:19:18 PM,03/25/2021 01:19:25 PM,0.04,in,A
03/25/2021 01:03:24 PM,03/25/2021 01:03:55 PM,0.04,in,A
03/25/2021 12:39:18 PM,03/25/2021 12:39:25 PM,0.04,in,A
03/25/2021 11:40:50 AM,03/25/2021 11:40:55 AM,0.04,in,A
03/25/2021 10:55:27 AM,03/25/2021 10:55:55 AM,0.04,in,A
03/25/2021 09:00:47 AM,03/25/2021 09:00:55 AM,0.00,in,A
03/25/2021 08:16:47 AM,03/25/2021 08:16:55 AM,0.04,in,A
03/25/2021 07:03:47 AM,03/25/2021 07:03:55 AM,0.04,in,A
03/24/2021 09:00:47 PM,03/24/2021 09:00:55 PM,0.00,in,A
03/24/2021 09:00:46 AM,03/24/2021 09:00:55 AM,0.00,in,A
03/24/2021 12:34:14 AM,03/24/2021 12:34:25 AM,0.04,in,A
03/23/2021 09:00:45 PM,03/23/2021 09:00:55 PM,0.00,in,A
03/23/2021 02:27:26 PM,03/23/2021 02:27:55 PM,0.04,in,A
03/23/2021 12:13:45 PM,03/23/2021 12:13:55 PM,0.04,in,A
03/23/2021 11:08:34 AM,03/23/2021 11:08:55 AM,0.04,in,A
03/23/2021 09:00:45 AM,03/23/2021 09:00:55 AM,0.00,in,A
03/23/2021 03:21:44 AM,03/23/2021 03:21:55 AM,0.04,in,A
03/23/2021 02:52:12 AM,03/23/2021 02:52:25 AM,0.04,in,A
03/23/2021 01:58:16 AM,03/23/2021 01:58:25 AM,0.04,in,A
03/23/2021 01:35:39 AM,03/23/2021 01:35:55 AM,0.04,in,A
03/22/2021 09:00:44 PM,03/22/2021 09:00:55 PM,0.00,in,A
03/22/2021 09:00:44 AM,03/22/2021 09:00:55 AM,0.00,in,A
03/21/2021 09:00:43 PM,03/21/2021 09:00:55 PM,0.00,in,A
03/21/2021 09:00:42 AM,03/21/2021 09:00:55 AM,0.00,in,A
03/20/2021 09:00:42 PM,03/20/2021 09:00:55 PM,0.00,in,A
03/20/2021 09:00:41 AM,03/20/2021 09:00:55 AM,0.00,in,A
03/19/2021 09:00:40 PM,03/19/2021 09:00:55 PM,0.00,in,A
03/19/2021 09:00:39 AM,03/19/2021 09:00:55 AM,0.00,in,A
03/18/2021 09:00:38 PM,03/18/2021 09:00:55 PM,0.00,in,A
03/18/2021 09:00:37 AM,03/18/2021 09:00:55 AM,0.00,in,A
03/18/2021 03:02:57 AM,03/18/2021 03:03:25 AM,0.04,in,A
03/18/2021 02:11:33 AM,03/18/2021 02:11:55 AM,0.04,in,A
03/18/2021 01:33:59 AM,03/18/2021 01:34:25 AM,0.04,in,A
03/18/2021 01:09:27 AM,03/18/2021 01:09:55 AM,0.04,in,A
03/18/2021 12:40:28 AM,03/18/2021 12:40:55 AM,0.08,in,A
03/17/2021 11:26:27 PM,03/17/2021 11:26:55 PM,0.04,in,A
03/17/2021 10:58:37 PM,03/17/2021 10:58:55 PM,0.04,in,A
03/17/2021 10:00:26 PM,03/17/2021 10:00:55 PM,0.04,in,A
03/17/2021 09:00:37 PM,03/17/2021 09:00:55 PM,0.00,in,A
03/17/2021 08:29:43 PM,03/17/2021 08:29:55 PM,0.04,in,A
03/17/2021 09:03:17 AM,03/17/2021 09:03:25 AM,0.04,in,A
03/17/2021 09:02:18 AM,03/17/2021 09:02:43 AM,0.08,in,A
03/17/2021 09:02:06 AM,03/17/2021 09:02:43 AM,0.08,in,A
03/17/2021 09:01:56 AM,03/17/2021 09:02:43 AM,0.08,in,A
03/17/2021 09:01:45 AM,03/17/2021 09:02:43 AM,0.08,in,A
03/17/2021 09:01:36 AM,03/17/2021 09:02:42 AM,0.04,in,A
03/17/2021 09:00:36 AM,03/17/2021 09:01:41 AM,0.00,in,A
03/17/2021 08:59:31 AM,03/17/2021 09:00:34 AM,0.00,in,A
03/17/2021 08:58:25 AM,03/17/2021 09:00:34 AM,0.00,in,A
03/17/2021 04:16:09 AM,03/17/2021 04:16:25 AM,0.00,in,A
03/16/2021 04:16:08 PM,03/16/2021 04:16:25 PM,0.00,in,A
03/16/2021 10:35:08 AM,03/16/2021 10:35:25 AM,0.04,in,A
03/16/2021 04:16:07 AM,03/16/2021 04:16:25 AM,0.00,in,A
03/15/2021 05:57:21 PM,03/15/2021 05:57:25 PM,0.04,in,A
03/15/2021 04:59:49 PM,03/15/2021 04:59:55 PM,0.04,in,A
03/15/2021 04:52:15 PM,03/15/2021 04:52:25 PM,0.04,in,A
03/15/2021 04:50:24 PM,03/15/2021 04:50:55 PM,0.04,in,A
03/15/2021 04:48:02 PM,03/15/2021 04:48:25 PM,0.04,in,A
03/15/2021 04:41:14 PM,03/15/2021 04:41:25 PM,0.04,in,A
03/15/2021 04:37:39 PM,03/15/2021 04:37:55 PM,0.04,in,A
03/15/2021 04:30:25 PM,03/15/2021 04:30:55 PM,0.04,in,A
03/15/2021 04:19:24 PM,03/15/2021 04:19:55 PM,0.04,in,A
03/15/2021 04:16:06 PM,03/15/2021 04:16:25 PM,0.00,in,A
03/15/2021 04:15:22 PM,03/15/2021 04:15:25 PM,0.04,in,A
03/15/2021 04:16:06 AM,03/15/2021 04:16:25 AM,0.00,in,A
03/14/2021 09:29:44 PM,03/14/2021 09:29:55 PM,0.04,in,A
03/14/2021 08:59:13 PM,03/14/2021 08:59:25 PM,0.04,in,A
03/14/2021 07:23:21 PM,03/14/2021 07:23:25 PM,0.04,in,A
03/14/2021 06:56:01 PM,03/14/2021 06:56:25 PM,0.04,in,A
03/14/2021 06:20:24 PM,03/14/2021 06:20:55 PM,0.04,in,A
03/14/2021 06:01:09 PM,03/14/2021 06:01:35 PM,0.04,in,A
03/14/2021 05:54:05 PM,03/14/2021 05:54:25 PM,0.04,in,A
03/14/2021 05:40:47 PM,03/14/2021 05:42:23 PM,0.04,in,A
03/14/2021 05:07:37 PM,03/14/2021 05:08:30 PM,0.04,in,A
03/14/2021 04:54:35 PM,03/14/2021 04:54:55 PM,0.04,in,A
03/14/2021 04:43:59 PM,03/14/2021 04:44:25 PM,0.04,in,A
03/14/2021 04:36:41 PM,03/14/2021 04:36:55 PM,0.04,in,A
03/14/2021 04:16:05 PM,03/14/2021 04:16:25 PM,0.00,in,A
03/14/2021 04:10:23 PM,03/14/2021 04:10:25 PM,0.04,in,A
03/14/2021 03:48:28 PM,03/14/2021 03:48:55 PM,0.04,in,A
03/14/2021 02:40:36 PM,03/14/2021 02:40:55 PM,0.04,in,A
03/14/2021 02:32:31 PM,03/14/2021 02:32:55 PM,0.04,in,A
03/14/2021 11:03:19 AM,03/14/2021 11:03:25 AM,0.04,in,A
03/14/2021 10:19:31 AM,03/14/2021 10:19:55 AM,0.04,in,A
03/14/2021 09:18:54 AM,03/14/2021 09:19:25 AM,0.04,in,A
03/14/2021 04:16:04 AM,03/14/2021 04:16:25 AM,0.00,in,A
03/13/2021 04:03:22 PM,03/13/2021 04:03:25 PM,0.04,in,A
03/13/2021 03:16:04 PM,03/13/2021 03:16:25 PM,0.00,in,A
03/13/2021 03:16:03 AM,03/13/2021 03:16:25 AM,0.00,in,A
03/12/2021 09:16:24 PM,03/12/2021 09:16:55 PM,0.04,in,A
03/12/2021 03:16:02 PM,03/12/2021 03:16:25 PM,0.00,in,A
03/12/2021 01:53:07 PM,03/12/2021 01:53:25 PM,0.04,in,A
03/12/2021 01:25:38 PM,03/12/2021 01:25:55 PM,0.04,in,A
03/12/2021 12:42:20 PM,03/12/2021 12:42:25 PM,0.04,in,A
03/12/2021 03:16:02 AM,03/12/2021 03:16:25 AM,0.00,in,A
03/11/2021 03:16:01 PM,03/11/2021 03:16:25 PM,0.00,in,A
03/11/2021 03:16:00 AM,03/11/2021 03:16:25 AM,0.00,in,A
03/10/2021 09:05:52 PM,03/10/2021 09:05:55 PM,0.04,in,A
03/10/2021 08:25:43 PM,03/10/2021 08:25:55 PM,0.04,in,A
03/10/2021 08:22:09 PM,03/10/2021 08:22:30 PM,0.04,in,A
03/10/2021 08:20:39 PM,03/10/2021 08:21:31 PM,0.04,in,A
03/10/2021 08:18:49 PM,03/10/2021 08:19:18 PM,0.04,in,A
03/10/2021 08:17:35 PM,03/10/2021 08:17:56 PM,0.04,in,A
03/10/2021 08:16:09 PM,03/10/2021 08:16:25 PM,0.04,in,A
03/10/2021 08:14:17 PM,03/10/2021 08:14:25 PM,0.04,in,A
03/10/2021 08:11:34 PM,03/10/2021 08:11:57 PM,0.04,in,A
03/10/2021 07:58:18 PM,03/10/2021 07:58:54 PM,0.04,in,A
03/10/2021 03:16:00 PM,03/10/2021 03:16:25 PM,0.00,in,A
03/10/2021 03:15:59 AM,03/10/2021 03:16:25 AM,0.00,in,A
03/09/2021 03:15:59 PM,03/09/2021 03:16:25 PM,0.00,in,A
03/09/2021 03:15:58 AM,03/09/2021 03:16:25 AM,0.00,in,A
03/08/2021 03:15:58 PM,03/08/2021 03:16:25 PM,0.00,in,A
03/08/2021 03:15:57 AM,03/08/2021 03:16:25 AM,0.00,in,A
03/07/2021 03:15:56 PM,03/07/2021 03:16:25 PM,0.00,in,A
03/07/2021 03:15:56 AM,03/07/2021 03:16:25 AM,0.00,in,A
03/06/2021 03:15:55 PM,03/06/2021 03:16:25 PM,0.00,in,A
03/06/2021 03:15:54 AM,03/06/2021 03:16:25 AM,0.00,in,A
03/05/2021 03:15:53 PM,03/05/2021 03:15:55 PM,0.00,in,A
03/05/2021 03:15:52 AM,03/05/2021 03:15:55 AM,0.00,in,A
03/04/2021 03:15:52 PM,03/04/2021 03:15:55 PM,0.00,in,A
03/04/2021 03:15:51 AM,03/04/2021 03:15:55 AM,0.00,in,A
03/03/2021 03:15:50 PM,03/03/2021 03:15:55 PM,0.00,in,A
03/03/2021 03:15:49 AM,03/03/2021 03:15:55 AM,0.00,in,A
03/02/2021 03:15:49 PM,03/02/2021 03:15:55 PM,0.00,in,A
03/02/2021 03:15:47 AM,03/02/2021 03:15:55 AM,0.00,in,A
03/01/2021 03:15:47 PM,03/01/2021 03:15:55 PM,0.00,in,A
03/01/2021 03:15:45 AM,03/01/2021 03:15:55 AM,0.00,in,A
02/28/2021 03:15:45 PM,02/28/2021 03:15:55 PM,0.00,in,A
02/28/2021 03:15:44 AM,02/28/2021 03:15:55 AM,0.00,in,A
02/27/2021 03:15:43 PM,02/27/2021 03:15:55 PM,0.00,in,A
02/27/2021 03:15:42 AM,02/27/2021 03:15:55 AM,0.00,in,A
02/26/2021 03:15:41 PM,02/26/2021 03:15:55 PM,0.00,in,A
02/26/2021 03:15:40 AM,02/26/2021 03:15:55 AM,0.00,in,A
02/25/2021 03:15:39 PM,02/25/2021 03:15:55 PM,0.00,in,A
02/25/2021 03:15:38 AM,02/25/2021 03:15:55 AM,0.00,in,A
02/24/2021 03:15:37 PM,02/24/2021 03:15:55 PM,0.00,in,A
02/24/2021 03:15:36 AM,02/24/2021 03:15:55 AM,0.00,in,A
02/23/2021 03:15:35 PM,02/23/2021 03:15:55 PM,0.00,in,A
02/23/2021 03:15:34 AM,02/23/2021 03:15:55 AM,0.00,in,A
02/22/2021 03:15:34 PM,02/22/2021 03:15:55 PM,0.00,in,A
02/22/2021 03:15:32 AM,02/22/2021 03:15:55 AM,0.00,in,A
02/21/2021 03:15:31 PM,02/21/2021 03:15:55 PM,0.00,in,A
02/21/2021 11:40:45 AM,02/21/2021 11:40:55 AM,0.04,in,A
02/21/2021 03:15:30 AM,02/21/2021 03:15:55 AM,0.00,in,A
02/20/2021 03:15:29 PM,02/20/2021 03:15:55 PM,0.00,in,A
02/20/2021 03:15:28 AM,02/20/2021 03:15:55 AM,0.00,in,A
02/19/2021 04:21:54 PM,02/19/2021 04:22:25 PM,0.04,in,A
02/19/2021 03:15:27 PM,02/19/2021 03:15:55 PM,0.00,in,A
02/19/2021 02:54:23 PM,02/19/2021 02:54:25 PM,0.04,in,A
02/19/2021 02:06:29 PM,02/19/2021 02:06:55 PM,0.04,in,A
02/19/2021 12:16:13 PM,02/19/2021 12:16:25 PM,0.04,in,A
02/19/2021 03:15:25 AM,02/19/2021 03:15:55 AM,0.00,in,A
02/18/2021 03:15:23 PM,02/18/2021 03:15:25 PM,0.00,in,A
02/18/2021 02:52:50 PM,02/18/2021 02:52:55 PM,0.04,in,A
02/18/2021 03:15:22 AM,02/18/2021 03:15:25 AM,0.00,in,A
02/17/2021 09:41:35 PM,02/17/2021 09:41:55 PM,0.04,in,A
02/17/2021 03:15:20 PM,02/17/2021 03:15:25 PM,0.00,in,A
02/17/2021 02:39:47 PM,02/17/2021 02:39:55 PM,0.04,in,A
02/17/2021 11:44:02 AM,02/17/2021 11:44:25 AM,0.04,in,A
02/17/2021 03:15:19 AM,02/17/2021 03:15:25 AM,0.00,in,A
02/16/2021 03:15:17 PM,02/16/2021 03:15:25 PM,0.00,in,A
02/16/2021 03:15:15 AM,02/16/2021 03:15:25 AM,0.00,in,A
02/15/2021 03:15:13 PM,02/15/2021 03:15:25 PM,0.00,in,A
02/15/2021 03:15:10 AM,02/15/2021 03:15:25 AM,0.00,in,A
02/14/2021 03:15:08 PM,02/14/2021 03:15:25 PM,0.00,in,A
02/14/2021 03:15:07 AM,02/14/2021 03:15:25 AM,0.00,in,A
02/13/2021 03:15:05 PM,02/13/2021 03:15:25 PM,0.00,in,A
02/12/2021 03:15:01 PM,02/12/2021 03:15:25 PM,0.00,in,A
02/12/2021 03:14:59 AM,02/12/2021 03:15:26 AM,0.00,in,A
02/11/2021 03:14:58 PM,02/11/2021 03:15:25 PM,0.00,in,A
02/11/2021 03:14:56 AM,02/11/2021 03:15:25 AM,0.00,in,A
02/10/2021 03:14:55 PM,02/10/2021 03:15:25 PM,0.00,in,A
02/10/2021 03:14:53 AM,02/10/2021 03:14:55 AM,0.00,in,A
02/09/2021 03:14:52 PM,02/09/2021 03:14:55 PM,0.00,in,A
02/09/2021 03:14:50 AM,02/09/2021 03:14:55 AM,0.00,in,A
02/07/2021 03:14:45 PM,02/07/2021 03:14:55 PM,0.00,in,A
02/07/2021 03:14:44 AM,02/07/2021 03:14:55 AM,0.00,in,A
02/06/2021 03:14:42 PM,02/06/2021 03:14:55 PM,0.00,in,A
02/06/2021 03:14:41 AM,02/06/2021 03:14:55 AM,0.00,in,A
02/05/2021 03:14:40 PM,02/05/2021 03:14:55 PM,0.00,in,A
02/05/2021 03:14:39 AM,02/05/2021 03:14:55 AM,0.00,in,A
02/04/2021 03:14:38 PM,02/04/2021 03:14:55 PM,0.00,in,A
02/04/2021 03:14:37 AM,02/04/2021 03:14:55 AM,0.00,in,A
02/03/2021 03:14:36 PM,02/03/2021 03:14:55 PM,0.00,in,A
02/03/2021 03:14:35 AM,02/03/2021 03:14:55 AM,0.00,in,A
02/02/2021 03:14:34 PM,02/02/2021 03:14:55 PM,0.00,in,A
02/02/2021 03:14:33 AM,02/02/2021 03:14:55 AM,0.00,in,A
02/01/2021 03:14:32 PM,02/01/2021 03:14:55 PM,0.00,in,A
02/01/2021 03:14:31 AM,02/01/2021 03:14:55 AM,0.00,in,A
01/31/2021 03:14:30 PM,01/31/2021 03:14:55 PM,0.00,in,A
01/31/2021 03:14:29 AM,01/31/2021 03:14:55 AM,0.00,in,A
01/30/2021 07:35:59 PM,01/30/2021 07:36:25 PM,0.04,in,A
01/30/2021 05:14:04 PM,01/30/2021 05:14:25 PM,0.04,in,A
01/30/2021 04:22:28 PM,01/30/2021 04:22:55 PM,0.04,in,A
01/30/2021 04:06:44 PM,01/30/2021 04:06:55 PM,0.08,in,A
01/30/2021 03:14:28 PM,01/30/2021 03:14:55 PM,0.00,in,A
01/30/2021 02:39:00 PM,01/30/2021 02:39:25 PM,0.04,in,A
01/30/2021 02:11:23 PM,01/30/2021 02:11:25 PM,0.04,in,A
01/30/2021 01:50:28 PM,01/30/2021 01:51:10 PM,0.04,in,A
01/30/2021 01:31:33 PM,01/30/2021 01:32:12 PM,0.04,in,A
01/30/2021 01:12:12 PM,01/30/2021 01:12:25 PM,0.04,in,A
01/30/2021 12:59:30 PM,01/30/2021 12:59:55 PM,0.04,in,A
01/30/2021 12:42:42 PM,01/30/2021 12:42:55 PM,0.04,in,A
01/30/2021 12:09:21 PM,01/30/2021 12:09:25 PM,0.04,in,A
01/30/2021 11:53:22 AM,01/30/2021 11:53:25 AM,0.04,in,A
01/30/2021 11:37:43 AM,01/30/2021 11:37:55 AM,0.04,in,A
01/30/2021 10:35:09 AM,01/30/2021 10:35:25 AM,0.04,in,A
01/30/2021 10:25:29 AM,01/30/2021 10:25:55 AM,0.04,in,A
01/30/2021 10:15:53 AM,01/30/2021 10:15:55 AM,0.04,in,A
01/30/2021 10:02:46 AM,01/30/2021 10:02:55 AM,0.04,in,A
01/30/2021 09:53:10 AM,01/30/2021 09:53:25 AM,0.04,in,A
01/30/2021 09:40:45 AM,01/30/2021 09:40:55 AM,0.04,in,A
01/30/2021 09:20:32 AM,01/30/2021 09:20:55 AM,0.04,in,A
01/30/2021 03:14:27 AM,01/30/2021 03:14:55 AM,0.00,in,A
01/29/2021 03:14:26 PM,01/29/2021 03:14:55 PM,0.00,in,A
01/29/2021 03:14:25 AM,01/29/2021 03:14:55 AM,0.00,in,A
01/28/2021 03:14:24 PM,01/28/2021 03:14:55 PM,0.00,in,A
01/28/2021 12:44:15 PM,01/28/2021 12:44:25 PM,0.04,in,A
01/28/2021 03:14:23 AM,01/28/2021 03:14:25 AM,0.00,in,A
01/27/2021 03:14:22 PM,01/27/2021 03:14:25 PM,0.00,in,A
01/27/2021 11:19:09 AM,01/27/2021 11:19:25 AM,0.04,in,A
01/27/2021 03:14:21 AM,01/27/2021 03:14:25 AM,0.00,in,A
01/26/2021 03:14:19 PM,01/26/2021 03:14:25 PM,0.00,in,A
01/26/2021 03:14:18 AM,01/26/2021 03:14:25 AM,0.00,in,A
01/25/2021 03:14:17 PM,01/25/2021 03:14:25 PM,0.00,in,A
01/25/2021 02:23:04 PM,01/25/2021 02:23:25 PM,0.04,in,A
01/25/2021 12:32:25 PM,01/25/2021 12:32:55 PM,0.04,in,A
01/25/2021 07:21:39 AM,01/25/2021 07:21:55 AM,0.04,in,A
01/25/2021 07:04:27 AM,01/25/2021 07:04:55 AM,0.04,in,A
01/25/2021 06:45:41 AM,01/25/2021 06:45:55 AM,0.04,in,A
01/25/2021 06:04:36 AM,01/25/2021 06:05:15 AM,0.04,in,A
01/25/2021 05:41:13 AM,01/25/2021 05:41:25 AM,0.04,in,A
01/25/2021 05:24:17 AM,01/25/2021 05:24:25 AM,0.04,in,A
01/25/2021 05:13:55 AM,01/25/2021 05:14:25 AM,0.04,in,A
01/25/2021 05:02:47 AM,01/25/2021 05:02:55 AM,0.04,in,A
01/25/2021 04:37:33 AM,01/25/2021 04:37:55 AM,0.04,in,A
01/25/2021 04:19:50 AM,01/25/2021 04:19:55 AM,0.04,in,A
01/25/2021 04:11:12 AM,01/25/2021 04:11:25 AM,0.04,in,A
01/25/2021 04:02:41 AM,01/25/2021 04:02:55 AM,0.04,in,A
01/25/2021 03:55:18 AM,01/25/2021 03:55:25 AM,0.04,in,A
01/25/2021 03:45:39 AM,01/25/2021 03:45:55 AM,0.04,in,A
01/25/2021 03:31:12 AM,01/25/2021 03:31:25 AM,0.04,in,A
01/25/2021 03:14:16 AM,01/25/2021 03:14:25 AM,0.00,in,A
01/25/2021 03:11:08 AM,01/25/2021 03:11:25 AM,0.04,in,A
01/25/2021 02:52:56 AM,01/25/2021 02:53:25 AM,0.04,in,A
01/25/2021 02:28:50 AM,01/25/2021 02:28:55 AM,0.04,in,A
01/24/2021 03:14:15 PM,01/24/2021 03:14:25 PM,0.00,in,A
01/24/2021 03:14:14 AM,01/24/2021 03:14:25 AM,0.00,in,A
01/23/2021 03:14:14 PM,01/23/2021 03:14:25 PM,0.00,in,A
01/23/2021 03:14:12 AM,01/23/2021 03:14:25 AM,0.00,in,A
01/22/2021 03:14:11 PM,01/22/2021 03:14:25 PM,0.00,in,A
01/22/2021 03:14:10 AM,01/22/2021 03:14:25 AM,0.00,in,A
01/21/2021 03:14:09 PM,01/21/2021 03:14:25 PM,0.00,in,A
01/19/2021 03:14:05 PM,01/19/2021 03:14:25 PM,0.00,in,A
01/19/2021 03:14:04 AM,01/19/2021 03:14:25 AM,0.00,in,A
01/18/2021 03:14:03 PM,01/18/2021 03:14:25 PM,0.00,in,A
01/18/2021 03:14:02 AM,01/18/2021 03:14:25 AM,0.00,in,A
01/17/2021 03:14:01 PM,01/17/2021 03:14:25 PM,0.00,in,A
01/17/2021 03:14:00 AM,01/17/2021 03:14:25 AM,0.00,in,A
01/16/2021 04:02:20 PM,01/16/2021 04:02:25 PM,0.04,in,A
01/16/2021 03:13:59 PM,01/16/2021 03:14:25 PM,0.00,in,A
01/16/2021 01:46:48 PM,01/16/2021 01:46:55 PM,0.04,in,A
01/16/2021 11:50:59 AM,01/16/2021 11:51:25 AM,0.04,in,A
01/16/2021 03:13:58 AM,01/16/2021 03:14:25 AM,0.00,in,A
01/15/2021 03:13:57 PM,01/15/2021 03:14:25 PM,0.00,in,A
01/15/2021 03:13:56 AM,01/15/2021 03:14:25 AM,0.00,in,A
01/14/2021 03:13:55 PM,01/14/2021 03:14:25 PM,0.00,in,A
01/13/2021 03:13:53 PM,01/13/2021 03:13:55 PM,0.00,in,A
01/13/2021 03:13:52 AM,01/13/2021 03:13:55 AM,0.00,in,A
01/12/2021 03:13:51 PM,01/12/2021 03:13:55 PM,0.00,in,A
01/11/2021 03:13:49 PM,01/11/2021 03:13:55 PM,0.00,in,A
01/11/2021 03:13:48 AM,01/11/2021 03:13:55 AM,0.00,in,A
01/10/2021 03:13:46 AM,01/10/2021 03:13:55 AM,0.00,in,A
01/09/2021 03:13:45 PM,01/09/2021 03:13:55 PM,0.00,in,A
01/09/2021 03:13:44 AM,01/09/2021 03:13:55 AM,0.00,in,A
01/08/2021 03:13:43 PM,01/08/2021 03:13:55 PM,0.00,in,A
01/08/2021 03:13:42 AM,01/08/2021 03:13:55 AM,0.00,in,A
01/07/2021 03:13:41 PM,01/07/2021 03:13:55 PM,0.00,in,A
01/07/2021 03:13:40 AM,01/07/2021 03:13:55 AM,0.00,in,A
01/07/2021 02:22:05 AM,01/07/2021 02:22:25 AM,0.04,in,A
01/06/2021 04:20:11 PM,01/06/2021 04:20:25 PM,0.04,in,A
01/06/2021 03:40:21 PM,01/06/2021 03:40:25 PM,0.04,in,A
01/06/2021 03:13:39 PM,01/06/2021 03:14:01 PM,0.00,in,A
01/06/2021 01:16:17 PM,01/06/2021 01:16:25 PM,0.04,in,A
01/06/2021 12:44:09 PM,01/06/2021 12:44:25 PM,0.04,in,A
01/06/2021 11:32:11 AM,01/06/2021 11:32:25 AM,0.04,in,A
01/06/2021 08:57:02 AM,01/06/2021 08:57:25 AM,0.04,in,A
01/06/2021 03:13:38 AM,01/06/2021 03:13:55 AM,0.00,in,A
01/05/2021 03:13:37 PM,01/05/2021 03:13:55 PM,0.00,in,A
01/05/2021 03:13:36 AM,01/05/2021 03:13:55 AM,0.00,in,A
01/04/2021 03:18:24 PM,01/04/2021 03:18:55 PM,0.04,in,A
01/04/2021 03:13:35 PM,01/04/2021 03:13:55 PM,0.00,in,A
01/04/2021 02:50:52 PM,01/04/2021 02:50:55 PM,0.04,in,A
01/04/2021 02:30:28 PM,01/04/2021 02:30:55 PM,0.04,in,A
01/04/2021 02:12:18 PM,01/04/2021 02:12:25 PM,0.04,in,A
01/04/2021 01:48:26 PM,01/04/2021 01:48:55 PM,0.04,in,A
01/04/2021 01:13:18 PM,01/04/2021 01:13:25 PM,0.04,in,A
01/04/2021 12:52:10 PM,01/04/2021 12:52:25 PM,0.04,in,A
01/04/2021 12:25:51 PM,01/04/2021 12:25:55 PM,0.04,in,A
01/04/2021 12:01:23 PM,01/04/2021 12:01:25 PM,0.04,in,A
01/04/2021 11:12:06 AM,01/04/2021 11:12:25 AM,0.04,in,A
01/04/2021 09:03:10 AM,01/04/2021 09:03:25 AM,0.04,in,A
01/04/2021 03:13:35 AM,01/04/2021 03:13:55 AM,0.00,in,A
01/03/2021 03:13:34 PM,01/03/2021 03:13:55 PM,0.00,in,A
01/03/2021 03:09:03 PM,01/03/2021 03:09:25 PM,0.04,in,A
01/03/2021 01:55:34 PM,01/03/2021 01:55:55 PM,0.04,in,A
01/03/2021 12:53:43 PM,01/03/2021 12:53:55 PM,0.04,in,A
01/03/2021 03:13:33 AM,01/03/2021 03:13:55 AM,0.00,in,A
01/02/2021 03:13:31 PM,01/02/2021 03:13:55 PM,0.00,in,A
01/02/2021 02:44:09 PM,01/02/2021 02:44:25 PM,0.04,in,A
01/02/2021 03:13:30 AM,01/02/2021 03:13:55 AM,0.00,in,A
01/01/2021 06:21:10 PM,01/01/2021 06:21:25 PM,0.04,in,A
01/01/2021 03:13:29 PM,01/01/2021 03:13:55 PM,0.00,in,A
01/01/2021 06:02:45 AM,01/01/2021 06:02:55 AM,0.04,in,A
01/01/2021 05:07:03 AM,01/01/2021 05:07:25 AM,0.04,in,A
01/01/2021 03:13:28 AM,01/01/2021 03:13:55 AM,0.00,in,A
12/31/2020 03:13:27 PM,12/31/2020 03:13:55 PM,0.00,in,A
12/31/2020 03:13:26 AM,12/31/2020 03:13:55 AM,0.00,in,A
12/30/2020 03:13:25 PM,12/30/2020 03:13:55 PM,0.00,in,A
12/30/2020 10:48:09 AM,12/30/2020 10:48:25 AM,0.04,in,A
12/30/2020 03:13:24 AM,12/30/2020 03:13:25 AM,0.08,in,A
12/29/2020 10:52:14 PM,12/29/2020 10:52:25 PM,0.04,in,A
12/29/2020 09:55:18 PM,12/29/2020 09:55:25 PM,0.04,in,A
12/29/2020 09:31:55 PM,12/29/2020 09:32:25 PM,0.04,in,A
12/29/2020 09:18:44 PM,12/29/2020 09:18:55 PM,0.04,in,A
12/29/2020 09:04:24 PM,12/29/2020 09:04:25 PM,0.08,in,A
12/29/2020 08:34:47 PM,12/29/2020 08:34:55 PM,0.04,in,A
12/29/2020 08:19:26 PM,12/29/2020 08:19:55 PM,0.04,in,A
12/29/2020 07:56:54 PM,12/29/2020 07:56:55 PM,0.04,in,A
12/29/2020 07:35:16 PM,12/29/2020 07:35:25 PM,0.04,in,A
12/29/2020 07:24:23 PM,12/29/2020 07:24:25 PM,0.04,in,A
12/29/2020 07:06:46 PM,12/29/2020 07:06:55 PM,0.04,in,A
12/29/2020 06:49:35 PM,12/29/2020 06:49:55 PM,0.04,in,A
12/29/2020 06:15:55 PM,12/29/2020 06:16:25 PM,0.04,in,A
12/29/2020 05:51:52 PM,12/29/2020 05:51:55 PM,0.04,in,A
12/29/2020 05:24:26 PM,12/29/2020 05:24:55 PM,0.04,in,A
12/29/2020 04:46:25 PM,12/29/2020 04:46:55 PM,0.04,in,A
12/29/2020 03:54:52 PM,12/29/2020 03:54:55 PM,0.04,in,A
12/29/2020 03:13:23 PM,12/29/2020 03:13:25 PM,0.00,in,A
12/29/2020 02:26:55 PM,12/29/2020 02:27:25 PM,0.04,in,A
12/29/2020 10:39:55 AM,12/29/2020 10:40:25 AM,0.04,in,A
12/29/2020 09:39:49 AM,12/29/2020 09:39:55 AM,0.04,in,A
12/29/2020 03:13:22 AM,12/29/2020 03:13:25 AM,0.00,in,A
12/28/2020 03:13:21 PM,12/28/2020 03:13:25 PM,0.00,in,A
12/28/2020 03:13:20 AM,12/28/2020 03:13:25 AM,0.00,in,A
12/27/2020 03:13:19 PM,12/27/2020 03:13:25 PM,0.00,in,A
12/27/2020 03:13:18 AM,12/27/2020 03:13:25 AM,0.00,in,A
12/26/2020 03:13:17 PM,12/26/2020 03:13:25 PM,0.00,in,A
12/26/2020 03:13:16 AM,12/26/2020 03:13:25 AM,0.00,in,A
12/25/2020 03:13:15 PM,12/25/2020 03:13:25 PM,0.00,in,A
12/25/2020 03:13:13 AM,12/25/2020 03:13:25 AM,0.00,in,A
12/24/2020 03:13:12 PM,12/24/2020 03:13:25 PM,0.00,in,A
12/24/2020 03:13:11 AM,12/24/2020 03:13:25 AM,0.00,in,A
12/23/2020 03:13:10 PM,12/23/2020 03:13:25 PM,0.00,in,A
12/23/2020 03:13:09 AM,12/23/2020 03:13:25 AM,0.00,in,A
12/22/2020 03:13:08 PM,12/22/2020 03:13:25 PM,0.00,in,A
12/22/2020 03:13:07 AM,12/22/2020 03:13:25 AM,0.00,in,A
12/21/2020 03:13:06 PM,12/21/2020 03:13:25 PM,0.00,in,A
12/21/2020 03:13:06 AM,12/21/2020 03:13:25 AM,0.00,in,A
12/20/2020 03:13:05 PM,12/20/2020 03:13:25 PM,0.00,in,A
12/20/2020 03:13:04 AM,12/20/2020 03:13:25 AM,0.00,in,A
12/19/2020 03:13:02 PM,12/19/2020 03:13:25 PM,0.00,in,A
12/19/2020 03:13:02 AM,12/19/2020 03:13:25 AM,0.00,in,A
12/18/2020 03:13:01 PM,12/18/2020 03:13:25 PM,0.00,in,A
12/18/2020 03:13:00 AM,12/18/2020 03:13:25 AM,0.00,in,A
12/17/2020 03:12:59 PM,12/17/2020 03:13:25 PM,0.00,in,A
12/17/2020 03:12:58 AM,12/17/2020 03:13:25 AM,0.00,in,A
12/16/2020 03:12:57 PM,12/16/2020 03:13:25 PM,0.00,in,A
12/16/2020 03:12:56 AM,12/16/2020 03:13:25 AM,0.00,in,A
12/15/2020 03:12:54 PM,12/15/2020 03:12:55 PM,0.00,in,A
12/15/2020 03:12:53 AM,12/15/2020 03:12:55 AM,0.00,in,A
12/14/2020 03:12:52 PM,12/14/2020 03:12:55 PM,0.00,in,A
12/14/2020 03:12:51 AM,12/14/2020 03:12:55 AM,0.00,in,A
12/13/2020 03:12:50 PM,12/13/2020 03:12:55 PM,0.00,in,A
12/13/2020 03:12:49 AM,12/13/2020 03:12:55 AM,0.00,in,A
12/12/2020 03:12:48 PM,12/12/2020 03:12:55 PM,0.00,in,A
12/12/2020 06:48:30 AM,12/12/2020 06:48:55 AM,0.04,in,A
12/12/2020 03:12:47 AM,12/12/2020 03:12:55 AM,0.00,in,A
12/11/2020 03:12:46 PM,12/11/2020 03:12:55 PM,0.00,in,A
12/11/2020 03:12:46 AM,12/11/2020 03:12:55 AM,0.00,in,A
12/10/2020 03:12:45 PM,12/10/2020 03:12:55 PM,0.00,in,A
12/10/2020 03:12:44 AM,12/10/2020 03:12:55 AM,0.00,in,A
12/09/2020 03:12:43 PM,12/09/2020 03:12:55 PM,0.00,in,A
12/09/2020 03:12:42 AM,12/09/2020 03:12:55 AM,0.00,in,A
12/08/2020 03:24:24 PM,12/08/2020 03:24:25 PM,0.04,in,A
12/08/2020 03:02:45 PM,12/08/2020 03:02:55 PM,0.00,in,A
12/08/2020 12:41:14 PM,12/08/2020 12:41:25 PM,0.00,in,A
12/08/2020 12:41:13 AM,12/08/2020 12:41:25 AM,0.00,in,A
12/07/2020 12:41:12 PM,12/07/2020 12:41:25 PM,0.00,in,A
12/07/2020 12:41:11 AM,12/07/2020 12:41:25 AM,0.00,in,A
12/06/2020 12:41:10 PM,12/06/2020 12:41:25 PM,0.00,in,A
12/06/2020 12:41:09 AM,12/06/2020 12:41:25 AM,0.00,in,A
12/05/2020 12:41:09 PM,12/05/2020 12:41:25 PM,0.00,in,A
12/05/2020 12:41:07 AM,12/05/2020 12:41:25 AM,0.00,in,A
12/04/2020 12:41:07 PM,12/04/2020 12:41:25 PM,0.00,in,A
12/04/2020 12:41:05 AM,12/04/2020 12:41:25 AM,0.00,in,A
12/03/2020 12:41:05 PM,12/03/2020 12:41:25 PM,0.00,in,A
12/03/2020 12:41:04 AM,12/03/2020 12:41:25 AM,0.00,in,A
12/02/2020 12:41:03 PM,12/02/2020 12:41:25 PM,0.00,in,A
12/02/2020 12:41:02 AM,12/02/2020 12:41:25 AM,0.00,in,A
12/01/2020 12:41:01 PM,12/01/2020 12:41:25 PM,0.00,in,A
11/30/2020 12:40:58 PM,11/30/2020 12:41:25 PM,0.00,in,A
11/30/2020 12:40:57 AM,11/30/2020 12:41:25 AM,0.00,in,A
11/29/2020 12:40:57 PM,11/29/2020 12:41:25 PM,0.00,in,A
11/29/2020 12:40:56 AM,11/29/2020 12:41:25 AM,0.00,in,A
11/28/2020 12:40:55 PM,11/28/2020 12:41:25 PM,0.00,in,A
11/28/2020 12:40:54 AM,11/28/2020 12:40:55 AM,0.00,in,A
11/27/2020 12:40:53 PM,11/27/2020 12:40:55 PM,0.00,in,A
11/27/2020 12:40:52 AM,11/27/2020 12:40:55 AM,0.00,in,A
11/26/2020 12:40:52 PM,11/26/2020 12:40:55 PM,0.00,in,A
11/26/2020 12:40:51 AM,11/26/2020 12:40:55 AM,0.00,in,A
11/25/2020 12:40:50 PM,11/25/2020 12:40:55 PM,0.00,in,A
11/25/2020 09:29:14 AM,11/25/2020 09:29:25 AM,0.04,in,A
11/25/2020 12:40:49 AM,11/25/2020 12:40:55 AM,0.00,in,A
11/24/2020 11:07:09 PM,11/24/2020 11:07:25 PM,0.04,in,A
11/24/2020 10:04:41 PM,11/24/2020 10:04:55 PM,0.04,in,A
11/24/2020 09:20:00 PM,11/24/2020 09:20:25 PM,0.04,in,A
11/24/2020 09:00:26 PM,11/24/2020 09:00:55 PM,0.04,in,A
11/24/2020 08:50:53 PM,11/24/2020 08:50:55 PM,0.08,in,A
11/24/2020 07:50:03 PM,11/24/2020 07:50:25 PM,0.04,in,A
11/24/2020 07:09:30 PM,11/24/2020 07:09:55 PM,0.04,in,A
11/24/2020 06:07:01 PM,11/24/2020 06:07:25 PM,0.04,in,A
11/24/2020 05:24:40 PM,11/24/2020 05:24:55 PM,0.04,in,A
11/24/2020 04:05:32 PM,11/24/2020 04:05:55 PM,0.04,in,A
11/24/2020 12:40:49 PM,11/24/2020 12:40:55 PM,0.00,in,A
11/24/2020 12:18:33 PM,11/24/2020 12:18:55 PM,0.04,in,A
11/24/2020 12:40:48 AM,11/24/2020 12:40:55 AM,0.00,in,A
11/23/2020 01:48:14 PM,11/23/2020 01:48:25 PM,0.04,in,A
11/23/2020 12:40:47 PM,11/23/2020 12:40:55 PM,0.00,in,A
11/23/2020 12:11:52 PM,11/23/2020 12:11:55 PM,0.04,in,A
11/23/2020 11:39:25 AM,11/23/2020 11:39:55 AM,0.04,in,A
11/23/2020 12:40:46 AM,11/23/2020 12:40:55 AM,0.00,in,A
11/22/2020 12:40:45 PM,11/22/2020 12:40:55 PM,0.00,in,A
11/22/2020 12:40:45 AM,11/22/2020 12:40:55 AM,0.00,in,A
11/21/2020 08:17:13 PM,11/21/2020 08:17:25 PM,0.04,in,A
11/21/2020 05:37:45 PM,11/21/2020 05:37:55 PM,0.04,in,A
11/21/2020 04:39:25 PM,11/21/2020 04:39:55 PM,0.04,in,A
11/21/2020 04:13:08 PM,11/21/2020 04:13:25 PM,0.04,in,A
11/21/2020 03:57:12 PM,11/21/2020 03:57:25 PM,0.04,in,A
11/21/2020 03:38:39 PM,11/21/2020 03:38:55 PM,0.04,in,A
11/21/2020 03:05:47 PM,11/21/2020 03:05:55 PM,0.04,in,A
11/21/2020 02:24:39 PM,11/21/2020 02:24:55 PM,0.04,in,A
11/21/2020 12:40:44 PM,11/21/2020 12:40:55 PM,0.00,in,A
11/21/2020 12:40:43 AM,11/21/2020 12:40:55 AM,0.00,in,A
11/20/2020 12:40:43 PM,11/20/2020 12:40:55 PM,0.00,in,A
11/20/2020 12:40:42 AM,11/20/2020 12:40:55 AM,0.00,in,A
11/19/2020 12:40:42 PM,11/19/2020 12:40:55 PM,0.00,in,A
11/19/2020 12:40:41 AM,11/19/2020 12:40:55 AM,0.00,in,A
11/18/2020 12:40:41 PM,11/18/2020 12:40:55 PM,0.00,in,A
11/18/2020 12:40:40 AM,11/18/2020 12:40:55 AM,0.00,in,A
11/17/2020 12:40:39 PM,11/17/2020 12:40:55 PM,0.00,in,A
11/17/2020 12:40:38 AM,11/17/2020 12:40:55 AM,0.00,in,A
11/16/2020 12:40:38 PM,11/16/2020 12:40:55 PM,0.00,in,A
11/16/2020 12:40:37 AM,11/16/2020 12:40:55 AM,0.00,in,A
11/15/2020 12:40:36 PM,11/15/2020 12:40:55 PM,0.00,in,A
11/15/2020 12:40:36 AM,11/15/2020 12:40:55 AM,0.00,in,A
11/14/2020 12:40:35 PM,11/14/2020 12:40:55 PM,0.00,in,A
11/14/2020 02:41:19 AM,11/14/2020 02:41:25 AM,0.04,in,A
11/14/2020 02:17:16 AM,11/14/2020 02:17:25 AM,0.04,in,A
11/14/2020 01:32:34 AM,11/14/2020 01:32:55 AM,0.04,in,A
11/14/2020 01:14:24 AM,11/14/2020 01:14:25 AM,0.04,in,A
11/14/2020 12:40:34 AM,11/14/2020 12:40:55 AM,0.00,in,A
11/13/2020 12:40:33 PM,11/13/2020 12:40:55 PM,0.00,in,A
11/13/2020 12:40:33 AM,11/13/2020 12:40:55 AM,0.00,in,A
11/12/2020 12:40:32 PM,11/12/2020 12:40:55 PM,0.00,in,A
11/12/2020 12:40:31 AM,11/12/2020 12:40:55 AM,0.00,in,A
11/11/2020 12:40:30 PM,11/11/2020 12:40:55 PM,0.00,in,A
11/11/2020 09:02:32 AM,11/11/2020 09:02:55 AM,0.04,in,A
11/10/2020 12:40:29 PM,11/10/2020 12:40:55 PM,0.00,in,A
11/10/2020 08:23:57 AM,11/10/2020 08:24:25 AM,0.04,in,A
11/10/2020 08:21:35 AM,11/10/2020 08:21:55 AM,0.04,in,A
11/10/2020 08:19:33 AM,11/10/2020 08:19:55 AM,0.08,in,A
11/10/2020 08:17:33 AM,11/10/2020 08:18:07 AM,0.04,in,A
11/10/2020 08:16:20 AM,11/10/2020 08:16:25 AM,0.04,in,A
11/10/2020 07:23:55 AM,11/10/2020 07:24:25 AM,0.04,in,A
11/10/2020 07:10:09 AM,11/10/2020 07:10:25 AM,0.04,in,A
11/10/2020 06:19:38 AM,11/10/2020 06:19:55 AM,0.04,in,A
11/10/2020 12:40:28 AM,11/10/2020 12:40:55 AM,0.00,in,A
11/09/2020 12:40:28 PM,11/09/2020 12:40:55 PM,0.00,in,A
11/09/2020 12:40:27 AM,11/09/2020 12:40:55 AM,0.00,in,A
11/08/2020 12:40:27 PM,11/08/2020 12:40:55 PM,0.00,in,A
11/08/2020 12:40:27 AM,11/08/2020 12:40:55 AM,0.00,in,A
11/07/2020 12:40:26 PM,11/07/2020 12:40:55 PM,0.00,in,A
11/07/2020 12:40:25 AM,11/07/2020 12:40:55 AM,0.00,in,A
11/06/2020 12:40:25 PM,11/06/2020 12:40:55 PM,0.00,in,A
11/06/2020 12:40:24 AM,11/06/2020 12:40:25 AM,0.00,in,A
11/05/2020 12:40:24 PM,11/05/2020 12:40:25 PM,0.00,in,A
11/05/2020 12:40:23 AM,11/05/2020 12:40:25 AM,0.00,in,A
11/04/2020 12:40:23 PM,11/04/2020 12:40:25 PM,0.00,in,A
11/04/2020 12:40:22 AM,11/04/2020 12:40:25 AM,0.00,in,A
11/03/2020 12:40:22 PM,11/03/2020 12:40:25 PM,0.00,in,A
11/03/2020 12:40:21 AM,11/03/2020 12:40:25 AM,0.00,in,A
11/02/2020 12:40:20 PM,11/02/2020 12:40:25 PM,0.00,in,A
11/02/2020 12:40:19 AM,11/02/2020 12:40:25 AM,0.00,in,A
11/01/2020 12:40:19 PM,11/01/2020 12:40:25 PM,0.00,in,A
10/31/2020 01:40:17 AM,10/31/2020 01:40:25 AM,0.00,in,A
10/30/2020 01:40:16 PM,10/30/2020 01:40:25 PM,0.00,in,A
10/30/2020 01:40:15 AM,10/30/2020 01:40:25 AM,0.00,in,A
10/29/2020 01:40:14 PM,10/29/2020 01:40:25 PM,0.00,in,A
10/29/2020 05:29:44 AM,10/29/2020 05:29:55 AM,0.04,in,A
10/29/2020 04:24:37 AM,10/29/2020 04:24:55 AM,0.04,in,A
10/29/2020 03:08:52 AM,10/29/2020 03:08:55 AM,0.04,in,A
10/29/2020 02:36:31 AM,10/29/2020 02:36:55 AM,0.04,in,A
10/29/2020 02:02:38 AM,10/29/2020 02:02:55 AM,0.04,in,A
10/29/2020 01:40:14 AM,10/29/2020 01:40:25 AM,0.00,in,A
10/29/2020 12:24:30 AM,10/29/2020 12:24:55 AM,0.04,in,A
10/28/2020 11:32:38 PM,10/28/2020 11:32:55 PM,0.04,in,A
10/28/2020 10:03:55 PM,10/28/2020 10:04:25 PM,0.04,in,A
10/28/2020 09:20:03 PM,10/28/2020 09:20:25 PM,0.04,in,A
10/28/2020 07:12:49 PM,10/28/2020 07:12:55 PM,0.04,in,A
10/28/2020 01:40:13 PM,10/28/2020 01:40:25 PM,0.00,in,A
10/28/2020 02:39:48 AM,10/28/2020 02:39:55 AM,0.04,in,A
10/28/2020 01:40:12 AM,10/28/2020 01:40:25 AM,0.00,in,A
10/27/2020 05:06:53 PM,10/27/2020 05:06:55 PM,0.04,in,A
10/27/2020 03:35:44 PM,10/27/2020 03:35:55 PM,0.04,in,A
10/27/2020 02:44:00 PM,10/27/2020 02:44:25 PM,0.04,in,A
10/27/2020 02:13:23 PM,10/27/2020 02:13:25 PM,0.04,in,A
10/27/2020 01:49:58 PM,10/27/2020 01:50:25 PM,0.04,in,A
10/27/2020 01:40:11 PM,10/27/2020 01:40:25 PM,0.00,in,A
10/27/2020 01:40:01 PM,10/27/2020 01:40:25 PM,0.04,in,A
10/27/2020 01:28:11 PM,10/27/2020 01:28:25 PM,0.04,in,A
10/27/2020 01:12:07 PM,10/27/2020 01:12:25 PM,0.04,in,A
10/27/2020 01:40:10 AM,10/27/2020 01:40:25 AM,0.00,in,A
10/26/2020 01:40:09 PM,10/26/2020 01:40:25 PM,0.00,in,A
10/26/2020 01:40:08 AM,10/26/2020 01:40:25 AM,0.00,in,A
10/25/2020 01:40:08 PM,10/25/2020 01:40:25 PM,0.00,in,A
10/25/2020 01:40:07 AM,10/25/2020 01:40:25 AM,0.00,in,A
10/24/2020 01:40:06 PM,10/24/2020 01:40:25 PM,0.00,in,A
10/24/2020 01:40:05 AM,10/24/2020 01:40:25 AM,0.00,in,A
10/23/2020 01:40:05 PM,10/23/2020 01:40:25 PM,0.00,in,A
10/23/2020 06:36:19 AM,10/23/2020 06:36:25 AM,0.04,in,A
10/23/2020 06:19:16 AM,10/23/2020 06:19:25 AM,0.04,in,A
10/23/2020 06:13:24 AM,10/23/2020 06:13:25 AM,0.04,in,A
10/23/2020 05:56:22 AM,10/23/2020 05:56:25 AM,0.04,in,A
10/23/2020 05:49:58 AM,10/23/2020 05:50:25 AM,0.04,in,A
10/23/2020 05:48:21 AM,10/23/2020 05:48:26 AM,0.04,in,A
10/23/2020 05:45:25 AM,10/23/2020 05:45:55 AM,0.04,in,A
10/23/2020 05:00:35 AM,10/23/2020 05:00:55 AM,0.04,in,A
10/23/2020 04:56:51 AM,10/23/2020 04:56:55 AM,0.04,in,A
10/23/2020 04:50:25 AM,10/23/2020 04:50:55 AM,0.04,in,A
10/23/2020 04:39:46 AM,10/23/2020 04:39:55 AM,0.04,in,A
10/23/2020 04:21:53 AM,10/23/2020 04:21:55 AM,0.04,in,A
10/23/2020 01:40:04 AM,10/23/2020 01:40:25 AM,0.00,in,A
10/22/2020 01:40:04 PM,10/22/2020 01:40:25 PM,0.00,in,A
10/22/2020 01:40:03 AM,10/22/2020 01:40:25 AM,0.00,in,A
10/21/2020 01:40:03 PM,10/21/2020 01:40:25 PM,0.00,in,A
10/21/2020 11:11:15 AM,10/21/2020 11:11:25 AM,0.04,in,A
10/21/2020 10:56:39 AM,10/21/2020 10:56:55 AM,0.04,in,A
10/21/2020 10:54:26 AM,10/21/2020 10:54:55 AM,0.04,in,A
10/21/2020 10:28:04 AM,10/21/2020 10:28:25 AM,0.04,in,A
10/21/2020 01:40:02 AM,10/21/2020 01:40:25 AM,0.00,in,A
10/20/2020 01:40:01 PM,10/20/2020 01:40:25 PM,0.00,in,A
10/20/2020 01:40:01 AM,10/20/2020 01:40:25 AM,0.00,in,A
10/19/2020 01:40:00 PM,10/19/2020 01:40:25 PM,0.00,in,A
10/19/2020 01:39:59 AM,10/19/2020 01:40:25 AM,0.00,in,A
10/18/2020 01:39:59 PM,10/18/2020 01:40:25 PM,0.00,in,A
10/18/2020 01:39:58 AM,10/18/2020 01:40:25 AM,0.00,in,A
10/17/2020 01:39:58 PM,10/17/2020 01:40:25 PM,0.00,in,A
10/17/2020 01:39:57 AM,10/17/2020 01:40:25 AM,0.00,in,A
10/16/2020 01:39:57 PM,10/16/2020 01:40:25 PM,0.00,in,A
10/16/2020 01:39:56 AM,10/16/2020 01:40:25 AM,0.00,in,A
10/15/2020 01:39:55 PM,10/15/2020 01:40:25 PM,0.00,in,A
10/15/2020 01:39:55 AM,10/15/2020 01:40:25 AM,0.00,in,A
10/14/2020 01:39:54 PM,10/14/2020 01:39:55 PM,0.00,in,A
10/14/2020 01:39:54 AM,10/14/2020 01:39:55 AM,0.00,in,A
10/13/2020 01:39:53 PM,10/13/2020 01:39:55 PM,0.00,in,A
10/13/2020 01:39:53 AM,10/13/2020 01:39:55 AM,0.00,in,A
10/12/2020 01:39:52 PM,10/12/2020 01:39:55 PM,0.00,in,A
10/12/2020 01:39:52 AM,10/12/2020 01:39:55 AM,0.00,in,A
10/11/2020 01:39:52 PM,10/11/2020 01:39:55 PM,0.00,in,A
10/11/2020 01:39:51 AM,10/11/2020 01:39:55 AM,0.00,in,A
10/10/2020 01:39:51 PM,10/10/2020 01:39:55 PM,0.00,in,A
10/10/2020 01:39:50 AM,10/10/2020 01:39:55 AM,0.00,in,A
10/09/2020 01:39:50 PM,10/09/2020 01:39:55 PM,0.00,in,A
10/09/2020 01:39:50 AM,10/09/2020 01:39:55 AM,0.00,in,A
10/08/2020 01:39:49 PM,10/08/2020 01:39:55 PM,0.00,in,A
10/08/2020 01:39:49 AM,10/08/2020 01:39:55 AM,0.00,in,A
10/07/2020 01:39:48 PM,10/07/2020 01:39:55 PM,0.00,in,A
10/07/2020 01:39:48 AM,10/07/2020 01:39:55 AM,0.00,in,A
10/06/2020 01:39:47 PM,10/06/2020 01:39:55 PM,0.00,in,A
10/06/2020 01:39:47 AM,10/06/2020 01:39:55 AM,0.00,in,A
10/05/2020 01:39:46 PM,10/05/2020 01:39:55 PM,0.00,in,A
10/05/2020 01:39:46 AM,10/05/2020 01:39:55 AM,0.00,in,A
10/04/2020 01:39:45 PM,10/04/2020 01:39:55 PM,0.00,in,A
10/04/2020 01:39:45 AM,10/04/2020 01:39:55 AM,0.00,in,A
10/03/2020 01:39:44 PM,10/03/2020 01:39:55 PM,0.00,in,A
10/03/2020 01:39:44 AM,10/03/2020 01:39:55 AM,0.00,in,A
10/02/2020 01:39:43 PM,10/02/2020 01:39:55 PM,0.00,in,A
10/02/2020 01:39:43 AM,10/02/2020 01:39:55 AM,0.00,in,A
10/01/2020 01:39:42 PM,10/01/2020 01:39:57 PM,0.00,in,A
10/01/2020 01:39:41 AM,10/01/2020 01:39:57 AM,0.00,in,A
09/30/2020 01:39:41 PM,09/30/2020 01:39:55 PM,0.00,in,A
09/30/2020 01:39:41 AM,09/30/2020 01:39:55 AM,0.00,in,A
09/29/2020 01:39:40 PM,09/29/2020 01:39:55 PM,0.00,in,A
09/29/2020 01:39:40 AM,09/29/2020 01:39:55 AM,0.00,in,A
09/28/2020 01:39:39 PM,09/28/2020 01:39:55 PM,0.00,in,A
09/28/2020 01:39:39 AM,09/28/2020 01:39:55 AM,0.00,in,A
09/27/2020 08:14:34 PM,09/27/2020 08:14:55 PM,0.04,in,A
09/27/2020 07:34:53 PM,09/27/2020 07:34:55 PM,0.04,in,A
09/27/2020 05:57:07 PM,09/27/2020 05:57:25 PM,0.04,in,A
09/27/2020 05:46:09 PM,09/27/2020 05:46:25 PM,0.04,in,A
09/27/2020 05:27:07 PM,09/27/2020 05:27:25 PM,0.04,in,A
09/27/2020 05:20:38 PM,09/27/2020 05:20:55 PM,0.04,in,A
09/27/2020 04:47:48 PM,09/27/2020 04:47:55 PM,0.04,in,A
09/27/2020 04:37:33 PM,09/27/2020 04:37:55 PM,0.04,in,A
09/27/2020 01:39:38 PM,09/27/2020 01:39:55 PM,0.00,in,A
09/27/2020 12:40:10 PM,09/27/2020 12:40:25 PM,0.04,in,A
09/27/2020 12:26:23 PM,09/27/2020 12:26:25 PM,0.04,in,A
09/27/2020 12:25:21 PM,09/27/2020 12:25:25 PM,0.04,in,A
09/27/2020 12:24:21 PM,09/27/2020 12:24:25 PM,0.04,in,A
09/27/2020 12:23:21 PM,09/27/2020 12:23:25 PM,0.04,in,A
09/27/2020 12:22:12 PM,09/27/2020 12:22:25 PM,0.04,in,A
09/27/2020 12:21:12 PM,09/27/2020 12:21:25 PM,0.04,in,A
09/27/2020 12:19:58 PM,09/27/2020 12:20:25 PM,0.04,in,A
09/27/2020 12:18:30 PM,09/27/2020 12:18:55 PM,0.04,in,A
09/27/2020 12:17:28 PM,09/27/2020 12:17:55 PM,0.08,in,A
09/27/2020 12:15:29 PM,09/27/2020 12:15:55 PM,0.12,in,A
09/27/2020 12:14:05 PM,09/27/2020 12:14:25 PM,0.08,in,A
09/27/2020 12:13:20 PM,09/27/2020 12:13:25 PM,0.04,in,A
09/27/2020 12:12:20 PM,09/27/2020 12:12:25 PM,0.04,in,A
09/27/2020 12:11:20 PM,09/27/2020 12:11:25 PM,0.04,in,A
09/27/2020 12:09:56 PM,09/27/2020 12:10:25 PM,0.04,in,A
09/27/2020 12:08:26 PM,09/27/2020 12:08:55 PM,0.04,in,A
09/27/2020 12:06:55 PM,09/27/2020 12:07:25 PM,0.04,in,A
09/27/2020 12:05:38 PM,09/27/2020 12:05:55 PM,0.04,in,A
09/27/2020 12:04:22 PM,09/27/2020 12:04:25 PM,0.04,in,A
09/27/2020 12:03:15 PM,09/27/2020 12:03:25 PM,0.04,in,A
09/27/2020 12:02:15 PM,09/27/2020 12:02:25 PM,0.04,in,A
09/27/2020 12:00:45 PM,09/27/2020 12:00:56 PM,0.04,in,A
09/27/2020 11:59:06 AM,09/27/2020 11:59:25 AM,0.04,in,A
09/27/2020 11:56:26 AM,09/27/2020 11:56:55 AM,0.04,in,A
09/27/2020 11:53:32 AM,09/27/2020 11:53:55 AM,0.04,in,A
09/27/2020 11:50:23 AM,09/27/2020 11:50:25 AM,0.04,in,A
09/27/2020 11:49:23 AM,09/27/2020 11:49:25 AM,0.04,in,A
09/27/2020 11:48:23 AM,09/27/2020 11:48:25 AM,0.04,in,A
09/27/2020 11:47:23 AM,09/27/2020 11:47:25 AM,0.04,in,A
09/27/2020 11:46:23 AM,09/27/2020 11:46:25 AM,0.04,in,A
09/27/2020 11:45:21 AM,09/27/2020 11:45:25 AM,0.04,in,A
09/27/2020 11:44:16 AM,09/27/2020 11:44:25 AM,0.04,in,A
09/27/2020 11:43:12 AM,09/27/2020 11:43:25 AM,0.04,in,A
09/27/2020 01:39:38 AM,09/27/2020 01:39:55 AM,0.00,in,A
09/26/2020 01:39:37 PM,09/26/2020 01:39:55 PM,0.00,in,A
09/26/2020 01:39:37 AM,09/26/2020 01:39:55 AM,0.00,in,A
09/25/2020 01:39:36 PM,09/25/2020 01:39:55 PM,0.00,in,A
09/25/2020 01:39:36 AM,09/25/2020 01:39:55 AM,0.00,in,A
09/24/2020 01:39:35 PM,09/24/2020 01:39:55 PM,0.00,in,A
09/24/2020 01:39:35 AM,09/24/2020 01:39:55 AM,0.00,in,A
09/23/2020 01:39:35 PM,09/23/2020 01:39:55 PM,0.00,in,A
09/23/2020 01:39:34 AM,09/23/2020 01:39:55 AM,0.00,in,A
09/22/2020 01:39:34 PM,09/22/2020 01:39:55 PM,0.00,in,A
09/22/2020 01:39:33 AM,09/22/2020 01:39:55 AM,0.00,in,A
09/21/2020 01:39:33 PM,09/21/2020 01:39:55 PM,0.00,in,A
09/20/2020 01:39:32 PM,09/20/2020 01:39:55 PM,0.00,in,A
09/20/2020 01:39:32 AM,09/20/2020 01:39:55 AM,0.00,in,A
09/19/2020 01:39:31 PM,09/19/2020 01:39:55 PM,0.00,in,A
09/19/2020 01:39:31 AM,09/19/2020 01:39:55 AM,0.00,in,A
09/18/2020 01:39:30 PM,09/18/2020 01:39:55 PM,0.00,in,A
09/18/2020 01:39:30 AM,09/18/2020 01:39:55 AM,0.00,in,A
09/17/2020 01:39:30 PM,09/17/2020 01:39:55 PM,0.00,in,A
09/17/2020 01:39:29 AM,09/17/2020 01:39:55 AM,0.00,in,A
09/16/2020 01:39:29 PM,09/16/2020 01:39:55 PM,0.00,in,A
09/16/2020 01:39:28 AM,09/16/2020 01:39:55 AM,0.00,in,A
09/15/2020 01:39:28 PM,09/15/2020 01:39:55 PM,0.00,in,A
09/15/2020 01:39:27 AM,09/15/2020 01:39:55 AM,0.00,in,A
09/14/2020 01:39:27 PM,09/14/2020 01:39:55 PM,0.00,in,A
09/14/2020 01:39:27 AM,09/14/2020 01:39:55 AM,0.00,in,A
09/13/2020 01:39:26 PM,09/13/2020 01:39:55 PM,0.00,in,A
09/13/2020 01:39:26 AM,09/13/2020 01:39:55 AM,0.00,in,A
09/12/2020 01:39:25 PM,09/12/2020 01:39:55 PM,0.00,in,A
09/12/2020 01:48:12 AM,09/12/2020 01:48:25 AM,0.04,in,A
09/12/2020 01:39:25 AM,09/12/2020 01:39:55 AM,0.00,in,A
09/12/2020 12:13:38 AM,09/12/2020 12:13:55 AM,0.04,in,A
09/11/2020 01:39:25 PM,09/11/2020 01:39:55 PM,0.00,in,A
09/11/2020 01:04:39 PM,09/11/2020 01:04:55 PM,0.04,in,A
09/11/2020 02:50:20 AM,09/11/2020 02:50:25 AM,0.04,in,A
09/11/2020 01:39:24 AM,09/11/2020 01:39:25 AM,0.00,in,A
09/10/2020 10:40:24 PM,09/10/2020 10:40:25 PM,0.04,in,A
09/10/2020 01:39:24 PM,09/10/2020 01:39:25 PM,0.00,in,A
09/10/2020 01:19:44 PM,09/10/2020 01:19:55 PM,0.04,in,A
09/10/2020 12:39:53 PM,09/10/2020 12:39:55 PM,0.04,in,A
09/10/2020 12:32:01 PM,09/10/2020 12:32:25 PM,0.04,in,A
09/10/2020 12:25:59 PM,09/10/2020 12:26:25 PM,0.04,in,A
09/10/2020 12:19:29 PM,09/10/2020 12:19:55 PM,0.04,in,A
09/10/2020 12:13:51 PM,09/10/2020 12:13:55 PM,0.04,in,A
09/10/2020 12:09:24 PM,09/10/2020 12:09:25 PM,0.04,in,A
09/10/2020 12:06:36 PM,09/10/2020 12:06:55 PM,0.04,in,A
09/10/2020 11:57:33 AM,09/10/2020 11:57:55 AM,0.04,in,A
09/10/2020 11:33:32 AM,09/10/2020 11:33:55 AM,0.04,in,A
09/10/2020 09:23:50 AM,09/10/2020 09:23:55 AM,0.04,in,A
09/10/2020 08:49:36 AM,09/10/2020 08:49:55 AM,0.04,in,A
09/10/2020 08:41:00 AM,09/10/2020 08:41:25 AM,0.04,in,A
09/10/2020 08:32:00 AM,09/10/2020 08:32:25 AM,0.04,in,A
09/10/2020 07:58:43 AM,09/10/2020 07:58:55 AM,0.04,in,A
09/10/2020 07:01:07 AM,09/10/2020 07:01:25 AM,0.04,in,A
09/10/2020 06:05:45 AM,09/10/2020 06:05:55 AM,0.04,in,A
09/10/2020 05:32:53 AM,09/10/2020 05:32:55 AM,0.04,in,A
09/10/2020 05:03:13 AM,09/10/2020 05:03:25 AM,0.04,in,A
09/10/2020 04:35:43 AM,09/10/2020 04:35:55 AM,0.04,in,A
09/10/2020 04:13:16 AM,09/10/2020 04:13:25 AM,0.04,in,A
09/10/2020 04:09:13 AM,09/10/2020 04:09:25 AM,0.04,in,A
09/10/2020 04:05:23 AM,09/10/2020 04:05:25 AM,0.04,in,A
09/10/2020 03:57:50 AM,09/10/2020 03:57:55 AM,0.04,in,A
09/10/2020 03:42:11 AM,09/10/2020 03:42:25 AM,0.04,in,A
09/10/2020 03:13:53 AM,09/10/2020 03:13:55 AM,0.04,in,A
09/10/2020 01:39:23 AM,09/10/2020 01:39:25 AM,0.00,in,A
09/09/2020 11:42:51 PM,09/09/2020 11:42:55 PM,0.04,in,A
09/09/2020 11:41:29 PM,09/09/2020 11:41:55 PM,0.04,in,A
09/09/2020 01:39:23 PM,09/09/2020 01:39:25 PM,0.00,in,A
09/09/2020 07:20:04 AM,09/09/2020 07:20:25 AM,0.04,in,A
09/09/2020 01:39:22 AM,09/09/2020 01:39:25 AM,0.00,in,A
09/08/2020 01:39:22 PM,09/08/2020 01:39:25 PM,0.00,in,A
09/08/2020 01:39:21 AM,09/08/2020 01:39:25 AM,0.00,in,A
09/07/2020 01:39:21 PM,09/07/2020 01:39:25 PM,0.00,in,A
09/07/2020 01:39:21 AM,09/07/2020 01:39:25 AM,0.00,in,A
09/06/2020 01:39:20 PM,09/06/2020 01:39:25 PM,0.00,in,A
09/06/2020 01:39:20 AM,09/06/2020 01:39:25 AM,0.00,in,A
09/05/2020 01:39:19 PM,09/05/2020 01:39:25 PM,0.00,in,A
09/05/2020 01:39:19 AM,09/05/2020 01:39:25 AM,0.00,in,A
09/04/2020 01:39:19 PM,09/04/2020 01:39:25 PM,0.00,in,A
09/04/2020 01:39:18 AM,09/04/2020 01:39:25 AM,0.00,in,A
09/03/2020 01:39:18 PM,09/03/2020 01:39:25 PM,0.00,in,A
09/03/2020 01:39:17 AM,09/03/2020 01:39:25 AM,0.00,in,A
09/02/2020 01:39:17 PM,09/02/2020 01:39:25 PM,0.00,in,A
09/02/2020 01:39:17 AM,09/02/2020 01:39:25 AM,0.00,in,A
09/01/2020 01:39:16 PM,09/01/2020 01:39:26 PM,0.00,in,A
09/01/2020 01:39:16 AM,09/01/2020 01:39:25 AM,0.00,in,A
08/31/2020 04:38:10 PM,08/31/2020 04:38:25 PM,0.04,in,A
08/31/2020 04:21:05 PM,08/31/2020 04:21:25 PM,0.04,in,A
08/31/2020 04:19:30 PM,08/31/2020 04:19:55 PM,0.04,in,A
08/31/2020 03:21:52 PM,08/31/2020 03:21:55 PM,0.04,in,A
08/31/2020 01:39:15 PM,08/31/2020 01:39:25 PM,0.00,in,A
08/31/2020 01:16:41 PM,08/31/2020 01:16:55 PM,0.04,in,A
08/31/2020 09:41:15 AM,08/31/2020 09:41:25 AM,0.08,in,A
08/31/2020 09:33:47 AM,08/31/2020 09:33:55 AM,0.04,in,A
08/31/2020 09:30:23 AM,08/31/2020 09:30:25 AM,0.04,in,A
08/31/2020 09:29:22 AM,08/31/2020 09:29:25 AM,0.04,in,A
08/31/2020 09:28:23 AM,08/31/2020 09:28:26 AM,0.04,in,A
08/31/2020 09:27:18 AM,08/31/2020 09:27:25 AM,0.04,in,A
08/31/2020 09:24:43 AM,08/31/2020 09:24:55 AM,0.08,in,A
08/31/2020 09:19:58 AM,08/31/2020 09:20:25 AM,0.04,in,A
08/31/2020 09:15:07 AM,08/31/2020 09:15:25 AM,0.04,in,A
08/31/2020 09:12:19 AM,08/31/2020 09:12:25 AM,0.04,in,A
08/31/2020 09:10:09 AM,08/31/2020 09:10:25 AM,0.04,in,A
08/31/2020 09:05:46 AM,08/31/2020 09:05:56 AM,0.04,in,A
08/31/2020 09:02:35 AM,08/31/2020 09:02:55 AM,0.04,in,A
08/31/2020 09:00:23 AM,08/31/2020 09:00:26 AM,0.04,in,A
08/31/2020 08:58:44 AM,08/31/2020 08:58:55 AM,0.08,in,A
08/31/2020 08:56:26 AM,08/31/2020 08:56:55 AM,0.04,in,A
08/31/2020 08:55:11 AM,08/31/2020 08:55:26 AM,0.04,in,A
08/31/2020 08:53:45 AM,08/31/2020 08:53:56 AM,0.04,in,A
08/31/2020 08:52:11 AM,08/31/2020 08:52:26 AM,0.04,in,A
08/31/2020 08:50:55 AM,08/31/2020 08:51:26 AM,0.04,in,A
08/31/2020 08:49:56 AM,08/31/2020 08:50:26 AM,0.04,in,A
08/31/2020 08:48:39 AM,08/31/2020 08:48:56 AM,0.04,in,A
08/31/2020 08:47:31 AM,08/31/2020 08:47:56 AM,0.04,in,A
08/31/2020 08:45:19 AM,08/31/2020 08:45:25 AM,0.04,in,A
08/31/2020 08:43:18 AM,08/31/2020 08:43:26 AM,0.04,in,A
08/31/2020 07:05:40 AM,08/31/2020 07:05:56 AM,0.04,in,A
08/31/2020 07:04:00 AM,08/31/2020 07:04:25 AM,0.04,in,A
08/31/2020 07:00:01 AM,08/31/2020 07:00:26 AM,0.04,in,A
08/31/2020 06:01:05 AM,08/31/2020 06:01:25 AM,0.04,in,A
08/31/2020 05:59:09 AM,08/31/2020 05:59:25 AM,0.04,in,A
08/31/2020 05:58:00 AM,08/31/2020 05:58:25 AM,0.04,in,A
08/31/2020 05:56:34 AM,08/31/2020 05:56:55 AM,0.04,in,A
08/31/2020 05:55:06 AM,08/31/2020 05:55:25 AM,0.04,in,A
08/31/2020 05:53:55 AM,08/31/2020 05:54:25 AM,0.04,in,A
08/31/2020 05:52:38 AM,08/31/2020 05:52:55 AM,0.04,in,A
08/31/2020 05:51:16 AM,08/31/2020 05:51:25 AM,0.04,in,A
08/31/2020 01:39:15 AM,08/31/2020 01:39:25 AM,0.00,in,A
08/30/2020 01:39:15 PM,08/30/2020 01:39:25 PM,0.00,in,A
08/30/2020 01:39:14 AM,08/30/2020 01:39:25 AM,0.00,in,A
08/29/2020 01:39:14 PM,08/29/2020 01:39:25 PM,0.00,in,A
08/29/2020 11:33:31 AM,08/29/2020 11:33:55 AM,0.04,in,A
08/29/2020 09:47:45 AM,08/29/2020 09:47:55 AM,0.04,in,A
08/29/2020 09:33:02 AM,08/29/2020 09:33:25 AM,0.04,in,A
08/29/2020 09:14:57 AM,08/29/2020 09:15:25 AM,0.04,in,A
08/29/2020 08:59:20 AM,08/29/2020 08:59:25 AM,0.04,in,A
08/29/2020 08:31:44 AM,08/29/2020 08:31:55 AM,0.04,in,A
08/29/2020 08:08:18 AM,08/29/2020 08:08:25 AM,0.04,in,A
08/29/2020 08:04:48 AM,08/29/2020 08:04:55 AM,0.08,in,A
08/29/2020 08:00:31 AM,08/29/2020 08:00:55 AM,0.04,in,A
08/29/2020 07:58:02 AM,08/29/2020 07:58:25 AM,0.04,in,A
08/29/2020 01:39:13 AM,08/29/2020 01:39:25 AM,0.00,in,A
08/28/2020 01:39:13 PM,08/28/2020 01:39:25 PM,0.00,in,A
08/28/2020 01:39:13 AM,08/28/2020 01:39:25 AM,0.00,in,A
08/27/2020 01:39:12 PM,08/27/2020 01:39:25 PM,0.00,in,A
08/27/2020 01:39:12 AM,08/27/2020 01:39:25 AM,0.00,in,A
08/26/2020 03:17:00 AM,08/26/2020 03:17:25 AM,0.00,in,A
08/25/2020 03:19:50 PM,08/25/2020 03:19:55 PM,0.00,in,A
08/25/2020 03:22:39 AM,08/25/2020 03:22:55 AM,0.00,in,A
08/24/2020 03:25:30 PM,08/24/2020 03:25:55 PM,0.00,in,A
08/24/2020 03:28:19 AM,08/24/2020 03:28:25 AM,0.00,in,A
08/23/2020 03:31:11 PM,08/23/2020 03:31:25 PM,0.00,in,A
08/23/2020 03:34:01 AM,08/23/2020 03:34:25 AM,0.00,in,A
08/22/2020 03:36:52 PM,08/22/2020 03:36:55 PM,0.00,in,A
08/22/2020 03:39:41 AM,08/22/2020 03:39:55 AM,0.00,in,A
08/21/2020 03:42:31 PM,08/21/2020 03:42:55 PM,0.00,in,A
08/21/2020 03:45:21 AM,08/21/2020 03:45:25 AM,0.00,in,A
08/20/2020 03:48:12 PM,08/20/2020 03:48:25 PM,0.00,in,A
08/20/2020 03:51:02 AM,08/20/2020 03:51:25 AM,0.00,in,A
08/19/2020 03:53:53 PM,08/19/2020 03:53:55 PM,0.00,in,A
08/19/2020 03:56:44 AM,08/19/2020 03:56:55 AM,0.00,in,A
08/18/2020 03:59:34 PM,08/18/2020 03:59:55 PM,0.00,in,A
08/18/2020 04:02:24 AM,08/18/2020 04:02:55 AM,0.00,in,A
08/17/2020 04:08:05 AM,08/17/2020 04:08:25 AM,0.00,in,A
08/16/2020 04:10:55 PM,08/16/2020 04:11:25 PM,0.00,in,A
08/16/2020 04:13:44 AM,08/16/2020 04:13:55 AM,0.00,in,A
08/15/2020 04:16:35 PM,08/15/2020 04:16:55 PM,0.00,in,A
08/15/2020 04:19:25 AM,08/15/2020 04:19:55 AM,0.00,in,A
08/14/2020 04:22:15 PM,08/14/2020 04:22:25 PM,0.00,in,A
08/14/2020 04:25:05 AM,08/14/2020 04:25:25 AM,0.00,in,A
08/13/2020 04:27:55 PM,08/13/2020 04:28:25 PM,0.00,in,A
08/13/2020 04:30:45 AM,08/13/2020 04:30:55 AM,0.00,in,A
08/12/2020 04:33:36 PM,08/12/2020 04:33:55 PM,0.00,in,A
08/12/2020 04:36:26 AM,08/12/2020 04:36:55 AM,0.00,in,A
08/11/2020 04:39:17 PM,08/11/2020 04:39:25 PM,0.00,in,A
08/11/2020 04:42:07 AM,08/11/2020 04:42:25 AM,0.00,in,A
08/10/2020 04:44:57 PM,08/10/2020 04:45:25 PM,0.00,in,A
08/10/2020 04:47:47 AM,08/10/2020 04:47:55 AM,0.00,in,A
08/09/2020 04:50:37 PM,08/09/2020 04:50:55 PM,0.00,in,A
08/09/2020 10:02:21 AM,08/09/2020 10:02:25 AM,0.04,in,A
08/09/2020 09:56:47 AM,08/09/2020 09:56:55 AM,0.04,in,A
08/09/2020 09:54:13 AM,08/09/2020 09:54:25 AM,0.04,in,A
08/09/2020 09:48:54 AM,08/09/2020 09:49:25 AM,0.04,in,A
08/09/2020 09:45:40 AM,08/09/2020 09:45:55 AM,0.04,in,A
08/09/2020 09:43:32 AM,08/09/2020 09:43:55 AM,0.04,in,A
08/09/2020 09:42:04 AM,08/09/2020 09:42:25 AM,0.04,in,A
08/09/2020 09:35:51 AM,08/09/2020 09:35:55 AM,0.04,in,A
08/09/2020 09:34:21 AM,08/09/2020 09:34:25 AM,0.04,in,A
08/09/2020 04:53:27 AM,08/09/2020 04:53:55 AM,0.00,in,A
08/08/2020 04:56:16 PM,08/08/2020 04:56:25 PM,0.00,in,A
08/08/2020 04:59:06 AM,08/08/2020 04:59:25 AM,0.00,in,A
08/08/2020 04:56:38 AM,08/08/2020 04:56:55 AM,0.04,in,A
08/08/2020 04:04:18 AM,08/08/2020 04:04:25 AM,0.04,in,A
08/08/2020 03:53:14 AM,08/08/2020 03:53:25 AM,0.04,in,A
08/07/2020 05:01:55 PM,08/07/2020 05:02:25 PM,0.00,in,A
08/07/2020 05:04:45 AM,08/07/2020 05:04:55 AM,0.00,in,A
08/06/2020 05:07:35 PM,08/06/2020 05:07:55 PM,0.00,in,A
08/06/2020 05:10:26 AM,08/06/2020 05:10:55 AM,0.00,in,A
08/05/2020 05:13:16 PM,08/05/2020 05:13:25 PM,0.00,in,A
08/05/2020 05:16:07 AM,08/05/2020 05:16:25 AM,0.00,in,A
08/04/2020 05:18:59 PM,08/04/2020 05:19:25 PM,0.00,in,A
08/04/2020 05:21:50 AM,08/04/2020 05:21:55 AM,0.00,in,A
08/03/2020 05:24:40 PM,08/03/2020 05:24:55 PM,0.00,in,A
08/03/2020 05:27:30 AM,08/03/2020 05:27:55 AM,0.00,in,A
08/02/2020 05:30:20 PM,08/02/2020 05:30:25 PM,0.00,in,A
08/02/2020 05:33:09 AM,08/02/2020 05:33:25 AM,0.00,in,A
08/01/2020 05:36:00 PM,08/01/2020 05:36:25 PM,0.00,in,A
08/01/2020 05:38:50 AM,08/01/2020 05:38:55 AM,0.00,in,A
07/31/2020 05:41:41 PM,07/31/2020 05:41:55 PM,0.00,in,A
07/31/2020 12:03:24 PM,07/31/2020 12:03:25 PM,0.04,in,A
07/31/2020 05:58:54 AM,07/31/2020 05:58:55 AM,0.04,in,A
07/31/2020 05:44:31 AM,07/31/2020 05:44:55 AM,0.00,in,A
07/31/2020 05:26:21 AM,07/31/2020 05:26:25 AM,0.04,in,A
07/31/2020 04:53:25 AM,07/31/2020 04:53:55 AM,0.04,in,A
07/31/2020 04:32:57 AM,07/31/2020 04:33:25 AM,0.04,in,A
07/31/2020 04:17:53 AM,07/31/2020 04:17:56 AM,0.04,in,A
07/31/2020 03:58:50 AM,07/31/2020 03:58:55 AM,0.04,in,A
07/31/2020 03:41:16 AM,07/31/2020 03:41:25 AM,0.04,in,A
07/31/2020 03:27:33 AM,07/31/2020 03:27:55 AM,0.04,in,A
07/31/2020 03:11:51 AM,07/31/2020 03:12:01 AM,0.04,in,A
07/31/2020 02:57:55 AM,07/31/2020 02:58:25 AM,0.04,in,A
07/31/2020 02:31:00 AM,07/31/2020 02:31:25 AM,0.04,in,A
07/31/2020 02:15:14 AM,07/31/2020 02:15:25 AM,0.04,in,A
07/31/2020 02:05:28 AM,07/31/2020 02:05:55 AM,0.04,in,A
07/31/2020 01:54:34 AM,07/31/2020 01:54:55 AM,0.04,in,A
07/31/2020 01:47:16 AM,07/31/2020 01:47:25 AM,0.08,in,A
07/31/2020 01:20:43 AM,07/31/2020 01:20:55 AM,0.04,in,A
07/31/2020 01:03:16 AM,07/31/2020 01:03:25 AM,0.04,in,A
07/31/2020 12:36:48 AM,07/31/2020 12:36:55 AM,0.04,in,A
07/30/2020 06:53:39 PM,07/30/2020 06:53:55 PM,0.04,in,A
07/30/2020 06:08:05 PM,07/30/2020 06:08:51 PM,0.04,in,A
07/30/2020 05:49:12 PM,07/30/2020 05:49:25 PM,0.04,in,A
07/30/2020 05:47:22 PM,07/30/2020 05:47:25 PM,0.00,in,A
07/30/2020 05:40:02 PM,07/30/2020 05:40:25 PM,0.04,in,A
07/30/2020 05:29:09 PM,07/30/2020 05:29:25 PM,0.04,in,A
07/30/2020 05:19:31 PM,07/30/2020 05:19:57 PM,0.04,in,A
07/30/2020 05:10:53 PM,07/30/2020 05:12:42 PM,0.04,in,A
07/30/2020 05:04:39 PM,07/30/2020 05:04:55 PM,0.04,in,A
07/30/2020 04:55:41 PM,07/30/2020 04:55:55 PM,0.04,in,A
07/30/2020 04:46:19 PM,07/30/2020 04:46:25 PM,0.04,in,A
07/30/2020 04:33:41 PM,07/30/2020 04:33:55 PM,0.04,in,A
07/30/2020 04:21:02 PM,07/30/2020 04:21:25 PM,0.04,in,A
07/30/2020 03:53:54 PM,07/30/2020 03:53:55 PM,0.04,in,A
07/30/2020 05:50:12 AM,07/30/2020 05:50:25 AM,0.00,in,A
07/29/2020 10:30:00 PM,07/29/2020 10:30:25 PM,0.04,in,A
07/29/2020 09:19:14 PM,07/29/2020 09:20:39 PM,0.04,in,A
07/29/2020 08:41:36 PM,07/29/2020 08:41:55 PM,0.04,in,A
07/29/2020 08:33:02 PM,07/29/2020 08:35:27 PM,0.04,in,A
07/29/2020 08:14:30 PM,07/29/2020 08:15:48 PM,0.04,in,A
07/29/2020 08:02:18 PM,07/29/2020 08:06:40 PM,0.08,in,A
07/29/2020 07:53:01 PM,07/29/2020 07:56:10 PM,0.04,in,A
07/29/2020 07:50:18 PM,07/29/2020 07:50:26 PM,0.04,in,A
07/29/2020 07:48:27 PM,07/29/2020 07:49:43 PM,0.04,in,A
07/29/2020 07:43:17 PM,07/29/2020 07:46:05 PM,0.04,in,A
07/29/2020 07:27:31 PM,07/29/2020 07:28:25 PM,0.04,in,A
07/29/2020 07:25:30 PM,07/29/2020 07:26:42 PM,0.04,in,A
07/29/2020 07:23:49 PM,07/29/2020 07:23:55 PM,0.04,in,A
07/29/2020 07:21:19 PM,07/29/2020 07:22:31 PM,0.04,in,A
07/29/2020 07:19:44 PM,07/29/2020 07:20:48 PM,0.04,in,A
07/29/2020 07:18:36 PM,07/29/2020 07:18:55 PM,0.04,in,A
07/29/2020 07:17:03 PM,07/29/2020 07:17:25 PM,0.04,in,A
07/29/2020 07:15:40 PM,07/29/2020 07:15:55 PM,0.04,in,A
07/29/2020 07:14:07 PM,07/29/2020 07:14:47 PM,0.04,in,A
07/29/2020 07:12:46 PM,07/29/2020 07:12:55 PM,0.04,in,A
07/29/2020 07:11:03 PM,07/29/2020 07:11:25 PM,0.04,in,A
07/29/2020 07:09:38 PM,07/29/2020 07:09:55 PM,0.04,in,A
07/29/2020 07:08:27 PM,07/29/2020 07:08:55 PM,0.04,in,A
07/29/2020 07:07:02 PM,07/29/2020 07:07:25 PM,0.04,in,A
07/29/2020 07:05:43 PM,07/29/2020 07:05:55 PM,0.04,in,A
07/29/2020 07:05:05 PM,07/29/2020 07:05:25 PM,0.04,in,A
07/29/2020 07:03:43 PM,07/29/2020 07:03:55 PM,0.04,in,A
07/29/2020 07:02:47 PM,07/29/2020 07:03:48 PM,0.04,in,A
07/29/2020 05:53:03 PM,07/29/2020 05:53:25 PM,0.00,in,A
07/29/2020 04:34:37 PM,07/29/2020 04:34:55 PM,0.04,in,A
07/29/2020 02:09:31 PM,07/29/2020 02:09:55 PM,0.08,in,A
07/29/2020 12:59:22 PM,07/29/2020 12:59:25 PM,0.04,in,A
07/29/2020 12:57:01 PM,07/29/2020 12:57:25 PM,0.04,in,A
07/29/2020 12:54:48 PM,07/29/2020 12:54:55 PM,0.04,in,A
07/29/2020 11:49:05 AM,07/29/2020 11:49:25 AM,0.08,in,A
07/29/2020 05:55:52 AM,07/29/2020 05:55:55 AM,0.00,in,A
07/28/2020 05:58:43 PM,07/28/2020 05:58:55 PM,0.00,in,A
07/28/2020 06:01:33 AM,07/28/2020 06:01:55 AM,0.00,in,A
07/27/2020 06:04:23 PM,07/27/2020 06:04:25 PM,0.00,in,A
07/27/2020 08:00:05 AM,07/27/2020 08:00:25 AM,0.04,in,A
07/27/2020 07:50:57 AM,07/27/2020 07:51:25 AM,0.04,in,A
07/27/2020 07:48:07 AM,07/27/2020 07:48:25 AM,0.04,in,A
07/27/2020 07:45:22 AM,07/27/2020 07:45:25 AM,0.04,in,A
07/27/2020 07:39:47 AM,07/27/2020 07:39:55 AM,0.04,in,A
07/27/2020 07:30:24 AM,07/27/2020 07:30:25 AM,0.04,in,A
07/27/2020 07:23:06 AM,07/27/2020 07:23:25 AM,0.04,in,A
07/27/2020 06:52:56 AM,07/27/2020 06:53:25 AM,0.04,in,A
07/27/2020 06:09:53 AM,07/27/2020 06:09:55 AM,0.04,in,A
07/27/2020 06:07:13 AM,07/27/2020 06:07:25 AM,0.00,in,A
07/27/2020 06:05:28 AM,07/27/2020 06:05:55 AM,0.04,in,A
07/27/2020 06:01:28 AM,07/27/2020 06:01:55 AM,0.04,in,A
07/27/2020 05:59:18 AM,07/27/2020 05:59:25 AM,0.04,in,A
07/26/2020 06:10:04 PM,07/26/2020 06:10:25 PM,0.00,in,A
07/26/2020 06:12:55 AM,07/26/2020 06:13:25 AM,0.00,in,A
07/25/2020 06:15:45 PM,07/25/2020 06:15:55 PM,0.00,in,A
07/25/2020 06:18:34 AM,07/25/2020 06:18:55 AM,0.00,in,A
07/24/2020 06:21:24 PM,07/24/2020 06:21:25 PM,0.00,in,A
07/24/2020 06:24:14 AM,07/24/2020 06:24:25 AM,0.00,in,A
07/23/2020 06:27:04 PM,07/23/2020 06:27:25 PM,0.00,in,A
07/23/2020 06:29:54 AM,07/23/2020 06:29:55 AM,0.00,in,A
07/22/2020 06:32:44 PM,07/22/2020 06:32:55 PM,0.00,in,A
07/22/2020 06:35:34 AM,07/22/2020 06:35:55 AM,0.00,in,A
07/21/2020 06:38:24 PM,07/21/2020 06:38:25 PM,0.00,in,A
07/21/2020 09:59:36 AM,07/21/2020 09:59:55 AM,0.04,in,A
07/21/2020 07:22:11 AM,07/21/2020 07:22:25 AM,0.04,in,A
07/21/2020 07:20:55 AM,07/21/2020 07:21:25 AM,0.04,in,A
07/21/2020 07:19:46 AM,07/21/2020 07:19:55 AM,0.04,in,A
07/21/2020 06:41:13 AM,07/21/2020 06:41:25 AM,0.00,in,A
07/21/2020 01:39:23 AM,07/21/2020 01:39:25 AM,0.04,in,A
07/21/2020 01:32:00 AM,07/21/2020 01:32:25 AM,0.04,in,A
07/21/2020 01:29:45 AM,07/21/2020 01:29:55 AM,0.04,in,A
07/20/2020 06:44:03 PM,07/20/2020 06:44:25 PM,0.00,in,A
07/20/2020 05:31:45 PM,07/20/2020 05:31:55 PM,0.04,in,A
07/20/2020 09:10:11 AM,07/20/2020 09:10:25 AM,0.04,in,A
07/20/2020 09:03:08 AM,07/20/2020 09:03:25 AM,0.04,in,A
07/20/2020 09:01:46 AM,07/20/2020 09:01:56 AM,0.04,in,A
07/20/2020 08:59:38 AM,07/20/2020 08:59:56 AM,0.04,in,A
07/20/2020 06:46:53 AM,07/20/2020 06:46:55 AM,0.00,in,A
07/19/2020 07:48:50 PM,07/19/2020 07:48:55 PM,0.04,in,A
07/19/2020 07:46:03 PM,07/19/2020 07:46:25 PM,0.04,in,A
07/19/2020 06:49:43 PM,07/19/2020 06:49:55 PM,0.00,in,A
07/19/2020 05:12:17 PM,07/19/2020 05:12:25 PM,0.04,in,A
07/19/2020 05:11:15 PM,07/19/2020 05:11:25 PM,0.04,in,A
07/19/2020 05:10:29 PM,07/19/2020 05:10:55 PM,0.04,in,A
07/19/2020 05:09:55 PM,07/19/2020 05:10:25 PM,0.04,in,A
07/19/2020 05:08:55 PM,07/19/2020 05:09:25 PM,0.04,in,A
07/19/2020 05:07:48 PM,07/19/2020 05:07:55 PM,0.04,in,A
07/19/2020 05:06:41 PM,07/19/2020 05:06:55 PM,0.04,in,A
07/19/2020 05:05:45 PM,07/19/2020 05:05:55 PM,0.04,in,A
07/19/2020 04:46:21 PM,07/19/2020 04:46:25 PM,0.04,in,A
07/19/2020 06:52:33 AM,07/19/2020 06:52:55 AM,0.00,in,A
07/18/2020 06:55:24 PM,07/18/2020 06:55:25 PM,0.00,in,A
07/18/2020 06:58:13 AM,07/18/2020 06:58:25 AM,0.00,in,A
07/17/2020 07:01:04 PM,07/17/2020 07:01:25 PM,0.00,in,A
07/17/2020 07:03:54 AM,07/17/2020 07:03:55 AM,0.00,in,A
07/16/2020 07:06:44 PM,07/16/2020 07:06:55 PM,0.00,in,A
07/16/2020 07:09:34 AM,07/16/2020 07:09:55 AM,0.00,in,A
07/15/2020 07:12:24 PM,07/15/2020 07:12:55 PM,0.00,in,A
07/15/2020 12:17:10 PM,07/15/2020 12:17:25 PM,0.04,in,A
07/15/2020 12:08:16 PM,07/15/2020 12:08:25 PM,0.04,in,A
07/15/2020 11:53:48 AM,07/15/2020 11:54:54 AM,0.04,in,A
07/15/2020 11:23:20 AM,07/15/2020 11:23:26 AM,0.04,in,A
07/15/2020 11:21:07 AM,07/15/2020 11:21:25 AM,0.04,in,A
07/15/2020 11:20:03 AM,07/15/2020 11:20:25 AM,0.04,in,A
07/15/2020 11:19:13 AM,07/15/2020 11:19:25 AM,0.08,in,A
07/15/2020 11:17:14 AM,07/15/2020 11:17:25 AM,0.04,in,A
07/15/2020 11:12:45 AM,07/15/2020 11:12:55 AM,0.04,in,A
07/15/2020 11:06:26 AM,07/15/2020 11:06:55 AM,0.04,in,A
07/15/2020 10:37:49 AM,07/15/2020 10:37:55 AM,0.04,in,A
07/15/2020 10:28:19 AM,07/15/2020 10:28:26 AM,0.04,in,A
07/15/2020 09:58:01 AM,07/15/2020 09:58:26 AM,0.04,in,A
07/15/2020 09:11:55 AM,07/15/2020 09:12:25 AM,0.04,in,A
07/15/2020 08:18:09 AM,07/15/2020 08:18:25 AM,0.04,in,A
07/15/2020 07:15:14 AM,07/15/2020 07:15:25 AM,0.00,in,A
07/14/2020 07:18:04 PM,07/14/2020 07:18:25 PM,0.00,in,A
07/14/2020 07:20:54 AM,07/14/2020 07:20:55 AM,0.00,in,A
07/13/2020 07:23:45 PM,07/13/2020 07:23:55 PM,0.00,in,A
07/13/2020 07:26:34 AM,07/13/2020 07:26:55 AM,0.00,in,A
07/12/2020 07:29:25 PM,07/12/2020 07:29:57 PM,0.00,in,A
07/12/2020 07:32:16 AM,07/12/2020 07:32:25 AM,0.00,in,A
07/11/2020 07:35:06 PM,07/11/2020 07:35:25 PM,0.00,in,A
07/11/2020 07:37:56 AM,07/11/2020 07:38:25 AM,0.00,in,A
07/10/2020 07:40:47 PM,07/10/2020 07:40:55 PM,0.00,in,A
07/10/2020 07:43:37 AM,07/10/2020 07:43:55 AM,0.00,in,A
07/09/2020 07:46:28 PM,07/09/2020 07:46:55 PM,0.00,in,A
07/09/2020 07:49:18 AM,07/09/2020 07:49:25 AM,0.00,in,A
07/09/2020 07:21:49 AM,07/09/2020 07:21:55 AM,0.04,in,A
07/08/2020 07:52:08 PM,07/08/2020 07:52:25 PM,0.00,in,A
07/08/2020 07:54:58 AM,07/08/2020 07:55:25 AM,0.00,in,A
07/07/2020 07:57:47 PM,07/07/2020 07:57:55 PM,0.00,in,A
07/07/2020 08:00:37 AM,07/07/2020 08:00:55 AM,0.00,in,A
07/06/2020 08:03:28 PM,07/06/2020 08:03:55 PM,0.00,in,A
07/06/2020 08:06:19 AM,07/06/2020 08:06:25 AM,0.00,in,A
07/05/2020 08:09:10 PM,07/05/2020 08:09:25 PM,0.00,in,A
07/04/2020 08:14:50 PM,07/04/2020 08:14:55 PM,0.00,in,A
07/04/2020 08:17:40 AM,07/04/2020 08:17:57 AM,0.00,in,A
07/03/2020 08:20:29 PM,07/03/2020 08:20:55 PM,0.00,in,A
07/03/2020 05:17:09 PM,07/03/2020 05:19:28 PM,0.04,in,A
07/03/2020 08:23:19 AM,07/03/2020 08:23:25 AM,0.00,in,A
07/02/2020 08:26:09 PM,07/02/2020 08:26:25 PM,0.00,in,A
07/02/2020 08:29:00 AM,07/02/2020 08:29:25 AM,0.00,in,A
07/01/2020 08:31:50 PM,07/01/2020 08:31:55 PM,0.00,in,A
07/01/2020 08:34:40 AM,07/01/2020 08:34:55 AM,0.04,in,A
07/01/2020 06:11:54 AM,07/01/2020 06:11:56 AM,0.04,in,A
07/01/2020 06:03:58 AM,07/01/2020 06:04:26 AM,0.04,in,A
07/01/2020 06:00:29 AM,07/01/2020 06:00:56 AM,0.04,in,A
07/01/2020 05:58:56 AM,07/01/2020 05:59:26 AM,0.04,in,A
07/01/2020 05:56:44 AM,07/01/2020 05:56:56 AM,0.04,in,A
07/01/2020 04:48:42 AM,07/01/2020 04:48:55 AM,0.04,in,A
06/30/2020 08:37:30 PM,06/30/2020 08:37:55 PM,0.00,in,A
06/30/2020 08:40:20 AM,06/30/2020 08:40:25 AM,0.00,in,A
06/29/2020 08:43:10 PM,06/29/2020 08:43:25 PM,0.00,in,A
06/29/2020 08:45:59 AM,06/29/2020 08:46:25 AM,0.00,in,A
06/28/2020 08:48:49 PM,06/28/2020 08:48:55 PM,0.00,in,A
06/28/2020 08:51:40 AM,06/28/2020 08:51:55 AM,0.00,in,A
06/27/2020 08:54:31 PM,06/27/2020 08:54:55 PM,0.00,in,A
06/27/2020 09:07:39 AM,06/27/2020 09:07:57 AM,0.04,in,A
06/27/2020 08:57:22 AM,06/27/2020 08:58:45 AM,0.00,in,A
06/27/2020 07:50:18 AM,06/27/2020 07:50:25 AM,0.04,in,A
06/27/2020 07:36:27 AM,06/27/2020 07:36:55 AM,0.04,in,A
06/27/2020 07:16:46 AM,06/27/2020 07:16:55 AM,0.04,in,A
06/27/2020 06:59:28 AM,06/27/2020 06:59:55 AM,0.04,in,A
06/27/2020 06:43:10 AM,06/27/2020 06:43:25 AM,0.04,in,A
06/27/2020 05:36:43 AM,06/27/2020 05:36:55 AM,0.04,in,A
06/27/2020 05:08:57 AM,06/27/2020 05:09:25 AM,0.04,in,A
06/27/2020 05:00:33 AM,06/27/2020 05:00:58 AM,0.04,in,A
06/27/2020 04:51:56 AM,06/27/2020 04:52:25 AM,0.04,in,A
06/27/2020 04:42:21 AM,06/27/2020 04:42:25 AM,0.04,in,A
06/27/2020 04:38:39 AM,06/27/2020 04:38:55 AM,0.08,in,A
06/27/2020 04:22:44 AM,06/27/2020 04:22:55 AM,0.04,in,A
06/27/2020 04:15:47 AM,06/27/2020 04:15:55 AM,0.04,in,A
06/27/2020 04:11:47 AM,06/27/2020 04:11:55 AM,0.04,in,A
06/27/2020 04:09:18 AM,06/27/2020 04:09:26 AM,0.04,in,A
06/27/2020 04:08:01 AM,06/27/2020 04:08:25 AM,0.04,in,A
06/27/2020 04:06:52 AM,06/27/2020 04:06:56 AM,0.04,in,A
06/27/2020 04:05:43 AM,06/27/2020 04:05:55 AM,0.04,in,A
06/27/2020 04:03:46 AM,06/27/2020 04:03:55 AM,0.04,in,A
06/27/2020 04:02:15 AM,06/27/2020 04:02:25 AM,0.04,in,A
06/27/2020 04:00:39 AM,06/27/2020 04:00:55 AM,0.04,in,A
06/27/2020 03:57:20 AM,06/27/2020 03:57:25 AM,0.04,in,A
06/27/2020 03:55:14 AM,06/27/2020 03:55:25 AM,0.04,in,A
06/27/2020 03:53:48 AM,06/27/2020 03:53:55 AM,0.04,in,A
06/27/2020 03:52:28 AM,06/27/2020 03:52:55 AM,0.04,in,A
06/27/2020 03:45:58 AM,06/27/2020 03:46:25 AM,0.04,in,A
06/27/2020 03:41:35 AM,06/27/2020 03:41:55 AM,0.04,in,A
06/26/2020 09:00:13 PM,06/26/2020 09:00:25 PM,0.00,in,A
06/26/2020 09:03:03 AM,06/26/2020 09:03:25 AM,0.00,in,A
06/25/2020 09:05:53 PM,06/25/2020 09:05:55 PM,0.00,in,A
06/25/2020 09:08:43 AM,06/25/2020 09:08:55 AM,0.00,in,A
06/25/2020 06:52:38 AM,06/25/2020 06:52:55 AM,0.04,in,A
06/25/2020 05:18:58 AM,06/25/2020 05:19:25 AM,0.04,in,A
06/25/2020 05:15:06 AM,06/25/2020 05:15:25 AM,0.04,in,A
06/25/2020 05:13:44 AM,06/25/2020 05:13:55 AM,0.04,in,A
06/25/2020 05:12:11 AM,06/25/2020 05:12:25 AM,0.04,in,A
06/25/2020 05:10:47 AM,06/25/2020 05:10:55 AM,0.04,in,A
06/25/2020 04:55:17 AM,06/25/2020 04:55:25 AM,0.04,in,A
06/25/2020 04:53:01 AM,06/25/2020 04:53:25 AM,0.04,in,A
06/25/2020 04:50:24 AM,06/25/2020 04:50:25 AM,0.04,in,A
06/25/2020 04:47:19 AM,06/25/2020 04:47:25 AM,0.04,in,A
06/24/2020 09:11:33 PM,06/24/2020 09:11:55 PM,0.00,in,A
06/24/2020 09:14:23 AM,06/24/2020 09:14:25 AM,0.00,in,A
06/23/2020 09:17:14 PM,06/23/2020 09:17:25 PM,0.00,in,A
06/23/2020 09:20:03 AM,06/23/2020 09:20:25 AM,0.00,in,A
06/22/2020 09:22:54 PM,06/22/2020 09:23:25 PM,0.00,in,A
06/22/2020 09:25:44 AM,06/22/2020 09:25:55 AM,0.00,in,A
06/21/2020 09:28:34 PM,06/21/2020 09:28:55 PM,0.00,in,A
06/21/2020 09:31:23 AM,06/21/2020 09:31:25 AM,0.00,in,A
06/20/2020 09:34:13 PM,06/20/2020 09:34:25 PM,0.00,in,A
06/20/2020 09:37:03 AM,06/20/2020 09:37:25 AM,0.00,in,A
06/19/2020 09:39:53 PM,06/19/2020 09:39:55 PM,0.00,in,A
06/19/2020 12:12:37 PM,06/19/2020 12:12:55 PM,0.04,in,A
06/19/2020 11:57:56 AM,06/19/2020 11:58:25 AM,0.04,in,A
06/19/2020 09:42:43 AM,06/19/2020 09:42:55 AM,0.00,in,A
06/19/2020 08:22:04 AM,06/19/2020 08:22:25 AM,0.04,in,A
06/19/2020 08:05:00 AM,06/19/2020 08:05:25 AM,0.04,in,A
06/18/2020 09:45:32 PM,06/18/2020 09:45:55 PM,0.00,in,A
06/18/2020 09:48:23 AM,06/18/2020 09:48:26 AM,0.00,in,A
06/17/2020 09:51:12 PM,06/17/2020 09:51:25 PM,0.00,in,A
06/17/2020 09:54:03 AM,06/17/2020 09:54:25 AM,0.00,in,A
06/16/2020 09:56:53 PM,06/16/2020 09:56:55 PM,0.00,in,A
06/16/2020 09:59:43 AM,06/16/2020 09:59:55 AM,0.00,in,A
06/15/2020 10:02:33 PM,06/15/2020 10:02:55 PM,0.00,in,A
06/15/2020 10:05:24 AM,06/15/2020 10:05:25 AM,0.00,in,A
06/14/2020 10:08:14 PM,06/14/2020 10:08:25 PM,0.00,in,A
06/14/2020 10:11:05 AM,06/14/2020 10:11:25 AM,0.00,in,A
06/13/2020 10:13:56 PM,06/13/2020 10:14:25 PM,0.00,in,A
06/13/2020 10:16:46 AM,06/13/2020 10:16:55 AM,0.00,in,A
06/12/2020 10:19:35 PM,06/12/2020 10:19:55 PM,0.00,in,A
06/12/2020 10:22:26 AM,06/12/2020 10:22:55 AM,0.00,in,A
06/11/2020 10:25:15 PM,06/11/2020 10:25:25 PM,0.00,in,A
06/11/2020 10:28:07 AM,06/11/2020 10:28:25 AM,0.00,in,A
06/10/2020 10:30:56 PM,06/10/2020 10:31:25 PM,0.00,in,A
06/10/2020 10:33:47 AM,06/10/2020 10:33:55 AM,0.00,in,A
06/09/2020 10:36:37 PM,06/09/2020 10:36:55 PM,0.00,in,A
06/09/2020 10:39:27 AM,06/09/2020 10:39:55 AM,0.00,in,A
06/08/2020 10:42:18 PM,06/08/2020 10:42:25 PM,0.00,in,A
06/08/2020 10:45:10 AM,06/08/2020 10:45:25 AM,0.00,in,A
06/07/2020 10:48:01 PM,06/07/2020 10:48:25 PM,0.00,in,A
06/07/2020 10:50:52 AM,06/07/2020 10:50:55 AM,0.00,in,A
06/06/2020 10:53:43 PM,06/06/2020 10:53:55 PM,0.00,in,A
06/06/2020 10:56:34 AM,06/06/2020 10:56:55 AM,0.00,in,A
06/05/2020 10:59:24 PM,06/05/2020 10:59:25 PM,0.00,in,A
06/05/2020 11:02:15 AM,06/05/2020 11:02:25 AM,0.00,in,A
06/05/2020 05:34:33 AM,06/05/2020 05:35:41 AM,0.04,in,A
06/05/2020 04:29:53 AM,06/05/2020 04:29:55 AM,0.04,in,A
06/05/2020 04:17:01 AM,06/05/2020 04:17:25 AM,0.04,in,A
06/05/2020 04:12:57 AM,06/05/2020 04:13:25 AM,0.04,in,A
06/05/2020 04:10:10 AM,06/05/2020 04:10:26 AM,0.04,in,A
06/05/2020 04:07:24 AM,06/05/2020 04:07:25 AM,0.04,in,A
06/04/2020 11:05:05 PM,06/04/2020 11:05:25 PM,0.00,in,A
06/04/2020 11:07:55 AM,06/04/2020 11:08:25 AM,0.00,in,A
06/04/2020 04:26:31 AM,06/04/2020 04:26:55 AM,0.04,in,A
06/04/2020 04:14:08 AM,06/04/2020 04:14:25 AM,0.04,in,A
06/04/2020 04:06:37 AM,06/04/2020 04:06:55 AM,0.04,in,A
06/04/2020 03:58:16 AM,06/04/2020 03:58:25 AM,0.04,in,A
06/04/2020 03:47:58 AM,06/04/2020 03:48:25 AM,0.04,in,A
06/04/2020 03:37:42 AM,06/04/2020 03:37:55 AM,0.04,in,A
06/04/2020 03:28:57 AM,06/04/2020 03:29:25 AM,0.04,in,A
06/04/2020 03:22:31 AM,06/04/2020 03:22:55 AM,0.04,in,A
06/04/2020 03:11:05 AM,06/04/2020 03:11:25 AM,0.04,in,A
06/04/2020 02:35:57 AM,06/04/2020 02:36:25 AM,0.04,in,A
06/04/2020 02:31:22 AM,06/04/2020 02:31:25 AM,0.04,in,A
06/04/2020 02:29:13 AM,06/04/2020 02:29:25 AM,0.04,in,A
06/04/2020 02:27:03 AM,06/04/2020 02:27:25 AM,0.04,in,A
06/04/2020 02:24:58 AM,06/04/2020 02:25:25 AM,0.04,in,A
06/04/2020 02:22:56 AM,06/04/2020 02:23:25 AM,0.04,in,A
06/04/2020 02:21:30 AM,06/04/2020 02:21:55 AM,0.04,in,A
06/04/2020 02:20:43 AM,06/04/2020 02:20:55 AM,0.04,in,A
06/03/2020 11:10:45 PM,06/03/2020 11:10:55 PM,0.00,in,A
06/03/2020 11:13:37 AM,06/03/2020 11:13:55 AM,0.00,in,A
06/02/2020 11:16:26 PM,06/02/2020 11:16:55 PM,0.00,in,A
06/02/2020 11:19:16 AM,06/02/2020 11:19:25 AM,0.00,in,A
06/01/2020 11:22:07 PM,06/01/2020 11:22:25 PM,0.00,in,A
06/01/2020 11:24:56 AM,06/01/2020 11:25:25 AM,0.00,in,A
05/31/2020 11:27:46 PM,05/31/2020 11:27:55 PM,0.00,in,A
05/31/2020 11:30:36 AM,05/31/2020 11:30:55 AM,0.00,in,A
05/30/2020 11:33:27 PM,05/30/2020 11:33:55 PM,0.00,in,A
05/30/2020 11:36:16 AM,05/30/2020 11:36:25 AM,0.00,in,A
05/29/2020 11:39:07 PM,05/29/2020 11:39:25 PM,0.00,in,A
05/29/2020 11:41:56 AM,05/29/2020 11:42:25 AM,0.00,in,A
05/29/2020 03:46:46 AM,05/29/2020 03:46:55 AM,0.04,in,A
05/28/2020 03:23:16 PM,05/28/2020 03:26:03 PM,0.04,in,A
05/28/2020 03:13:11 PM,05/28/2020 03:14:56 PM,0.04,in,A
05/28/2020 03:08:11 PM,05/28/2020 03:10:08 PM,0.04,in,A
05/28/2020 03:04:20 PM,05/28/2020 03:04:40 PM,0.04,in,A
05/28/2020 03:02:26 PM,05/28/2020 03:02:55 PM,0.04,in,A
05/28/2020 02:59:45 PM,05/28/2020 02:59:55 PM,0.04,in,A
05/28/2020 02:56:47 PM,05/28/2020 02:56:56 PM,0.04,in,A
05/28/2020 02:49:31 PM,05/28/2020 02:50:38 PM,0.04,in,A
05/28/2020 02:35:52 PM,05/28/2020 02:35:55 PM,0.08,in,A
05/28/2020 02:15:31 PM,05/28/2020 02:17:19 PM,0.04,in,A
05/28/2020 02:10:24 PM,05/28/2020 02:12:26 PM,0.04,in,A
05/28/2020 02:09:24 PM,05/28/2020 02:10:51 PM,0.04,in,A
05/28/2020 02:08:19 PM,05/28/2020 02:10:46 PM,0.08,in,A
05/28/2020 02:06:04 PM,05/28/2020 02:08:59 PM,0.04,in,A
05/28/2020 02:04:42 PM,05/28/2020 02:07:16 PM,0.04,in,A
05/28/2020 02:03:45 PM,05/28/2020 02:04:07 PM,0.08,in,A
05/28/2020 02:00:05 PM,05/28/2020 02:02:08 PM,0.12,in,A
05/28/2020 01:54:07 PM,05/28/2020 01:56:48 PM,0.04,in,A
05/28/2020 01:51:21 PM,05/28/2020 01:53:32 PM,0.04,in,A
05/28/2020 01:48:51 PM,05/28/2020 01:50:19 PM,0.04,in,A
05/28/2020 01:47:49 PM,05/28/2020 01:48:44 PM,0.04,in,A
05/28/2020 01:46:48 PM,05/28/2020 01:46:56 PM,0.04,in,A
05/28/2020 01:45:14 PM,05/28/2020 01:45:39 PM,0.08,in,A
05/28/2020 01:42:01 PM,05/28/2020 01:42:35 PM,0.04,in,A
05/28/2020 01:32:32 PM,05/28/2020 01:32:56 PM,0.04,in,A
05/28/2020 01:23:10 PM,05/28/2020 01:23:25 PM,0.04,in,A
05/28/2020 01:20:21 PM,05/28/2020 01:20:25 PM,0.04,in,A
05/28/2020 01:18:15 PM,05/28/2020 01:19:38 PM,0.04,in,A
05/28/2020 01:16:07 PM,05/28/2020 01:17:38 PM,0.04,in,A
05/28/2020 01:12:14 PM,05/28/2020 01:13:42 PM,0.08,in,A
05/28/2020 01:10:00 PM,05/28/2020 01:11:29 PM,0.04,in,A
05/28/2020 01:05:07 PM,05/28/2020 01:07:01 PM,0.04,in,A
05/28/2020 01:01:35 PM,05/28/2020 01:03:54 PM,0.04,in,A
05/28/2020 12:58:47 PM,05/28/2020 01:00:45 PM,0.04,in,A
05/28/2020 12:53:52 PM,05/28/2020 12:57:32 PM,0.04,in,A
05/28/2020 12:51:27 PM,05/28/2020 12:55:57 PM,0.04,in,A
05/28/2020 12:50:09 PM,05/28/2020 12:54:29 PM,0.04,in,A
05/28/2020 12:49:17 PM,05/28/2020 12:52:53 PM,0.04,in,A
05/28/2020 12:47:45 PM,05/28/2020 12:52:51 PM,0.04,in,A
05/28/2020 12:46:22 PM,05/28/2020 12:52:49 PM,0.04,in,A
05/28/2020 12:45:27 PM,05/28/2020 12:49:54 PM,0.04,in,A
05/28/2020 12:44:39 PM,05/28/2020 12:48:13 PM,0.04,in,A
05/28/2020 12:43:17 PM,05/28/2020 12:48:07 PM,0.04,in,A
05/28/2020 12:42:11 PM,05/28/2020 12:46:36 PM,0.04,in,A
05/28/2020 12:41:13 PM,05/28/2020 12:46:33 PM,0.04,in,A
05/28/2020 12:40:17 PM,05/28/2020 12:45:05 PM,0.04,in,A
05/28/2020 12:39:10 PM,05/28/2020 12:43:26 PM,0.04,in,A
05/28/2020 12:38:13 PM,05/28/2020 12:43:21 PM,0.04,in,A
05/28/2020 12:37:19 PM,05/28/2020 12:40:26 PM,0.04,in,A
05/28/2020 12:36:03 PM,05/28/2020 12:38:47 PM,0.04,in,A
05/28/2020 12:23:01 PM,05/28/2020 12:23:49 PM,0.04,in,A
05/28/2020 12:11:35 PM,05/28/2020 12:12:37 PM,0.04,in,A
05/28/2020 12:09:42 PM,05/28/2020 12:09:55 PM,0.04,in,A
05/28/2020 12:08:31 PM,05/28/2020 12:08:55 PM,0.04,in,A
05/28/2020 12:07:32 PM,05/28/2020 12:08:37 PM,0.04,in,A
05/28/2020 12:03:53 PM,05/28/2020 12:03:55 PM,0.04,in,A
05/28/2020 12:00:29 PM,05/28/2020 12:00:55 PM,0.04,in,A
05/28/2020 11:58:02 AM,05/28/2020 11:58:25 AM,0.04,in,A
05/28/2020 11:55:18 AM,05/28/2020 11:55:25 AM,0.04,in,A
05/28/2020 11:53:01 AM,05/28/2020 11:53:25 AM,0.04,in,A
05/28/2020 11:48:10 AM,05/28/2020 11:48:26 AM,0.04,in,A
05/28/2020 11:47:38 AM,05/28/2020 11:47:55 AM,0.00,in,A
05/28/2020 11:25:42 AM,05/28/2020 11:25:55 AM,0.08,in,A
05/28/2020 11:09:17 AM,05/28/2020 11:09:25 AM,0.04,in,A
05/28/2020 11:00:55 AM,05/28/2020 11:01:25 AM,0.04,in,A
05/28/2020 10:51:16 AM,05/28/2020 10:51:26 AM,0.04,in,A
05/28/2020 10:40:38 AM,05/28/2020 10:40:55 AM,0.04,in,A
05/28/2020 10:27:18 AM,05/28/2020 10:27:41 AM,0.08,in,A
05/28/2020 10:09:24 AM,05/28/2020 10:09:25 AM,0.04,in,A
05/28/2020 10:02:47 AM,05/28/2020 10:02:55 AM,0.04,in,A
05/28/2020 09:56:30 AM,05/28/2020 09:56:55 AM,0.04,in,A
05/28/2020 09:50:39 AM,05/28/2020 09:50:55 AM,0.04,in,A
05/28/2020 09:41:46 AM,05/28/2020 09:41:55 AM,0.04,in,A
05/28/2020 09:33:33 AM,05/28/2020 09:33:55 AM,0.04,in,A
05/28/2020 09:27:07 AM,05/28/2020 09:27:25 AM,0.08,in,A
05/28/2020 09:13:24 AM,05/28/2020 09:13:25 AM,0.04,in,A
05/28/2020 09:04:06 AM,05/28/2020 09:04:25 AM,0.04,in,A
05/28/2020 08:54:58 AM,05/28/2020 08:55:25 AM,0.04,in,A
05/28/2020 08:43:31 AM,05/28/2020 08:43:55 AM,0.04,in,A
05/28/2020 08:35:04 AM,05/28/2020 08:35:25 AM,0.04,in,A
05/28/2020 08:16:17 AM,05/28/2020 08:16:25 AM,0.04,in,A
05/27/2020 11:50:28 PM,05/27/2020 11:50:55 PM,0.00,in,A
05/27/2020 11:46:21 PM,05/27/2020 11:46:25 PM,0.04,in,A
05/27/2020 11:26:45 PM,05/27/2020 11:26:55 PM,0.04,in,A
05/27/2020 11:11:51 PM,05/27/2020 11:11:55 PM,0.04,in,A
05/27/2020 11:00:37 PM,05/27/2020 11:00:55 PM,0.04,in,A
05/27/2020 10:57:42 PM,05/27/2020 10:57:55 PM,0.04,in,A
05/27/2020 10:54:40 PM,05/27/2020 10:54:55 PM,0.04,in,A
05/27/2020 10:52:01 PM,05/27/2020 10:52:25 PM,0.04,in,A
05/27/2020 10:48:57 PM,05/27/2020 10:49:25 PM,0.04,in,A
05/27/2020 10:40:59 PM,05/27/2020 10:41:25 PM,0.04,in,A
05/27/2020 10:34:35 PM,05/27/2020 10:34:55 PM,0.04,in,A
05/27/2020 10:28:15 PM,05/27/2020 10:28:25 PM,0.04,in,A
05/27/2020 10:22:33 PM,05/27/2020 10:22:55 PM,0.04,in,A
05/27/2020 10:15:16 PM,05/27/2020 10:15:25 PM,0.08,in,A
05/27/2020 09:44:04 PM,05/27/2020 09:44:25 PM,0.08,in,A
05/27/2020 09:22:40 PM,05/27/2020 09:22:55 PM,0.08,in,A
05/27/2020 11:53:19 AM,05/27/2020 11:53:25 AM,0.00,in,A
05/26/2020 11:56:09 PM,05/26/2020 11:56:25 PM,0.00,in,A
05/26/2020 03:58:37 PM,05/26/2020 03:58:55 PM,0.04,in,A
05/26/2020 11:59:00 AM,05/26/2020 11:59:25 AM,0.00,in,A
05/26/2020 09:41:08 AM,05/26/2020 09:41:25 AM,0.04,in,A
05/26/2020 04:37:57 AM,05/26/2020 04:38:25 AM,0.08,in,A
05/26/2020 04:33:57 AM,05/26/2020 04:34:25 AM,0.04,in,A
05/26/2020 03:55:29 AM,05/26/2020 03:57:09 AM,0.04,in,A
05/26/2020 02:50:41 AM,05/26/2020 02:50:56 AM,0.04,in,A
05/26/2020 02:33:57 AM,05/26/2020 02:34:26 AM,0.04,in,A
05/26/2020 02:26:26 AM,05/26/2020 02:26:55 AM,0.04,in,A
05/26/2020 02:18:33 AM,05/26/2020 02:18:55 AM,0.04,in,A
05/26/2020 02:08:36 AM,05/26/2020 02:08:55 AM,0.04,in,A
05/26/2020 02:01:59 AM,05/26/2020 02:02:25 AM,0.04,in,A
05/26/2020 01:56:41 AM,05/26/2020 01:56:55 AM,0.04,in,A
05/26/2020 01:44:28 AM,05/26/2020 01:44:55 AM,0.04,in,A
05/26/2020 01:34:40 AM,05/26/2020 01:34:55 AM,0.04,in,A
05/26/2020 01:33:01 AM,05/26/2020 01:33:25 AM,0.04,in,A
05/26/2020 01:32:16 AM,05/26/2020 01:32:25 AM,0.04,in,A
05/26/2020 01:31:32 AM,05/26/2020 01:31:55 AM,0.04,in,A
05/26/2020 01:30:51 AM,05/26/2020 01:30:55 AM,0.04,in,A
05/26/2020 01:27:27 AM,05/26/2020 01:27:55 AM,0.04,in,A
05/26/2020 12:01:50 AM,05/26/2020 12:01:55 AM,0.00,in,A
05/25/2020 12:04:40 PM,05/25/2020 12:04:55 PM,0.00,in,A
05/25/2020 12:07:29 AM,05/25/2020 12:07:55 AM,0.00,in,A
05/24/2020 12:10:19 PM,05/24/2020 12:10:25 PM,0.00,in,A
05/24/2020 12:13:09 AM,05/24/2020 12:13:25 AM,0.00,in,A
05/23/2020 12:15:58 PM,05/23/2020 12:16:25 PM,0.00,in,A
05/23/2020 12:18:48 AM,05/23/2020 12:18:55 AM,0.00,in,A
05/22/2020 12:21:38 PM,05/22/2020 12:21:55 PM,0.00,in,A
05/22/2020 11:27:42 AM,05/22/2020 11:27:55 AM,0.04,in,A
05/22/2020 11:19:31 AM,05/22/2020 11:19:55 AM,0.04,in,A
05/22/2020 11:08:03 AM,05/22/2020 11:08:25 AM,0.04,in,A
05/22/2020 10:45:51 AM,05/22/2020 10:45:55 AM,0.04,in,A
05/22/2020 10:30:14 AM,05/22/2020 10:30:25 AM,0.04,in,A
05/22/2020 10:16:09 AM,05/22/2020 10:16:25 AM,0.04,in,A
05/22/2020 10:04:06 AM,05/22/2020 10:04:25 AM,0.04,in,A
05/22/2020 09:56:09 AM,05/22/2020 09:56:25 AM,0.04,in,A
05/22/2020 03:38:34 AM,05/22/2020 03:40:10 AM,0.04,in,A
05/22/2020 12:24:27 AM,05/22/2020 12:24:55 AM,0.00,in,A
05/21/2020 12:27:18 PM,05/21/2020 12:27:25 PM,0.00,in,A
05/21/2020 12:30:07 AM,05/21/2020 12:30:25 AM,0.00,in,A
05/20/2020 12:32:57 PM,05/20/2020 12:33:25 PM,0.00,in,A
05/20/2020 12:35:46 AM,05/20/2020 12:35:55 AM,0.00,in,A
05/19/2020 12:38:36 PM,05/19/2020 12:38:55 PM,0.00,in,A
05/19/2020 12:41:26 AM,05/19/2020 12:41:55 AM,0.00,in,A
05/18/2020 12:44:15 PM,05/18/2020 12:44:25 PM,0.00,in,A
05/18/2020 12:47:05 AM,05/18/2020 12:47:25 AM,0.00,in,A
05/17/2020 12:49:56 PM,05/17/2020 12:50:25 PM,0.00,in,A
05/17/2020 12:52:45 AM,05/17/2020 12:52:55 AM,0.00,in,A
05/16/2020 12:55:36 PM,05/16/2020 12:55:55 PM,0.00,in,A
05/16/2020 12:58:25 AM,05/16/2020 12:58:55 AM,0.00,in,A
05/15/2020 01:01:15 PM,05/15/2020 01:01:25 PM,0.00,in,A
05/15/2020 01:04:04 AM,05/15/2020 01:04:25 AM,0.00,in,A
05/15/2020 12:19:09 AM,05/15/2020 12:19:25 AM,0.04,in,A
05/14/2020 11:57:59 PM,05/14/2020 11:58:25 PM,0.04,in,A
05/14/2020 11:53:16 PM,05/14/2020 11:53:25 PM,0.04,in,A
05/14/2020 11:52:15 PM,05/14/2020 11:52:25 PM,0.04,in,A
05/14/2020 11:51:15 PM,05/14/2020 11:51:25 PM,0.04,in,A
05/14/2020 11:50:24 PM,05/14/2020 11:50:25 PM,0.08,in,A
05/14/2020 11:06:34 PM,05/14/2020 11:06:55 PM,0.04,in,A
05/14/2020 01:06:55 PM,05/14/2020 01:07:25 PM,0.00,in,A
05/14/2020 01:09:44 AM,05/14/2020 01:09:56 AM,0.00,in,A
05/13/2020 01:12:34 PM,05/13/2020 01:12:55 PM,0.00,in,A
05/13/2020 01:15:23 AM,05/13/2020 01:15:25 AM,0.00,in,A
05/12/2020 01:18:13 PM,05/12/2020 01:18:25 PM,0.00,in,A
05/12/2020 01:21:03 AM,05/12/2020 01:21:25 AM,0.00,in,A
05/12/2020 01:00:11 AM,05/12/2020 01:00:25 AM,0.04,in,A
05/11/2020 01:23:52 PM,05/11/2020 01:23:55 PM,0.00,in,A
05/11/2020 01:26:41 AM,05/11/2020 01:26:55 AM,0.00,in,A
05/10/2020 01:29:31 PM,05/10/2020 01:29:55 PM,0.00,in,A
05/10/2020 01:32:21 AM,05/10/2020 01:32:25 AM,0.00,in,A
05/09/2020 01:35:10 PM,05/09/2020 01:35:25 PM,0.00,in,A
05/09/2020 01:38:00 AM,05/09/2020 01:38:25 AM,0.00,in,A
05/08/2020 01:40:50 PM,05/08/2020 01:40:55 PM,0.00,in,A
05/08/2020 04:59:51 AM,05/08/2020 04:59:55 AM,0.04,in,A
05/08/2020 04:43:48 AM,05/08/2020 04:43:55 AM,0.04,in,A
05/08/2020 04:30:34 AM,05/08/2020 04:30:55 AM,0.08,in,A
05/08/2020 04:06:36 AM,05/08/2020 04:06:55 AM,0.04,in,A
05/08/2020 01:44:07 AM,05/08/2020 01:44:25 AM,0.04,in,A
05/08/2020 01:43:40 AM,05/08/2020 01:43:55 AM,0.00,in,A
05/08/2020 01:19:15 AM,05/08/2020 01:19:25 AM,0.04,in,A
05/07/2020 07:37:58 PM,05/07/2020 07:38:25 PM,0.04,in,A
05/07/2020 04:03:26 PM,05/07/2020 04:03:55 PM,0.04,in,A
05/07/2020 01:46:30 PM,05/07/2020 01:46:55 PM,0.00,in,A
05/07/2020 01:49:20 AM,05/07/2020 01:49:25 AM,0.00,in,A
05/06/2020 01:52:09 PM,05/06/2020 01:52:25 PM,0.00,in,A
05/06/2020 01:54:58 AM,05/06/2020 01:55:25 AM,0.00,in,A
05/05/2020 01:57:48 PM,05/05/2020 01:57:55 PM,0.00,in,A
05/05/2020 02:00:38 AM,05/05/2020 02:00:55 AM,0.00,in,A
05/04/2020 09:01:42 PM,05/04/2020 09:01:55 PM,0.04,in,A
05/04/2020 02:03:28 PM,05/04/2020 02:03:55 PM,0.00,in,A
05/04/2020 01:21:31 PM,05/04/2020 01:21:55 PM,0.04,in,A
05/04/2020 12:08:37 PM,05/04/2020 12:08:56 PM,0.08,in,A
05/04/2020 12:02:45 PM,05/04/2020 12:02:56 PM,0.04,in,A
05/04/2020 12:01:04 PM,05/04/2020 12:01:25 PM,0.04,in,A
05/04/2020 11:59:25 AM,05/04/2020 11:59:56 AM,0.04,in,A
05/04/2020 11:58:20 AM,05/04/2020 11:58:25 AM,0.04,in,A
05/04/2020 11:57:35 AM,05/04/2020 11:57:55 AM,0.04,in,A
05/04/2020 11:57:14 AM,05/04/2020 11:57:25 AM,0.08,in,A
05/04/2020 11:56:22 AM,05/04/2020 11:56:25 AM,0.04,in,A
05/04/2020 11:55:53 AM,05/04/2020 11:55:55 AM,0.04,in,A
05/04/2020 11:55:21 AM,05/04/2020 11:55:25 AM,0.04,in,A
05/04/2020 11:54:32 AM,05/04/2020 11:54:55 AM,0.04,in,A
05/04/2020 11:41:06 AM,05/04/2020 11:41:25 AM,0.04,in,A
05/04/2020 11:31:34 AM,05/04/2020 11:32:18 AM,0.04,in,A
05/04/2020 11:29:29 AM,05/04/2020 11:29:56 AM,0.04,in,A
05/04/2020 11:23:04 AM,05/04/2020 11:23:25 AM,0.04,in,A
05/04/2020 11:13:36 AM,05/04/2020 11:13:55 AM,0.04,in,A
05/03/2020 02:09:09 PM,05/03/2020 02:09:25 PM,0.00,in,A
05/03/2020 02:12:00 AM,05/03/2020 02:12:25 AM,0.00,in,A
05/02/2020 02:14:51 PM,05/02/2020 02:14:55 PM,0.00,in,A
05/02/2020 02:17:41 AM,05/02/2020 02:17:55 AM,0.00,in,A
05/01/2020 02:20:32 PM,05/01/2020 02:20:55 PM,0.00,in,A
05/01/2020 02:23:22 AM,05/01/2020 02:23:25 AM,0.00,in,A
04/30/2020 02:29:01 AM,04/30/2020 02:29:25 AM,0.00,in,A
04/29/2020 02:31:50 PM,04/29/2020 02:31:55 PM,0.00,in,A
04/29/2020 02:34:40 AM,04/29/2020 02:34:55 AM,0.00,in,A
04/28/2020 05:30:49 PM,04/28/2020 05:30:55 PM,0.04,in,A
04/28/2020 05:14:51 PM,04/28/2020 05:14:55 PM,0.04,in,A
04/28/2020 02:37:31 PM,04/28/2020 02:37:55 PM,0.00,in,A
04/28/2020 02:40:21 AM,04/28/2020 02:40:25 AM,0.00,in,A
04/27/2020 02:43:10 PM,04/27/2020 02:43:25 PM,0.00,in,A
04/27/2020 08:01:43 AM,04/27/2020 08:02:13 AM,0.04,in,A
04/27/2020 07:47:09 AM,04/27/2020 07:47:25 AM,0.04,in,A
04/27/2020 07:29:17 AM,04/27/2020 07:29:25 AM,0.04,in,A
04/27/2020 07:18:22 AM,04/27/2020 07:18:25 AM,0.04,in,A
04/27/2020 07:05:18 AM,04/27/2020 07:05:25 AM,0.04,in,A
04/27/2020 06:51:06 AM,04/27/2020 06:51:25 AM,0.04,in,A
04/27/2020 06:40:52 AM,04/27/2020 06:40:55 AM,0.04,in,A
04/27/2020 06:34:42 AM,04/27/2020 06:34:55 AM,0.04,in,A
04/27/2020 06:28:22 AM,04/27/2020 06:28:25 AM,0.04,in,A
04/27/2020 06:20:49 AM,04/27/2020 06:20:55 AM,0.04,in,A
04/27/2020 06:03:45 AM,04/27/2020 06:03:55 AM,0.04,in,A
04/27/2020 05:41:07 AM,04/27/2020 05:41:25 AM,0.04,in,A
04/27/2020 02:46:01 AM,04/27/2020 02:46:25 AM,0.00,in,A
04/27/2020 01:25:50 AM,04/27/2020 01:25:55 AM,0.04,in,A
04/26/2020 02:48:51 PM,04/26/2020 02:48:55 PM,0.00,in,A
04/26/2020 02:51:40 AM,04/26/2020 02:51:55 AM,0.00,in,A
04/25/2020 02:57:20 AM,04/25/2020 02:57:25 AM,0.00,in,A
04/25/2020 01:49:27 AM,04/25/2020 01:49:55 AM,0.04,in,A
04/25/2020 12:52:46 AM,04/25/2020 12:52:55 AM,0.04,in,A
04/24/2020 11:51:48 PM,04/24/2020 11:52:17 PM,0.04,in,A
04/24/2020 11:00:19 PM,04/24/2020 11:01:36 PM,0.04,in,A
04/24/2020 10:38:53 PM,04/24/2020 10:39:20 PM,0.04,in,A
04/24/2020 10:09:03 PM,04/24/2020 10:09:25 PM,0.04,in,A
04/24/2020 09:52:21 PM,04/24/2020 09:54:28 PM,0.04,in,A
04/24/2020 09:44:38 PM,04/24/2020 09:44:55 PM,0.04,in,A
04/24/2020 09:17:57 PM,04/24/2020 09:18:25 PM,0.08,in,A
04/24/2020 08:46:06 PM,04/24/2020 08:46:25 PM,0.04,in,A
04/24/2020 08:19:59 PM,04/24/2020 08:20:25 PM,0.04,in,A
04/24/2020 07:49:04 PM,04/24/2020 07:49:25 PM,0.04,in,A
04/24/2020 03:00:09 PM,04/24/2020 03:00:25 PM,0.00,in,A
04/24/2020 02:49:36 PM,04/24/2020 02:49:55 PM,0.04,in,A
04/24/2020 02:24:40 PM,04/24/2020 02:24:55 PM,0.04,in,A
04/24/2020 02:04:01 PM,04/24/2020 02:04:25 PM,0.04,in,A
04/24/2020 01:48:01 PM,04/24/2020 01:48:25 PM,0.04,in,A
04/24/2020 01:22:09 PM,04/24/2020 01:22:25 PM,0.04,in,A
04/24/2020 01:13:39 PM,04/24/2020 01:13:55 PM,0.04,in,A
04/24/2020 12:59:17 PM,04/24/2020 12:59:25 PM,0.04,in,A
04/24/2020 12:47:26 PM,04/24/2020 12:47:55 PM,0.04,in,A
04/24/2020 12:01:48 PM,04/24/2020 12:01:55 PM,0.04,in,A
04/24/2020 11:02:31 AM,04/24/2020 11:02:55 AM,0.04,in,A
04/24/2020 10:17:10 AM,04/24/2020 10:17:25 AM,0.04,in,A
04/24/2020 03:02:59 AM,04/24/2020 03:03:25 AM,0.00,in,A
04/24/2020 02:59:17 AM,04/24/2020 02:59:25 AM,0.04,in,A
04/23/2020 03:05:50 PM,04/23/2020 03:06:13 PM,0.00,in,A
04/23/2020 03:08:39 AM,04/23/2020 03:08:55 AM,0.00,in,A
04/22/2020 08:08:33 PM,04/22/2020 08:08:55 PM,0.04,in,A
04/22/2020 07:22:58 PM,04/22/2020 07:23:25 PM,0.04,in,A
04/22/2020 04:54:49 PM,04/22/2020 04:54:55 PM,0.04,in,A
04/22/2020 04:09:54 PM,04/22/2020 04:09:55 PM,0.04,in,A
04/22/2020 03:11:28 PM,04/22/2020 03:11:55 PM,0.00,in,A
04/22/2020 03:14:17 AM,04/22/2020 03:14:25 AM,0.00,in,A
04/21/2020 03:17:08 PM,04/21/2020 03:17:25 PM,0.00,in,A
04/21/2020 03:19:58 AM,04/21/2020 03:20:25 AM,0.00,in,A
04/20/2020 03:22:47 PM,04/20/2020 03:22:55 PM,0.00,in,A
04/20/2020 10:25:24 AM,04/20/2020 10:25:25 AM,0.04,in,A
04/20/2020 03:25:37 AM,04/20/2020 03:25:55 AM,0.00,in,A
04/19/2020 03:28:26 PM,04/19/2020 03:28:55 PM,0.00,in,A
04/19/2020 03:31:15 AM,04/19/2020 03:31:25 AM,0.00,in,A
04/18/2020 03:34:05 PM,04/18/2020 03:35:50 PM,0.00,in,A
04/18/2020 03:36:54 AM,04/18/2020 03:38:26 AM,0.00,in,A
04/17/2020 03:39:43 PM,04/17/2020 03:39:55 PM,0.00,in,A
04/17/2020 07:01:50 AM,04/17/2020 07:01:55 AM,0.04,in,A
04/17/2020 03:42:33 AM,04/17/2020 03:42:55 AM,0.00,in,A
04/17/2020 02:22:42 AM,04/17/2020 02:22:55 AM,0.04,in,A
04/17/2020 01:49:23 AM,04/17/2020 01:49:25 AM,0.04,in,A
04/17/2020 01:41:14 AM,04/17/2020 01:41:25 AM,0.04,in,A
04/17/2020 01:32:10 AM,04/17/2020 01:32:25 AM,0.04,in,A
04/17/2020 01:23:19 AM,04/17/2020 01:23:25 AM,0.04,in,A
04/17/2020 12:54:29 AM,04/17/2020 12:54:55 AM,0.04,in,A
04/17/2020 12:42:35 AM,04/17/2020 12:42:55 AM,0.04,in,A
04/17/2020 12:32:02 AM,04/17/2020 12:32:25 AM,0.04,in,A
04/17/2020 12:07:52 AM,04/17/2020 12:07:55 AM,0.04,in,A
04/16/2020 11:41:33 PM,04/16/2020 11:41:55 PM,0.04,in,A
04/16/2020 03:45:23 PM,04/16/2020 03:45:25 PM,0.00,in,A
04/16/2020 03:48:13 AM,04/16/2020 03:48:25 AM,0.00,in,A
04/15/2020 03:51:03 PM,04/15/2020 03:51:25 PM,0.00,in,A
04/15/2020 03:53:52 AM,04/15/2020 03:53:55 AM,0.00,in,A
04/14/2020 03:56:42 PM,04/14/2020 03:56:55 PM,0.00,in,A
04/14/2020 03:59:31 AM,04/14/2020 03:59:55 AM,0.00,in,A
04/13/2020 04:02:21 PM,04/13/2020 04:02:25 PM,0.00,in,A
04/13/2020 04:05:10 AM,04/13/2020 04:05:25 AM,0.00,in,A
04/12/2020 04:08:00 PM,04/12/2020 04:08:25 PM,0.00,in,A
04/12/2020 02:31:20 PM,04/12/2020 02:31:25 PM,0.04,in,A
04/12/2020 02:16:53 PM,04/12/2020 02:16:55 PM,0.04,in,A
04/12/2020 02:02:08 PM,04/12/2020 02:02:25 PM,0.04,in,A
04/12/2020 01:47:59 PM,04/12/2020 01:48:25 PM,0.08,in,A
04/12/2020 01:18:35 PM,04/12/2020 01:18:55 PM,0.04,in,A
04/12/2020 04:10:51 AM,04/12/2020 04:10:55 AM,0.00,in,A
04/12/2020 03:40:51 AM,04/12/2020 03:40:55 AM,0.04,in,A
04/12/2020 03:00:05 AM,04/12/2020 03:00:25 AM,0.04,in,A
04/12/2020 02:49:00 AM,04/12/2020 02:49:25 AM,0.04,in,A
04/12/2020 02:39:07 AM,04/12/2020 02:39:25 AM,0.04,in,A
04/12/2020 02:35:26 AM,04/12/2020 02:35:55 AM,0.04,in,A
04/12/2020 02:31:33 AM,04/12/2020 02:31:55 AM,0.04,in,A
04/12/2020 02:27:33 AM,04/12/2020 02:27:55 AM,0.04,in,A
04/12/2020 02:25:22 AM,04/12/2020 02:25:25 AM,0.04,in,A
04/11/2020 04:13:41 PM,04/11/2020 04:13:55 PM,0.00,in,A
04/11/2020 04:16:31 AM,04/11/2020 04:16:55 AM,0.00,in,A
04/10/2020 04:19:21 PM,04/10/2020 04:19:25 PM,0.00,in,A
04/10/2020 04:22:10 AM,04/10/2020 04:22:25 AM,0.00,in,A
04/09/2020 04:25:01 PM,04/09/2020 04:25:25 PM,0.00,in,A
04/09/2020 04:27:53 AM,04/09/2020 04:27:55 AM,0.00,in,A
04/08/2020 04:30:43 PM,04/08/2020 04:30:55 PM,0.00,in,A
04/08/2020 04:33:33 AM,04/08/2020 04:33:55 AM,0.00,in,A
04/07/2020 04:36:23 PM,04/07/2020 04:36:25 PM,0.00,in,A
04/07/2020 04:39:14 AM,04/07/2020 04:39:25 AM,0.00,in,A
04/06/2020 04:42:05 PM,04/06/2020 04:42:25 PM,0.00,in,A
04/06/2020 04:44:54 AM,04/06/2020 04:45:25 AM,0.00,in,A
04/05/2020 04:47:44 PM,04/05/2020 04:47:55 PM,0.00,in,A
04/05/2020 04:50:33 AM,04/05/2020 04:50:55 AM,0.00,in,A
04/04/2020 04:53:22 PM,04/04/2020 04:53:25 PM,0.00,in,A
04/04/2020 04:56:13 AM,04/04/2020 04:56:25 AM,0.00,in,A
04/03/2020 04:59:03 PM,04/03/2020 04:59:25 PM,0.04,in,A
04/03/2020 02:48:00 PM,04/03/2020 02:48:25 PM,0.04,in,A
04/03/2020 12:49:10 PM,04/03/2020 12:49:25 PM,0.04,in,A
04/03/2020 12:30:07 PM,04/03/2020 12:30:25 PM,0.04,in,A
04/03/2020 12:26:01 PM,04/03/2020 12:26:25 PM,0.04,in,A
04/03/2020 12:24:17 PM,04/03/2020 12:24:25 PM,0.04,in,A
04/03/2020 12:20:06 PM,04/03/2020 12:20:25 PM,0.04,in,A
04/03/2020 12:15:56 PM,04/03/2020 12:16:25 PM,0.04,in,A
04/03/2020 11:52:44 AM,04/03/2020 11:52:55 AM,0.04,in,A
04/03/2020 11:20:08 AM,04/03/2020 11:20:25 AM,0.04,in,A
04/03/2020 10:33:38 AM,04/03/2020 10:33:55 AM,0.04,in,A
04/03/2020 09:17:33 AM,04/03/2020 09:17:55 AM,0.04,in,A
04/03/2020 09:14:58 AM,04/03/2020 09:15:25 AM,0.04,in,A
04/03/2020 05:01:54 AM,04/03/2020 05:01:55 AM,0.00,in,A
04/02/2020 05:04:43 PM,04/02/2020 05:04:55 PM,0.00,in,A
04/02/2020 05:07:33 AM,04/02/2020 05:07:55 AM,0.00,in,A
04/01/2020 05:10:23 PM,04/01/2020 05:10:25 PM,0.00,in,A
04/01/2020 05:13:12 AM,04/01/2020 05:13:25 AM,0.00,in,A
03/31/2020 05:16:02 PM,03/31/2020 05:16:25 PM,0.00,in,A
03/31/2020 05:18:52 AM,03/31/2020 05:18:55 AM,0.00,in,A
03/30/2020 05:21:43 PM,03/30/2020 05:21:55 PM,0.00,in,A
03/30/2020 05:24:33 AM,03/30/2020 05:24:55 AM,0.00,in,A
03/29/2020 05:27:24 PM,03/29/2020 05:27:55 PM,0.00,in,A
03/29/2020 05:30:16 AM,03/29/2020 05:30:25 AM,0.00,in,A
03/28/2020 05:33:07 PM,03/28/2020 05:33:25 PM,0.00,in,A
03/27/2020 05:38:48 PM,03/27/2020 05:38:55 PM,0.00,in,A
03/27/2020 05:41:37 AM,03/27/2020 05:41:55 AM,0.00,in,A
03/27/2020 02:32:42 AM,03/27/2020 02:32:55 AM,0.04,in,A
03/27/2020 01:49:16 AM,03/27/2020 01:49:25 AM,0.04,in,A
03/27/2020 01:45:15 AM,03/27/2020 01:45:25 AM,0.04,in,A
03/27/2020 01:41:44 AM,03/27/2020 01:41:55 AM,0.04,in,A
03/27/2020 01:41:09 AM,03/27/2020 01:41:26 AM,0.04,in,A
03/27/2020 01:40:35 AM,03/27/2020 01:40:56 AM,0.04,in,A
03/27/2020 01:40:09 AM,03/27/2020 01:40:25 AM,0.04,in,A
03/27/2020 01:39:46 AM,03/27/2020 01:39:55 AM,0.04,in,A
03/27/2020 01:39:25 AM,03/27/2020 01:39:55 AM,0.04,in,A
03/27/2020 01:39:05 AM,03/27/2020 01:39:26 AM,0.04,in,A
03/27/2020 01:38:42 AM,03/27/2020 01:38:55 AM,0.04,in,A
03/27/2020 01:38:21 AM,03/27/2020 01:38:26 AM,0.04,in,A
03/27/2020 01:38:00 AM,03/27/2020 01:38:26 AM,0.04,in,A
03/27/2020 01:37:37 AM,03/27/2020 01:37:55 AM,0.04,in,A
03/27/2020 01:37:12 AM,03/27/2020 01:37:25 AM,0.04,in,A
03/27/2020 01:36:14 AM,03/27/2020 01:36:26 AM,0.04,in,A
03/27/2020 12:55:08 AM,03/27/2020 12:55:25 AM,0.04,in,A
03/27/2020 12:51:57 AM,03/27/2020 12:52:25 AM,0.04,in,A
03/27/2020 12:51:00 AM,03/27/2020 12:51:25 AM,0.04,in,A
03/27/2020 12:50:08 AM,03/27/2020 12:50:25 AM,0.04,in,A
03/27/2020 12:49:19 AM,03/27/2020 12:49:25 AM,0.04,in,A
03/27/2020 12:48:17 AM,03/27/2020 12:48:25 AM,0.04,in,A
03/27/2020 12:47:23 AM,03/27/2020 12:47:25 AM,0.04,in,A
03/27/2020 12:40:58 AM,03/27/2020 12:41:25 AM,0.04,in,A
03/27/2020 12:39:43 AM,03/27/2020 12:39:55 AM,0.04,in,A
03/27/2020 12:38:03 AM,03/27/2020 12:38:25 AM,0.04,in,A
03/27/2020 12:36:31 AM,03/27/2020 12:36:55 AM,0.04,in,A
03/27/2020 12:35:32 AM,03/27/2020 12:35:55 AM,0.04,in,A
03/27/2020 12:34:51 AM,03/27/2020 12:34:55 AM,0.04,in,A
03/27/2020 12:34:07 AM,03/27/2020 12:34:25 AM,0.04,in,A
03/27/2020 12:33:29 AM,03/27/2020 12:33:55 AM,0.04,in,A
03/27/2020 12:32:43 AM,03/27/2020 12:32:55 AM,0.04,in,A
03/27/2020 12:31:15 AM,03/27/2020 12:31:25 AM,0.08,in,A
03/27/2020 12:25:21 AM,03/27/2020 12:25:25 AM,0.04,in,A
03/27/2020 12:22:56 AM,03/27/2020 12:23:25 AM,0.04,in,A
03/27/2020 12:19:18 AM,03/27/2020 12:19:25 AM,0.04,in,A
03/27/2020 12:12:05 AM,03/27/2020 12:12:25 AM,0.04,in,A
03/27/2020 12:06:03 AM,03/27/2020 12:06:25 AM,0.04,in,A
03/27/2020 12:01:10 AM,03/27/2020 12:01:25 AM,0.04,in,A
03/27/2020 12:00:01 AM,03/27/2020 12:00:25 AM,0.08,in,A
03/26/2020 11:57:42 PM,03/26/2020 11:57:55 PM,0.04,in,A
03/26/2020 11:53:52 PM,03/26/2020 11:53:55 PM,0.08,in,A
03/26/2020 11:45:49 PM,03/26/2020 11:45:55 PM,0.04,in,A
03/26/2020 11:43:55 PM,03/26/2020 11:44:25 PM,0.04,in,A
03/26/2020 11:30:52 PM,03/26/2020 11:30:55 PM,0.04,in,A
03/26/2020 11:24:51 PM,03/26/2020 11:24:55 PM,0.04,in,A
03/26/2020 11:08:29 PM,03/26/2020 11:08:55 PM,0.04,in,A
03/26/2020 11:04:38 PM,03/26/2020 11:04:55 PM,0.04,in,A
03/26/2020 10:53:50 PM,03/26/2020 10:53:55 PM,0.04,in,A
03/26/2020 05:43:59 PM,03/26/2020 05:44:25 PM,0.00,in,A
03/26/2020 05:45:53 AM,03/26/2020 05:45:55 AM,0.00,in,A
03/25/2020 05:47:47 PM,03/25/2020 05:47:55 PM,0.00,in,A
03/25/2020 05:49:41 AM,03/25/2020 05:49:55 AM,0.00,in,A
03/24/2020 05:51:35 PM,03/24/2020 05:51:55 PM,0.00,in,A
03/24/2020 05:53:29 AM,03/24/2020 05:53:55 AM,0.00,in,A
03/24/2020 01:05:11 AM,03/24/2020 01:05:25 AM,0.04,in,A
03/23/2020 05:55:23 PM,03/23/2020 05:55:25 PM,0.00,in,A
03/23/2020 05:57:17 AM,03/23/2020 05:57:25 AM,0.00,in,A
03/22/2020 09:14:27 PM,03/22/2020 09:14:55 PM,0.04,in,A
03/22/2020 05:59:11 PM,03/22/2020 05:59:25 PM,0.00,in,A
03/22/2020 10:26:49 AM,03/22/2020 10:26:55 AM,0.04,in,A
03/22/2020 08:17:05 AM,03/22/2020 08:17:25 AM,0.04,in,A
03/22/2020 06:13:35 AM,03/22/2020 06:13:55 AM,0.04,in,A
03/22/2020 06:01:05 AM,03/22/2020 06:01:25 AM,0.00,in,A
03/22/2020 05:32:23 AM,03/22/2020 05:32:25 AM,0.04,in,A
03/22/2020 05:19:39 AM,03/22/2020 05:19:55 AM,0.04,in,A
03/22/2020 04:39:50 AM,03/22/2020 04:39:55 AM,0.04,in,A
03/21/2020 06:02:58 PM,03/21/2020 06:03:25 PM,0.00,in,A
03/21/2020 06:04:52 AM,03/21/2020 06:04:55 AM,0.00,in,A
03/20/2020 06:06:46 PM,03/20/2020 06:06:55 PM,0.00,in,A
03/20/2020 06:08:40 AM,03/20/2020 06:08:55 AM,0.00,in,A
03/19/2020 06:10:34 PM,03/19/2020 06:10:55 PM,0.00,in,A
03/19/2020 08:34:31 AM,03/19/2020 08:34:55 AM,0.04,in,A
03/19/2020 08:27:56 AM,03/19/2020 08:28:25 AM,0.04,in,A
03/19/2020 08:20:18 AM,03/19/2020 08:20:25 AM,0.04,in,A
03/19/2020 08:07:24 AM,03/19/2020 08:07:55 AM,0.04,in,A
03/19/2020 07:54:26 AM,03/19/2020 07:54:55 AM,0.04,in,A
03/19/2020 06:52:08 AM,03/19/2020 06:52:25 AM,0.04,in,A
03/19/2020 06:25:19 AM,03/19/2020 06:25:25 AM,0.04,in,A
03/19/2020 06:12:28 AM,03/19/2020 06:12:55 AM,0.00,in,A
03/18/2020 06:14:22 PM,03/18/2020 06:14:25 PM,0.00,in,A
03/18/2020 11:56:24 AM,03/18/2020 11:56:25 AM,0.04,in,A
03/18/2020 08:20:44 AM,03/18/2020 08:20:55 AM,0.04,in,A
03/18/2020 07:05:46 AM,03/18/2020 07:05:56 AM,0.04,in,A
03/18/2020 06:51:18 AM,03/18/2020 06:51:25 AM,0.04,in,A
03/18/2020 06:44:08 AM,03/18/2020 06:44:25 AM,0.04,in,A
03/18/2020 06:37:13 AM,03/18/2020 06:37:25 AM,0.04,in,A
03/18/2020 06:21:08 AM,03/18/2020 06:21:25 AM,0.04,in,A
03/18/2020 06:16:16 AM,03/18/2020 06:16:25 AM,0.00,in,A
03/18/2020 06:12:38 AM,03/18/2020 06:12:55 AM,0.04,in,A
03/18/2020 04:03:10 AM,03/18/2020 04:03:25 AM,0.04,in,A
03/18/2020 02:58:08 AM,03/18/2020 02:58:25 AM,0.04,in,A
03/18/2020 02:21:02 AM,03/18/2020 02:21:25 AM,0.04,in,A
03/18/2020 01:42:50 AM,03/18/2020 01:42:55 AM,0.04,in,A
03/18/2020 01:30:46 AM,03/18/2020 01:30:55 AM,0.04,in,A
03/18/2020 01:02:46 AM,03/18/2020 01:02:55 AM,0.04,in,A
03/18/2020 12:47:09 AM,03/18/2020 12:47:25 AM,0.04,in,A
03/17/2020 06:18:10 PM,03/17/2020 06:18:25 PM,0.00,in,A
03/17/2020 06:20:04 AM,03/17/2020 06:20:25 AM,0.00,in,A
03/16/2020 06:21:58 PM,03/16/2020 06:22:25 PM,0.00,in,A
03/16/2020 10:05:04 AM,03/16/2020 10:05:25 AM,0.04,in,A
03/16/2020 07:42:39 AM,03/16/2020 07:42:55 AM,0.04,in,A
03/16/2020 06:50:45 AM,03/16/2020 06:50:55 AM,0.04,in,A
03/16/2020 06:23:52 AM,03/16/2020 06:23:55 AM,0.00,in,A
03/15/2020 06:25:46 PM,03/15/2020 06:25:55 PM,0.00,in,A
03/15/2020 12:11:31 PM,03/15/2020 12:11:55 PM,0.04,in,A
03/15/2020 06:27:39 AM,03/15/2020 06:27:55 AM,0.00,in,A
03/14/2020 06:29:33 PM,03/14/2020 06:29:55 PM,0.00,in,A
03/14/2020 08:30:10 AM,03/14/2020 08:30:25 AM,0.04,in,A
03/14/2020 06:31:27 AM,03/14/2020 06:31:55 AM,0.00,in,A
03/14/2020 06:06:35 AM,03/14/2020 06:06:55 AM,0.04,in,A
03/14/2020 05:55:25 AM,03/14/2020 05:55:55 AM,0.04,in,A
03/14/2020 05:42:08 AM,03/14/2020 05:42:25 AM,0.04,in,A
03/14/2020 05:24:20 AM,03/14/2020 05:24:25 AM,0.04,in,A
03/14/2020 05:05:35 AM,03/14/2020 05:05:55 AM,0.04,in,A
03/14/2020 04:56:57 AM,03/14/2020 04:57:25 AM,0.04,in,A
03/14/2020 04:50:58 AM,03/14/2020 04:51:25 AM,0.04,in,A
03/14/2020 04:39:41 AM,03/14/2020 04:39:55 AM,0.04,in,A
03/14/2020 03:12:25 AM,03/14/2020 03:12:55 AM,0.04,in,A
03/14/2020 02:08:26 AM,03/14/2020 02:08:55 AM,0.04,in,A
03/14/2020 01:40:04 AM,03/14/2020 01:40:25 AM,0.04,in,A
03/14/2020 01:34:04 AM,03/14/2020 01:34:25 AM,0.04,in,A
03/13/2020 06:33:21 PM,03/13/2020 06:33:25 PM,0.00,in,A
03/13/2020 06:35:14 AM,03/13/2020 06:35:25 AM,0.00,in,A
03/12/2020 06:37:08 PM,03/12/2020 06:37:25 PM,0.00,in,A
03/12/2020 06:39:02 AM,03/12/2020 06:39:25 AM,0.00,in,A
03/11/2020 06:40:57 PM,03/11/2020 06:41:25 PM,0.00,in,A
03/11/2020 06:42:51 AM,03/11/2020 06:42:55 AM,0.00,in,A
03/10/2020 06:44:44 PM,03/10/2020 06:44:55 PM,0.00,in,A
03/10/2020 06:46:38 AM,03/10/2020 06:46:55 AM,0.00,in,A
03/09/2020 06:48:32 PM,03/09/2020 06:48:55 PM,0.00,in,A
03/09/2020 06:28:16 PM,03/09/2020 06:28:25 PM,0.04,in,A
03/09/2020 04:24:26 PM,03/09/2020 04:24:55 PM,0.04,in,A
03/09/2020 04:21:24 PM,03/09/2020 04:21:25 PM,0.04,in,A
03/09/2020 02:38:43 PM,03/09/2020 02:38:55 PM,0.04,in,A
03/09/2020 01:43:42 PM,03/09/2020 01:43:55 PM,0.04,in,A
03/09/2020 12:23:31 PM,03/09/2020 12:23:55 PM,0.04,in,A
03/09/2020 11:58:40 AM,03/09/2020 11:58:55 AM,0.04,in,A
03/09/2020 11:42:42 AM,03/09/2020 11:42:55 AM,0.04,in,A
03/09/2020 11:28:13 AM,03/09/2020 11:28:25 AM,0.04,in,A
03/09/2020 11:09:53 AM,03/09/2020 11:09:55 AM,0.04,in,A
03/09/2020 10:41:15 AM,03/09/2020 10:41:25 AM,0.04,in,A
03/09/2020 10:05:50 AM,03/09/2020 10:05:55 AM,0.04,in,A
03/09/2020 09:38:13 AM,03/09/2020 09:38:25 AM,0.04,in,A
03/09/2020 09:18:08 AM,03/09/2020 09:18:25 AM,0.04,in,A
03/09/2020 08:53:46 AM,03/09/2020 08:53:55 AM,0.04,in,A
03/09/2020 08:25:21 AM,03/09/2020 08:25:25 AM,0.04,in,A
03/09/2020 08:05:57 AM,03/09/2020 08:06:25 AM,0.04,in,A
03/09/2020 07:47:10 AM,03/09/2020 07:47:25 AM,0.04,in,A
03/09/2020 07:27:36 AM,03/09/2020 07:27:55 AM,0.04,in,A
03/09/2020 07:15:23 AM,03/09/2020 07:15:25 AM,0.04,in,A
03/09/2020 06:58:06 AM,03/09/2020 06:58:25 AM,0.04,in,A
03/09/2020 06:50:26 AM,03/09/2020 06:50:55 AM,0.00,in,A
03/09/2020 06:31:15 AM,03/09/2020 06:31:25 AM,0.04,in,A
03/09/2020 05:31:28 AM,03/09/2020 05:31:55 AM,0.04,in,A
03/09/2020 04:15:25 AM,03/09/2020 04:15:55 AM,0.04,in,A
03/09/2020 03:36:18 AM,03/09/2020 03:36:25 AM,0.04,in,A
03/09/2020 03:04:43 AM,03/09/2020 03:04:55 AM,0.04,in,A
03/09/2020 02:49:03 AM,03/09/2020 02:49:25 AM,0.04,in,A
03/09/2020 02:33:45 AM,03/09/2020 02:33:55 AM,0.04,in,A
03/09/2020 02:18:09 AM,03/09/2020 02:18:25 AM,0.04,in,A
03/09/2020 02:08:11 AM,03/09/2020 02:08:25 AM,0.04,in,A
03/09/2020 01:46:52 AM,03/09/2020 01:46:55 AM,0.04,in,A
03/09/2020 01:20:57 AM,03/09/2020 01:21:25 AM,0.04,in,A
03/09/2020 01:03:10 AM,03/09/2020 01:03:25 AM,0.04,in,A
03/09/2020 12:49:54 AM,03/09/2020 12:49:55 AM,0.04,in,A
03/08/2020 06:52:21 PM,03/08/2020 06:52:25 PM,0.00,in,A
03/08/2020 06:54:15 AM,03/08/2020 06:54:25 AM,0.00,in,A
03/07/2020 05:56:09 PM,03/07/2020 05:56:25 PM,0.00,in,A
03/07/2020 05:58:03 AM,03/07/2020 05:58:25 AM,0.00,in,A
03/06/2020 06:01:50 AM,03/06/2020 06:01:55 AM,0.00,in,A
03/05/2020 06:03:44 PM,03/05/2020 06:03:55 PM,0.00,in,A
03/05/2020 06:05:38 AM,03/05/2020 06:05:55 AM,0.00,in,A
03/04/2020 06:07:32 PM,03/04/2020 06:07:55 PM,0.00,in,A
03/04/2020 06:09:26 AM,03/04/2020 06:09:55 AM,0.00,in,A
03/03/2020 06:11:19 PM,03/03/2020 06:11:25 PM,0.00,in,A
03/03/2020 06:13:13 AM,03/03/2020 06:13:25 AM,0.00,in,A
03/02/2020 06:15:07 PM,03/02/2020 06:15:25 PM,0.00,in,A
03/02/2020 06:17:01 AM,03/02/2020 06:17:25 AM,0.00,in,A
03/01/2020 06:18:55 PM,03/01/2020 06:19:25 PM,0.00,in,A
03/01/2020 06:20:49 AM,03/01/2020 06:20:55 AM,0.00,in,A
02/29/2020 06:22:43 PM,02/29/2020 06:22:55 PM,0.00,in,A
02/29/2020 06:24:36 AM,02/29/2020 06:24:55 AM,0.00,in,A
02/28/2020 06:26:30 PM,02/28/2020 06:26:55 PM,0.00,in,A
02/28/2020 06:28:24 AM,02/28/2020 06:28:25 AM,0.00,in,A
02/27/2020 06:41:09 PM,02/27/2020 06:41:25 PM,0.04,in,A
02/27/2020 06:30:17 PM,02/27/2020 06:30:25 PM,0.00,in,A
02/27/2020 06:32:11 AM,02/27/2020 06:32:25 AM,0.00,in,A
02/26/2020 06:34:04 PM,02/26/2020 06:34:25 PM,0.00,in,A
02/26/2020 06:35:58 AM,02/26/2020 06:36:25 AM,0.00,in,A
02/25/2020 06:37:51 PM,02/25/2020 06:37:55 PM,0.00,in,A
02/25/2020 06:39:45 AM,02/25/2020 06:39:55 AM,0.00,in,A
02/24/2020 08:56:38 PM,02/24/2020 08:56:55 PM,0.04,in,A
02/24/2020 06:41:39 PM,02/24/2020 06:41:55 PM,0.00,in,A
02/24/2020 01:34:52 PM,02/24/2020 01:34:55 PM,0.04,in,A
02/24/2020 06:43:33 AM,02/24/2020 06:43:55 AM,0.00,in,A
02/24/2020 05:01:41 AM,02/24/2020 05:01:55 AM,0.04,in,A
02/24/2020 04:17:55 AM,02/24/2020 04:18:25 AM,0.04,in,A
02/24/2020 02:23:29 AM,02/24/2020 02:23:55 AM,0.04,in,A
02/24/2020 02:04:36 AM,02/24/2020 02:04:55 AM,0.04,in,A
02/24/2020 01:43:18 AM,02/24/2020 01:43:25 AM,0.04,in,A
02/24/2020 01:19:53 AM,02/24/2020 01:19:55 AM,0.04,in,A
02/24/2020 12:48:29 AM,02/24/2020 12:48:55 AM,0.04,in,A
02/24/2020 12:33:30 AM,02/24/2020 12:33:55 AM,0.04,in,A
02/24/2020 12:19:36 AM,02/24/2020 12:19:55 AM,0.04,in,A
02/24/2020 12:07:18 AM,02/24/2020 12:07:25 AM,0.04,in,A
02/23/2020 11:54:01 PM,02/23/2020 11:54:25 PM,0.04,in,A
02/23/2020 11:36:11 PM,02/23/2020 11:36:25 PM,0.04,in,A
02/23/2020 06:45:27 PM,02/23/2020 06:45:55 PM,0.00,in,A
02/23/2020 06:47:20 AM,02/23/2020 06:47:25 AM,0.00,in,A
02/22/2020 06:49:14 PM,02/22/2020 06:49:25 PM,0.00,in,A
02/22/2020 06:51:08 AM,02/22/2020 06:51:25 AM,0.00,in,A
02/21/2020 06:53:01 PM,02/21/2020 06:53:25 PM,0.00,in,A
02/21/2020 06:54:55 AM,02/21/2020 06:55:25 AM,0.00,in,A
02/20/2020 06:56:48 PM,02/20/2020 06:56:55 PM,0.00,in,A
02/20/2020 06:58:41 AM,02/20/2020 06:58:55 AM,0.00,in,A
02/19/2020 07:00:35 PM,02/19/2020 07:00:55 PM,0.00,in,A
02/19/2020 07:02:28 AM,02/19/2020 07:02:55 AM,0.00,in,A
02/18/2020 07:04:22 PM,02/18/2020 07:04:25 PM,0.00,in,A
02/18/2020 07:06:15 AM,02/18/2020 07:06:25 AM,0.00,in,A
02/17/2020 07:08:09 PM,02/17/2020 07:08:25 PM,0.00,in,A
02/17/2020 07:10:03 AM,02/17/2020 07:10:25 AM,0.00,in,A
02/16/2020 07:11:56 PM,02/16/2020 07:12:25 PM,0.00,in,A
02/16/2020 07:13:50 AM,02/16/2020 07:13:55 AM,0.00,in,A
02/15/2020 07:15:43 PM,02/15/2020 07:15:55 PM,0.00,in,A
02/15/2020 12:31:06 PM,02/15/2020 12:31:25 PM,0.04,in,A
02/15/2020 11:16:50 AM,02/15/2020 11:16:55 AM,0.04,in,A
02/15/2020 07:17:36 AM,02/15/2020 07:17:55 AM,0.00,in,A
02/14/2020 07:19:30 PM,02/14/2020 07:19:55 PM,0.00,in,A
02/14/2020 02:22:21 PM,02/14/2020 02:22:25 PM,0.04,in,A
02/14/2020 07:21:23 AM,02/14/2020 07:21:25 AM,0.00,in,A
02/13/2020 07:23:15 PM,02/13/2020 07:23:25 PM,0.00,in,A
02/13/2020 07:25:08 AM,02/13/2020 07:25:25 AM,0.00,in,A
02/12/2020 07:27:02 PM,02/12/2020 07:27:25 PM,0.00,in,A
02/12/2020 06:16:08 PM,02/12/2020 06:16:25 PM,0.08,in,A
02/12/2020 03:54:06 PM,02/12/2020 03:54:25 PM,0.04,in,A
02/12/2020 03:03:57 PM,02/12/2020 03:04:25 PM,0.04,in,A
02/12/2020 02:27:23 PM,02/12/2020 02:27:25 PM,0.04,in,A
02/12/2020 01:37:19 PM,02/12/2020 01:37:25 PM,0.04,in,A
02/12/2020 07:28:55 AM,02/12/2020 07:29:25 AM,0.00,in,A
02/11/2020 07:30:49 PM,02/11/2020 07:30:55 PM,0.00,in,A
02/11/2020 07:32:42 AM,02/11/2020 07:32:55 AM,0.00,in,A
02/10/2020 07:34:36 PM,02/10/2020 07:34:55 PM,0.00,in,A
02/10/2020 07:36:29 AM,02/10/2020 07:36:55 AM,0.00,in,A
02/09/2020 07:38:23 PM,02/09/2020 07:38:25 PM,0.00,in,A
02/09/2020 07:40:17 AM,02/09/2020 07:40:25 AM,0.00,in,A
02/08/2020 07:42:10 PM,02/08/2020 07:42:25 PM,0.00,in,A
02/08/2020 07:44:04 AM,02/08/2020 07:44:25 AM,0.00,in,A
02/07/2020 07:45:57 PM,02/07/2020 07:46:25 PM,0.00,in,A
02/06/2020 07:49:44 PM,02/06/2020 07:49:55 PM,0.00,in,A
02/06/2020 10:21:13 AM,02/06/2020 10:21:25 AM,0.04,in,A
02/06/2020 07:51:37 AM,02/06/2020 07:51:55 AM,0.00,in,A
02/05/2020 07:53:30 PM,02/05/2020 07:53:55 PM,0.00,in,A
02/04/2020 07:59:11 AM,02/04/2020 07:59:25 AM,0.00,in,A
02/03/2020 08:01:05 PM,02/03/2020 08:01:25 PM,0.00,in,A
02/03/2020 08:02:59 AM,02/03/2020 08:03:25 AM,0.00,in,A
02/02/2020 08:04:52 PM,02/02/2020 08:04:55 PM,0.00,in,A
02/02/2020 08:06:46 AM,02/02/2020 08:06:55 AM,0.00,in,A
02/01/2020 08:08:40 PM,02/01/2020 08:08:55 PM,0.00,in,A
02/01/2020 08:10:33 AM,02/01/2020 08:10:55 AM,0.00,in,A
01/31/2020 08:12:27 PM,01/31/2020 08:12:55 PM,0.00,in,A
01/31/2020 08:14:20 AM,01/31/2020 08:14:25 AM,0.00,in,A
01/30/2020 08:16:14 PM,01/30/2020 08:16:25 PM,0.00,in,A
01/29/2020 08:20:01 PM,01/29/2020 08:20:25 PM,0.00,in,A
01/29/2020 12:50:30 PM,01/29/2020 12:50:55 PM,0.04,in,A
01/29/2020 12:25:49 PM,01/29/2020 12:25:55 PM,0.04,in,A
01/29/2020 08:21:54 AM,01/29/2020 08:22:25 AM,0.00,in,A
01/28/2020 08:25:41 AM,01/28/2020 08:25:55 AM,0.00,in,A
01/27/2020 08:29:28 AM,01/27/2020 08:29:55 AM,0.00,in,A
01/26/2020 12:42:21 PM,01/26/2020 12:42:25 PM,0.04,in,A
01/26/2020 12:11:30 PM,01/26/2020 12:11:55 PM,0.04,in,A
01/26/2020 11:55:29 AM,01/26/2020 11:55:55 AM,0.04,in,A
01/26/2020 11:29:50 AM,01/26/2020 11:29:55 AM,0.04,in,A
01/26/2020 10:51:47 AM,01/26/2020 10:51:55 AM,0.04,in,A
01/26/2020 10:15:58 AM,01/26/2020 10:16:25 AM,0.04,in,A
01/26/2020 08:33:15 AM,01/26/2020 08:33:25 AM,0.00,in,A
01/25/2020 08:35:09 PM,01/25/2020 08:35:25 PM,0.00,in,A
01/25/2020 02:12:20 PM,01/25/2020 02:12:25 PM,0.08,in,A
01/25/2020 08:37:02 AM,01/25/2020 08:37:25 AM,0.00,in,A
01/24/2020 08:38:56 PM,01/24/2020 08:39:25 PM,0.00,in,A
01/23/2020 08:50:54 PM,01/23/2020 08:50:55 PM,0.04,in,A
01/23/2020 08:42:43 PM,01/23/2020 08:42:55 PM,0.00,in,A
01/23/2020 03:25:20 PM,01/23/2020 03:25:25 PM,0.04,in,A
01/23/2020 08:44:36 AM,01/23/2020 08:44:55 AM,0.00,in,A
01/23/2020 04:01:24 AM,01/23/2020 04:01:55 AM,0.04,in,A
01/23/2020 02:28:04 AM,01/23/2020 02:28:25 AM,0.04,in,A
01/23/2020 01:11:16 AM,01/23/2020 01:11:25 AM,0.04,in,A
01/22/2020 08:46:30 PM,01/22/2020 08:46:55 PM,0.00,in,A
01/22/2020 06:43:53 PM,01/22/2020 06:43:55 PM,0.04,in,A
01/22/2020 03:35:12 PM,01/22/2020 03:35:25 PM,0.04,in,A
01/22/2020 02:41:51 PM,01/22/2020 02:41:55 PM,0.04,in,A
01/22/2020 02:05:24 PM,01/22/2020 02:05:25 PM,0.04,in,A
01/22/2020 01:25:34 PM,01/22/2020 01:25:55 PM,0.04,in,A
01/22/2020 12:54:17 PM,01/22/2020 12:54:25 PM,0.04,in,A
01/22/2020 12:16:38 PM,01/22/2020 12:16:55 PM,0.04,in,A
01/22/2020 11:16:54 AM,01/22/2020 11:16:55 AM,0.04,in,A
01/22/2020 08:48:24 AM,01/22/2020 08:48:25 AM,0.00,in,A
01/21/2020 08:50:17 PM,01/21/2020 08:50:25 PM,0.00,in,A
01/21/2020 08:52:10 AM,01/21/2020 08:52:25 AM,0.00,in,A
01/20/2020 08:54:03 PM,01/20/2020 08:54:25 PM,0.00,in,A
01/20/2020 08:55:56 AM,01/20/2020 08:56:25 AM,0.00,in,A
01/19/2020 08:57:49 PM,01/19/2020 08:57:55 PM,0.00,in,A
01/19/2020 08:59:42 AM,01/19/2020 08:59:55 AM,0.00,in,A
01/18/2020 09:01:35 PM,01/18/2020 09:01:55 PM,0.00,in,A
01/18/2020 09:03:29 AM,01/18/2020 09:03:55 AM,0.00,in,A
01/18/2020 12:12:45 AM,01/18/2020 12:12:55 AM,0.04,in,A
01/17/2020 10:36:18 PM,01/17/2020 10:36:25 PM,0.04,in,A
01/17/2020 09:05:22 PM,01/17/2020 09:05:25 PM,0.00,in,A
01/17/2020 08:56:35 PM,01/17/2020 08:56:55 PM,0.04,in,A
01/17/2020 08:11:02 PM,01/17/2020 08:11:25 PM,0.12,in,A
01/17/2020 02:33:08 PM,01/17/2020 02:33:25 PM,0.04,in,A
01/17/2020 02:19:01 PM,01/17/2020 02:19:25 PM,0.04,in,A
01/17/2020 12:53:39 PM,01/17/2020 12:53:55 PM,0.04,in,A
01/17/2020 09:07:16 AM,01/17/2020 09:07:25 AM,0.00,in,A
01/16/2020 09:11:02 AM,01/16/2020 09:11:25 AM,0.00,in,A
01/15/2020 09:12:55 PM,01/15/2020 09:13:25 PM,0.00,in,A
01/15/2020 09:14:49 AM,01/15/2020 09:14:55 AM,0.00,in,A
01/14/2020 09:16:43 PM,01/14/2020 09:16:55 PM,0.00,in,A
01/14/2020 09:18:37 AM,01/14/2020 09:18:55 AM,0.00,in,A
01/13/2020 09:20:30 PM,01/13/2020 09:20:55 PM,0.00,in,A
01/13/2020 12:26:43 PM,01/13/2020 12:26:55 PM,0.04,in,A
01/13/2020 11:19:52 AM,01/13/2020 11:19:55 AM,0.04,in,A
01/13/2020 11:01:03 AM,01/13/2020 11:01:25 AM,0.12,in,A
01/11/2020 09:28:04 PM,01/11/2020 09:28:25 PM,0.00,in,A
01/11/2020 09:29:57 AM,01/11/2020 09:30:25 AM,0.04,in,A
01/10/2020 07:11:20 PM,01/10/2020 07:11:25 PM,0.12,in,A
01/10/2020 04:49:46 PM,01/10/2020 04:49:55 PM,0.04,in,A
01/10/2020 03:55:05 PM,01/10/2020 03:55:25 PM,0.04,in,A
01/10/2020 03:17:41 PM,01/10/2020 03:17:56 PM,0.08,in,A
01/10/2020 03:01:49 PM,01/10/2020 03:01:55 PM,0.04,in,A
01/10/2020 02:55:22 PM,01/10/2020 02:55:25 PM,0.04,in,A
01/10/2020 02:46:59 PM,01/10/2020 02:47:25 PM,0.04,in,A
01/10/2020 02:44:09 PM,01/10/2020 02:44:25 PM,0.04,in,A
01/10/2020 02:38:03 PM,01/10/2020 02:38:25 PM,0.04,in,A
01/10/2020 02:28:11 PM,01/10/2020 02:28:25 PM,0.08,in,A
01/10/2020 02:19:56 PM,01/10/2020 02:20:26 PM,0.04,in,A
01/10/2020 02:17:15 PM,01/10/2020 02:17:26 PM,0.04,in,A
01/10/2020 02:07:02 PM,01/10/2020 02:07:25 PM,0.04,in,A
01/10/2020 02:05:15 PM,01/10/2020 02:05:25 PM,0.04,in,A
01/10/2020 02:04:27 PM,01/10/2020 02:04:55 PM,0.08,in,A
01/10/2020 02:00:52 PM,01/10/2020 02:00:55 PM,0.04,in,A
01/10/2020 12:17:05 PM,01/10/2020 12:17:25 PM,0.04,in,A
01/10/2020 11:55:16 AM,01/10/2020 11:55:25 AM,0.04,in,A
01/10/2020 09:33:45 AM,01/10/2020 09:33:55 AM,0.00,in,A
01/10/2020 07:33:09 AM,01/10/2020 07:33:25 AM,0.04,in,A
01/10/2020 07:15:54 AM,01/10/2020 07:16:25 AM,0.08,in,A
01/09/2020 09:35:39 PM,01/09/2020 09:35:55 PM,0.00,in,A
01/09/2020 09:37:33 AM,01/09/2020 09:37:55 AM,0.00,in,A
01/08/2020 09:41:20 AM,01/08/2020 09:41:25 AM,0.16,in,A
01/07/2020 09:43:14 PM,01/07/2020 09:43:25 PM,0.00,in,A
01/07/2020 09:45:07 AM,01/07/2020 09:45:25 AM,0.00,in,A
01/06/2020 09:47:01 PM,01/06/2020 09:47:25 PM,0.00,in,A
01/06/2020 09:48:54 AM,01/06/2020 09:49:25 AM,0.00,in,A
01/05/2020 09:50:48 PM,01/05/2020 09:50:55 PM,0.00,in,A
01/03/2020 10:00:16 AM,01/03/2020 10:00:25 AM,0.00,in,AN
12/31/2019 10:09:45 PM,12/31/2019 10:09:55 PM,0.00,in,A
12/28/2019 10:21:07 PM,12/28/2019 10:21:25 PM,0.00,in,A
12/28/2019 08:55:47 PM,12/28/2019 08:55:55 PM,0.04,in,A
12/28/2019 07:50:49 PM,12/28/2019 07:50:55 PM,0.04,in,A
12/28/2019 07:39:40 PM,12/28/2019 07:39:55 PM,0.04,in,A
12/28/2019 07:13:47 PM,12/28/2019 07:13:55 PM,0.04,in,A
12/28/2019 07:02:48 PM,12/28/2019 07:02:55 PM,0.04,in,A
12/28/2019 06:56:17 PM,12/28/2019 06:56:25 PM,0.04,in,A
12/28/2019 06:49:01 PM,12/28/2019 06:49:25 PM,0.04,in,A
12/28/2019 06:34:39 PM,12/28/2019 06:34:55 PM,0.04,in,A
12/28/2019 06:08:05 PM,12/28/2019 06:08:25 PM,0.04,in,A
12/28/2019 05:52:18 PM,12/28/2019 05:52:25 PM,0.04,in,A
12/28/2019 05:42:42 PM,12/28/2019 05:42:55 PM,0.04,in,A
12/28/2019 05:29:52 PM,12/28/2019 05:29:55 PM,0.04,in,A
12/28/2019 05:18:49 PM,12/28/2019 05:18:55 PM,0.08,in,A
12/28/2019 05:06:06 PM,12/28/2019 05:06:26 PM,0.04,in,A
12/28/2019 05:03:00 PM,12/28/2019 05:03:26 PM,0.12,in,A
12/28/2019 04:59:21 PM,12/28/2019 04:59:25 PM,0.04,in,A
12/28/2019 04:56:11 PM,12/28/2019 04:56:26 PM,0.04,in,A
12/28/2019 04:40:09 PM,12/28/2019 04:40:25 PM,0.04,in,A
12/28/2019 03:57:46 PM,12/28/2019 03:57:55 PM,0.04,in,A
12/28/2019 03:20:10 PM,12/28/2019 03:20:25 PM,0.04,in,A
12/28/2019 02:53:18 PM,12/28/2019 02:53:25 PM,0.04,in,A
12/28/2019 02:32:17 PM,12/28/2019 02:32:25 PM,0.04,in,A
12/28/2019 02:18:58 PM,12/28/2019 02:19:25 PM,0.04,in,A
12/28/2019 02:03:14 PM,12/28/2019 02:03:25 PM,0.04,in,A
12/28/2019 01:51:15 PM,12/28/2019 01:51:25 PM,0.04,in,A
12/28/2019 01:48:30 PM,12/28/2019 01:48:55 PM,0.04,in,A
12/28/2019 01:45:50 PM,12/28/2019 01:45:55 PM,0.04,in,A
12/28/2019 01:37:31 PM,12/28/2019 01:37:55 PM,0.04,in,A
12/28/2019 12:26:08 PM,12/28/2019 12:26:25 PM,0.04,in,A
12/28/2019 10:23:02 AM,12/28/2019 10:23:25 AM,0.00,in,A
12/27/2019 10:24:55 PM,12/27/2019 10:25:25 PM,0.00,in,A
12/27/2019 10:26:49 AM,12/27/2019 10:26:55 AM,0.00,in,A
12/26/2019 10:30:37 AM,12/26/2019 10:30:55 AM,0.00,in,A
12/25/2019 10:32:31 PM,12/25/2019 10:32:55 PM,0.00,in,A
12/25/2019 10:34:25 AM,12/25/2019 10:34:55 AM,0.00,in,A
12/23/2019 10:40:06 PM,12/23/2019 10:40:25 PM,0.00,in,A
12/23/2019 10:42:00 AM,12/23/2019 10:42:25 AM,0.00,in,A
12/22/2019 10:43:53 PM,12/22/2019 10:43:55 PM,0.00,in,A
12/22/2019 10:45:47 AM,12/22/2019 10:45:55 AM,0.00,in,A
12/22/2019 07:12:15 AM,12/22/2019 07:12:25 AM,0.04,in,A
12/21/2019 10:47:41 PM,12/21/2019 10:47:55 PM,0.00,in,A
12/21/2019 10:49:34 AM,12/21/2019 10:49:55 AM,0.00,in,A
12/20/2019 10:51:28 PM,12/20/2019 10:51:55 PM,0.00,in,A
12/19/2019 10:55:15 PM,12/19/2019 10:55:25 PM,0.00,in,A
12/19/2019 10:49:42 PM,12/19/2019 10:49:55 PM,0.04,in,AN
12/19/2019 12:00:33 PM,12/19/2019 12:00:55 PM,0.08,in,A
12/19/2019 10:57:09 AM,12/19/2019 10:57:25 AM,0.00,in,A
12/19/2019 10:35:49 AM,12/19/2019 10:35:55 AM,0.04,in,A
12/18/2019 10:59:02 PM,12/18/2019 10:59:25 PM,0.00,in,A
12/18/2019 04:47:17 PM,12/18/2019 04:47:25 PM,0.04,in,A
12/17/2019 11:02:48 PM,12/17/2019 11:02:55 PM,0.00,in,A
12/17/2019 06:03:37 AM,12/17/2019 11:05:17 AM,0.00,in,A
12/14/2019 06:14:57 AM,12/14/2019 11:16:11 AM,0.00,in,A
12/13/2019 06:42:45 PM,12/13/2019 11:44:26 PM,0.04,in,A
12/13/2019 06:16:52 PM,12/13/2019 11:18:09 PM,0.04,in,A
12/13/2019 06:18:45 AM,12/13/2019 11:20:02 AM,0.00,in,A
12/12/2019 06:20:39 PM,12/12/2019 11:22:30 PM,0.00,in,A
12/12/2019 06:22:33 AM,12/12/2019 11:23:56 AM,0.00,in,A
12/10/2019 06:28:13 PM,12/10/2019 11:30:02 PM,0.00,in,A
12/10/2019 06:30:07 AM,12/10/2019 11:31:13 AM,0.00,in,A
12/08/2019 06:35:47 PM,12/08/2019 11:36:53 PM,0.00,in,A
12/07/2019 06:39:34 PM,12/07/2019 11:40:55 PM,0.00,in,A
12/07/2019 06:41:28 AM,12/07/2019 11:43:04 AM,0.00,in,A
12/06/2019 06:43:22 PM,12/06/2019 11:44:54 PM,0.00,in,A
12/06/2019 06:45:15 AM,12/06/2019 11:46:44 AM,0.00,in,A
12/05/2019 06:47:09 PM,12/05/2019 11:48:43 PM,0.00,in,A
12/04/2019 06:50:56 PM,12/04/2019 11:52:33 PM,0.00,in,A
12/04/2019 06:52:50 AM,12/04/2019 11:53:55 AM,0.00,in,A
12/03/2019 06:54:44 PM,12/03/2019 11:55:58 PM,0.00,in,A
12/02/2019 06:58:31 PM,12/02/2019 11:59:39 PM,0.00,in,A
12/02/2019 07:00:25 AM,12/02/2019 12:01:59 PM,0.00,in,A
11/30/2019 07:06:06 PM,12/01/2019 12:07:44 AM,0.00,in,A
11/30/2019 07:07:59 AM,11/30/2019 12:09:18 PM,0.00,in,A
11/29/2019 07:28:45 PM,11/30/2019 12:30:34 AM,0.04,in,A
11/29/2019 07:09:53 PM,11/30/2019 12:11:25 AM,0.00,in,A
11/29/2019 05:30:46 PM,11/29/2019 10:32:17 PM,0.04,in,A
11/29/2019 05:24:10 PM,11/29/2019 10:25:47 PM,0.08,in,A
11/29/2019 02:32:39 PM,11/29/2019 07:33:54 PM,0.04,in,A
11/29/2019 02:20:41 PM,11/29/2019 07:21:56 PM,0.04,in,A
11/29/2019 02:16:34 PM,11/29/2019 07:17:47 PM,0.04,in,A
11/29/2019 02:13:37 PM,11/29/2019 07:14:49 PM,0.04,in,A
11/29/2019 02:08:52 PM,11/29/2019 07:10:21 PM,0.04,in,A
11/29/2019 02:07:09 PM,11/29/2019 07:09:01 PM,0.04,in,A
11/29/2019 02:00:21 PM,11/29/2019 07:01:44 PM,0.04,in,A
11/29/2019 01:51:44 PM,11/29/2019 06:52:55 PM,0.04,in,A
11/29/2019 01:32:28 PM,11/29/2019 06:33:59 PM,0.04,in,A
11/29/2019 01:27:24 PM,11/29/2019 06:28:30 PM,0.04,in,A
11/29/2019 01:17:16 PM,11/29/2019 06:18:58 PM,0.04,in,A
11/29/2019 01:12:28 PM,11/29/2019 06:13:50 PM,0.04,in,A
11/29/2019 01:10:11 PM,11/29/2019 06:11:45 PM,0.04,in,A
11/29/2019 01:05:16 PM,11/29/2019 06:06:28 PM,0.04,in,A
11/29/2019 11:50:42 AM,11/29/2019 04:51:55 PM,0.04,in,A
11/29/2019 07:11:47 AM,11/29/2019 12:12:58 PM,0.00,in,A
11/28/2019 07:13:40 PM,11/29/2019 12:14:47 AM,0.00,in,A
11/28/2019 12:12:38 PM,11/28/2019 05:13:59 PM,0.04,in,A
11/28/2019 07:24:15 AM,11/28/2019 12:25:52 PM,0.04,in,A
11/28/2019 07:15:34 AM,11/28/2019 12:17:01 PM,0.00,in,A
11/28/2019 06:18:02 AM,11/28/2019 11:19:17 AM,0.04,in,A
11/28/2019 05:31:20 AM,11/28/2019 10:32:45 AM,0.04,in,A
11/27/2019 07:17:28 PM,11/28/2019 12:18:57 AM,0.00,in,A
11/27/2019 07:19:21 AM,11/27/2019 12:20:34 PM,0.00,in,A
11/26/2019 07:21:15 PM,11/27/2019 12:22:22 AM,0.00,in,A
11/26/2019 07:23:09 AM,11/26/2019 12:25:03 PM,0.00,in,A
11/25/2019 07:25:03 PM,11/26/2019 12:26:29 AM,0.00,in,A
11/25/2019 07:26:57 AM,11/25/2019 12:28:05 PM,0.00,in,A
11/24/2019 07:28:51 PM,11/25/2019 12:30:31 AM,0.00,in,A
11/24/2019 07:30:45 AM,11/24/2019 12:32:22 PM,0.00,in,A
11/23/2019 07:32:38 PM,11/24/2019 12:34:18 AM,0.00,in,A
11/23/2019 07:34:32 AM,11/23/2019 12:35:50 PM,0.00,in,A
11/22/2019 07:36:26 PM,11/23/2019 12:37:55 AM,0.00,in,A
11/22/2019 07:38:19 AM,11/22/2019 12:39:50 PM,0.00,in,A
11/21/2019 07:40:13 PM,11/22/2019 12:41:21 AM,0.00,in,A
11/21/2019 07:42:07 AM,11/21/2019 12:43:18 PM,0.00,in,A
11/20/2019 10:10:40 PM,11/21/2019 03:12:27 AM,0.04,in,A
11/20/2019 07:44:01 PM,11/21/2019 12:45:33 AM,0.04,in,A
11/20/2019 01:32:40 PM,11/20/2019 06:33:51 PM,0.04,in,A
11/20/2019 01:11:51 PM,11/20/2019 06:13:33 PM,0.04,in,A
11/20/2019 07:45:55 AM,11/20/2019 12:47:31 PM,0.00,in,A
11/19/2019 07:47:49 PM,11/20/2019 12:49:20 AM,0.00,in,A
11/19/2019 07:49:43 AM,11/19/2019 12:51:01 PM,0.00,in,A
11/18/2019 07:51:37 PM,11/19/2019 12:53:19 AM,0.00,in,A
11/18/2019 07:53:31 AM,11/18/2019 12:54:39 PM,0.00,in,A
11/17/2019 07:55:25 PM,11/18/2019 12:56:36 AM,0.00,in,A
11/17/2019 07:57:18 AM,11/17/2019 12:58:39 PM,0.00,in,A
11/16/2019 07:59:12 PM,11/17/2019 01:00:17 AM,0.00,in,A
11/16/2019 08:01:06 AM,11/16/2019 01:02:33 PM,0.00,in,A
11/15/2019 08:02:59 PM,11/16/2019 01:04:25 AM,0.00,in,A
11/14/2019 08:06:46 PM,11/15/2019 01:08:00 AM,0.00,in,A
11/13/2019 08:10:34 PM,11/14/2019 01:11:54 AM,0.00,in,A
11/13/2019 08:12:27 AM,11/13/2019 01:13:44 PM,0.00,in,A
11/13/2019 04:05:59 AM,11/13/2019 09:07:08 AM,0.04,in,A
11/12/2019 08:14:21 PM,11/13/2019 01:15:28 AM,0.00,in,A
11/12/2019 08:16:14 AM,11/12/2019 01:17:29 PM,0.00,in,A
11/11/2019 08:18:07 PM,11/12/2019 01:19:25 AM,0.00,in,A
11/11/2019 08:20:00 AM,11/11/2019 01:21:07 PM,0.00,in,A
11/10/2019 10:07:55 PM,11/11/2019 03:09:31 AM,0.04,in,A
11/10/2019 08:23:48 AM,11/10/2019 01:25:01 PM,0.00,in,A
11/09/2019 08:25:42 PM,11/10/2019 01:27:15 AM,0.00,in,A
11/09/2019 08:27:35 AM,11/09/2019 01:29:00 PM,0.00,in,A
11/08/2019 08:29:30 PM,11/09/2019 01:30:52 AM,0.00,in,A
11/08/2019 08:31:23 AM,11/08/2019 01:32:38 PM,0.00,in,A
11/07/2019 08:33:16 PM,11/08/2019 01:34:54 AM,0.00,in,A
11/07/2019 08:35:10 AM,11/07/2019 01:36:40 PM,0.00,in,A
11/06/2019 08:37:04 PM,11/07/2019 01:38:13 AM,0.00,in,A
11/05/2019 09:27:06 PM,11/06/2019 02:28:33 AM,0.00,in,A
11/04/2019 09:30:59 PM,11/05/2019 02:32:06 AM,0.00,in,A
11/04/2019 09:32:55 AM,11/04/2019 02:34:25 PM,0.00,in,A
11/03/2019 09:34:52 PM,11/04/2019 02:36:31 AM,0.00,in,A
11/02/2019 10:38:46 PM,11/03/2019 02:39:54 AM,0.00,in,A
11/01/2019 10:42:40 PM,11/02/2019 03:43:57 AM,0.00,in,A
11/01/2019 10:44:36 AM,11/01/2019 03:45:52 PM,0.00,in,A
10/31/2019 10:46:33 PM,11/01/2019 03:48:08 AM,0.00,in,A
10/31/2019 06:23:35 AM,10/31/2019 11:24:59 AM,0.08,in,A
10/30/2019 10:50:26 PM,10/31/2019 03:51:51 AM,0.00,in,A
10/30/2019 10:52:22 AM,10/30/2019 03:53:50 PM,0.00,in,A
10/30/2019 07:53:36 AM,10/30/2019 12:54:51 PM,0.04,in,A
10/30/2019 06:20:58 AM,10/30/2019 11:22:17 AM,0.04,in,A
10/30/2019 05:05:06 AM,10/30/2019 10:06:21 AM,0.04,in,A
10/29/2019 10:54:19 PM,10/30/2019 03:55:59 AM,0.00,in,A
10/29/2019 10:56:15 AM,10/29/2019 03:57:42 PM,0.00,in,A
10/28/2019 10:58:12 PM,10/29/2019 03:59:45 AM,0.00,in,A
10/28/2019 04:13:10 PM,10/28/2019 09:14:17 PM,0.04,in,A
10/28/2019 02:54:20 PM,10/28/2019 07:55:31 PM,0.04,in,A
10/28/2019 02:13:13 PM,10/28/2019 07:14:25 PM,0.04,in,A
10/28/2019 01:46:02 PM,10/28/2019 06:47:33 PM,0.04,in,A
10/28/2019 01:26:55 PM,10/28/2019 06:28:32 PM,0.04,in,A
10/28/2019 12:18:49 PM,10/28/2019 05:20:08 PM,0.04,in,A
10/27/2019 11:02:06 PM,10/28/2019 04:03:46 AM,0.00,in,A
10/27/2019 11:04:02 AM,10/27/2019 04:05:31 PM,0.00,in,A
10/26/2019 11:06:00 PM,10/27/2019 04:07:26 AM,0.00,in,A
10/26/2019 11:07:56 AM,10/26/2019 04:09:16 PM,0.00,in,A
10/25/2019 11:09:53 PM,10/26/2019 04:11:27 AM,0.00,in,A
10/25/2019 11:11:50 AM,10/25/2019 04:13:02 PM,0.00,in,A
10/24/2019 11:13:47 PM,10/25/2019 04:15:29 AM,0.00,in,A
10/24/2019 11:15:44 AM,10/24/2019 04:16:52 PM,0.00,in,A
10/23/2019 11:17:41 PM,10/24/2019 04:19:33 AM,0.00,in,A
10/23/2019 11:19:37 AM,10/23/2019 04:20:54 PM,0.00,in,A
10/22/2019 11:23:31 AM,10/22/2019 04:24:50 PM,0.00,in,A
10/21/2019 11:25:28 PM,10/22/2019 04:26:42 AM,0.00,in,A
10/21/2019 11:27:25 AM,10/21/2019 04:28:51 PM,0.00,in,A
10/20/2019 11:29:22 PM,10/21/2019 04:30:55 AM,0.00,in,A
10/20/2019 07:44:09 PM,10/21/2019 12:45:18 AM,0.04,in,A
10/20/2019 07:30:53 PM,10/21/2019 12:31:58 AM,0.04,in,A
10/20/2019 07:24:19 PM,10/21/2019 12:25:28 AM,0.04,in,A
10/20/2019 07:14:21 PM,10/21/2019 12:15:58 AM,0.04,in,A
10/20/2019 07:01:02 PM,10/21/2019 12:02:57 AM,0.04,in,A
10/20/2019 06:34:38 PM,10/20/2019 11:35:54 PM,0.04,in,A
10/20/2019 06:21:34 PM,10/20/2019 11:23:01 PM,0.04,in,A
10/20/2019 06:16:07 PM,10/20/2019 11:17:14 PM,0.04,in,A
10/20/2019 06:13:36 PM,10/20/2019 11:14:54 PM,0.04,in,A
10/20/2019 06:04:58 PM,10/20/2019 11:06:12 PM,0.04,in,A
10/20/2019 11:31:19 AM,10/20/2019 04:32:47 PM,0.00,in,A
10/19/2019 11:33:17 PM,10/20/2019 04:34:44 AM,0.00,in,A
10/19/2019 11:35:14 AM,10/19/2019 04:36:44 PM,0.00,in,A
10/19/2019 03:37:56 AM,10/19/2019 08:39:26 AM,0.04,in,A
10/19/2019 02:19:35 AM,10/19/2019 07:21:16 AM,0.04,in,A
10/19/2019 01:26:19 AM,10/19/2019 06:27:29 AM,0.08,in,A
10/18/2019 11:37:11 PM,10/19/2019 04:38:24 AM,0.00,in,A
10/18/2019 11:39:07 AM,10/18/2019 04:40:16 PM,0.00,in,A
10/17/2019 11:41:05 PM,10/18/2019 04:42:21 AM,0.00,in,A
10/17/2019 11:43:01 AM,10/17/2019 04:44:24 PM,0.00,in,A
10/16/2019 11:44:59 PM,10/17/2019 04:46:30 AM,0.00,in,A
10/16/2019 11:46:55 AM,10/16/2019 04:48:17 PM,0.00,in,A
10/15/2019 11:48:52 PM,10/16/2019 04:50:29 AM,0.00,in,A
10/15/2019 11:50:49 AM,10/15/2019 04:51:58 PM,0.00,in,A
10/14/2019 11:52:46 PM,10/15/2019 04:54:11 AM,0.00,in,A
10/14/2019 11:54:43 AM,10/14/2019 04:55:50 PM,0.00,in,A
10/13/2019 11:56:40 PM,10/14/2019 04:58:03 AM,0.00,in,A
10/13/2019 11:58:37 AM,10/13/2019 04:59:48 PM,0.00,in,A
10/13/2019 12:00:34 AM,10/13/2019 05:02:00 AM,0.00,in,A
10/12/2019 12:02:31 PM,10/12/2019 05:03:47 PM,0.00,in,A
10/12/2019 12:04:28 AM,10/12/2019 05:05:46 AM,0.00,in,A
10/11/2019 12:08:21 AM,10/11/2019 05:10:02 AM,0.00,in,A
10/10/2019 12:10:18 PM,10/10/2019 05:11:50 PM,0.00,in,A
10/10/2019 11:27:18 AM,10/10/2019 04:28:31 PM,0.04,in,A
10/10/2019 11:24:24 AM,10/10/2019 04:25:36 PM,0.04,in,A
10/10/2019 11:18:09 AM,10/10/2019 04:19:38 PM,0.04,in,A
10/10/2019 11:16:06 AM,10/10/2019 04:17:19 PM,0.08,in,A
10/10/2019 11:11:39 AM,10/10/2019 04:12:51 PM,0.04,in,A
10/10/2019 12:12:16 AM,10/10/2019 05:13:48 AM,0.00,in,A
10/09/2019 10:44:07 PM,10/10/2019 03:45:13 AM,0.08,in,A
10/09/2019 12:14:13 PM,10/09/2019 05:15:51 PM,0.00,in,A
10/09/2019 11:29:23 AM,10/09/2019 04:30:44 PM,0.04,in,A
10/09/2019 08:34:36 AM,10/09/2019 01:36:03 PM,0.04,in,A
10/09/2019 08:01:40 AM,10/09/2019 01:03:15 PM,0.04,in,A
10/09/2019 07:28:24 AM,10/09/2019 12:29:39 PM,0.04,in,A
10/09/2019 06:20:49 AM,10/09/2019 11:22:23 AM,0.04,in,A
10/09/2019 12:16:10 AM,10/09/2019 05:17:22 AM,0.00,in,A
10/08/2019 12:20:04 AM,10/08/2019 05:21:22 AM,0.00,in,A
10/07/2019 12:22:01 PM,10/07/2019 05:23:32 PM,0.00,in,A
10/07/2019 12:23:59 AM,10/07/2019 05:25:33 AM,0.00,in,A
10/06/2019 11:40:49 PM,10/07/2019 04:42:14 AM,0.04,in,A
10/06/2019 12:25:56 PM,10/06/2019 05:27:04 PM,0.00,in,A
10/06/2019 12:27:53 AM,10/06/2019 05:29:07 AM,0.00,in,A
10/05/2019 12:31:47 AM,10/05/2019 05:32:59 AM,0.00,in,A
10/04/2019 12:33:44 PM,10/04/2019 05:35:09 PM,0.00,in,A
10/04/2019 12:35:41 AM,10/04/2019 05:36:56 AM,0.00,in,A
10/03/2019 04:03:14 AM,10/03/2019 09:04:23 AM,0.04,in,A
10/03/2019 12:39:35 AM,10/03/2019 05:41:10 AM,0.00,in,A
10/02/2019 06:25:24 PM,10/02/2019 11:26:50 PM,0.04,in,A
10/02/2019 06:21:15 PM,10/02/2019 11:22:21 PM,0.04,in,A
10/02/2019 06:18:48 PM,10/02/2019 11:20:28 PM,0.04,in,A
10/02/2019 06:04:24 PM,10/02/2019 11:05:43 PM,0.04,in,A
10/02/2019 06:03:01 PM,10/02/2019 11:04:26 PM,0.08,in,A
10/02/2019 04:24:17 PM,10/02/2019 09:25:59 PM,0.04,in,A
10/02/2019 02:56:04 PM,10/02/2019 07:57:26 PM,0.04,in,A
10/02/2019 02:36:12 PM,10/02/2019 07:37:18 PM,0.04,in,A
10/02/2019 02:31:49 PM,10/02/2019 07:33:09 PM,0.04,in,A
10/02/2019 12:41:33 PM,10/02/2019 05:42:43 PM,0.00,in,A
10/02/2019 01:45:33 AM,10/02/2019 06:47:00 AM,0.04,in,A
10/02/2019 12:43:29 AM,10/02/2019 05:44:49 AM,0.00,in,A
10/01/2019 12:45:27 PM,10/01/2019 05:46:36 PM,0.00,in,A
09/30/2019 12:49:21 PM,09/30/2019 05:50:39 PM,0.00,in,A
09/30/2019 12:51:18 AM,09/30/2019 05:52:28 AM,0.00,in,A
09/29/2019 12:53:16 PM,09/29/2019 05:54:30 PM,0.00,in,A
09/29/2019 12:55:13 AM,09/29/2019 05:56:56 AM,0.00,in,A
09/28/2019 02:26:52 PM,09/28/2019 07:28:30 PM,0.04,in,A
09/28/2019 01:45:56 PM,09/28/2019 06:47:18 PM,0.08,in,A
09/28/2019 01:20:10 PM,09/28/2019 06:22:02 PM,0.08,in,A
09/28/2019 01:03:08 PM,09/28/2019 06:04:17 PM,0.04,in,A
09/28/2019 01:01:17 PM,09/28/2019 06:02:27 PM,0.08,in,A
09/28/2019 01:00:02 PM,09/28/2019 06:01:19 PM,0.08,in,A
09/28/2019 12:58:43 PM,09/28/2019 06:00:04 PM,0.04,in,A
09/28/2019 12:57:39 PM,09/28/2019 05:59:03 PM,0.04,in,A
09/28/2019 12:57:11 PM,09/28/2019 05:59:03 PM,0.00,in,A
09/28/2019 12:56:30 PM,09/28/2019 05:57:44 PM,0.04,in,A
09/28/2019 12:54:32 PM,09/28/2019 05:56:00 PM,0.04,in,A
09/28/2019 12:52:35 PM,09/28/2019 05:53:40 PM,0.04,in,A
09/28/2019 12:50:51 PM,09/28/2019 05:52:19 PM,0.08,in,A
09/28/2019 12:45:50 PM,09/28/2019 05:47:22 PM,0.04,in,A
09/28/2019 12:44:22 PM,09/28/2019 05:45:50 PM,0.08,in,A
09/28/2019 12:39:21 PM,09/28/2019 05:41:00 PM,0.04,in,A
09/28/2019 12:20:42 PM,09/28/2019 05:22:18 PM,0.08,in,A
09/28/2019 12:06:22 PM,09/28/2019 05:07:48 PM,0.04,in,A
09/28/2019 12:01:03 PM,09/28/2019 05:02:29 PM,0.04,in,A
09/28/2019 11:57:34 AM,09/28/2019 04:59:09 PM,0.04,in,A
09/28/2019 11:42:16 AM,09/28/2019 04:43:33 PM,0.08,in,A
09/28/2019 11:27:33 AM,09/28/2019 04:28:40 PM,0.04,in,A
09/28/2019 11:16:59 AM,09/28/2019 04:18:28 PM,0.04,in,A
09/28/2019 12:59:08 AM,09/28/2019 06:00:54 AM,0.00,in,A
09/27/2019 09:19:29 PM,09/28/2019 02:20:44 AM,0.04,in,A
09/27/2019 09:16:15 PM,09/28/2019 02:17:38 AM,0.12,in,A
09/27/2019 08:08:10 PM,09/28/2019 01:09:39 AM,0.04,in,A
09/27/2019 08:07:02 PM,09/28/2019 01:08:16 AM,0.04,in,A
09/27/2019 08:06:30 PM,09/28/2019 01:07:46 AM,0.04,in,A
09/27/2019 07:42:14 PM,09/28/2019 12:43:58 AM,0.04,in,A
09/27/2019 07:32:53 PM,09/28/2019 12:34:32 AM,0.04,in,A
09/27/2019 07:31:20 PM,09/28/2019 12:32:26 AM,0.04,in,A
09/27/2019 07:29:48 PM,09/28/2019 12:31:32 AM,0.08,in,A
09/27/2019 06:53:28 PM,09/27/2019 11:54:41 PM,0.04,in,A
09/27/2019 06:51:25 PM,09/27/2019 11:52:36 PM,0.04,in,A
09/27/2019 06:46:24 PM,09/27/2019 11:48:03 PM,0.04,in,A
09/27/2019 06:42:40 PM,09/27/2019 11:44:22 PM,0.04,in,A
09/27/2019 06:41:48 PM,09/27/2019 11:42:56 PM,0.04,in,A
09/27/2019 06:40:19 PM,09/27/2019 11:41:39 PM,0.12,in,A
09/27/2019 06:15:24 PM,09/27/2019 11:16:43 PM,0.04,in,A
09/27/2019 06:14:12 PM,09/27/2019 11:15:29 PM,0.04,in,A
09/27/2019 06:12:40 PM,09/27/2019 11:14:16 PM,0.08,in,A
09/27/2019 06:04:32 PM,09/27/2019 11:05:57 PM,0.08,in,A
09/27/2019 05:34:11 PM,09/27/2019 10:35:33 PM,0.04,in,A
09/26/2019 07:32:12 PM,09/27/2019 06:04:21 AM,0.00,in,A
09/26/2019 07:34:09 AM,09/26/2019 06:06:12 PM,0.00,in,A
09/25/2019 08:24:16 PM,09/26/2019 06:08:36 AM,0.00,in,A
09/25/2019 08:26:13 AM,09/25/2019 06:10:41 PM,0.00,in,A
09/23/2019 08:58:14 PM,09/24/2019 06:16:16 AM,0.00,in,A
09/23/2019 09:00:10 AM,09/23/2019 06:18:29 PM,0.00,in,A
09/23/2019 03:05:37 AM,09/23/2019 06:19:48 AM,0.00,in,A
09/22/2019 03:07:35 PM,09/22/2019 06:22:08 PM,0.00,in,A
09/22/2019 01:36:54 PM,09/22/2019 04:51:37 PM,0.04,in,A
09/22/2019 11:30:31 AM,09/22/2019 02:45:01 PM,0.04,in,A
09/22/2019 11:28:14 AM,09/22/2019 02:42:37 PM,0.04,in,A
09/22/2019 11:27:39 AM,09/22/2019 02:42:37 PM,0.08,in,A
09/22/2019 11:24:10 AM,09/22/2019 02:38:26 PM,0.04,in,A
09/22/2019 11:22:13 AM,09/22/2019 02:36:38 PM,0.04,in,A
09/22/2019 11:21:25 AM,09/22/2019 02:35:40 PM,0.04,in,A
09/22/2019 11:20:32 AM,09/22/2019 02:34:48 PM,0.04,in,A
09/22/2019 11:19:42 AM,09/22/2019 02:33:59 PM,0.04,in,A
09/22/2019 11:18:43 AM,09/22/2019 02:33:07 PM,0.04,in,A
09/22/2019 11:17:56 AM,09/22/2019 02:32:06 PM,0.04,in,A
09/22/2019 11:17:12 AM,09/22/2019 02:32:06 PM,0.04,in,A
09/22/2019 11:15:10 AM,09/22/2019 02:29:23 PM,0.04,in,A
09/22/2019 11:13:09 AM,09/22/2019 02:27:40 PM,0.04,in,A
09/22/2019 11:11:55 AM,09/22/2019 02:26:21 PM,0.04,in,A
09/22/2019 11:05:34 AM,09/22/2019 02:19:56 PM,0.04,in,A
09/22/2019 10:59:43 AM,09/22/2019 02:14:01 PM,0.04,in,A
09/22/2019 06:33:16 AM,09/22/2019 09:47:32 AM,0.04,in,A
09/22/2019 06:31:14 AM,09/22/2019 09:45:26 AM,0.04,in,A
09/22/2019 06:30:03 AM,09/22/2019 09:44:22 AM,0.04,in,A
09/22/2019 06:29:01 AM,09/22/2019 09:43:38 AM,0.08,in,A
09/22/2019 06:26:26 AM,09/22/2019 09:40:58 AM,0.04,in,A
09/22/2019 06:25:15 AM,09/22/2019 09:39:28 AM,0.04,in,A
09/22/2019 06:24:15 AM,09/22/2019 09:38:54 AM,0.04,in,A
09/22/2019 06:23:21 AM,09/22/2019 09:38:06 AM,0.08,in,A
09/22/2019 06:21:15 AM,09/22/2019 09:35:27 AM,0.12,in,A
09/22/2019 05:56:00 AM,09/22/2019 09:10:25 AM,0.04,in,A
09/22/2019 05:46:54 AM,09/22/2019 09:01:38 AM,0.08,in,A
09/22/2019 05:40:55 AM,09/22/2019 08:55:24 AM,0.04,in,A
09/22/2019 05:37:53 AM,09/22/2019 08:52:10 AM,0.04,in,A
09/22/2019 05:34:15 AM,09/22/2019 08:48:42 AM,0.08,in,A
09/22/2019 05:30:46 AM,09/22/2019 08:45:22 AM,0.04,in,A
09/22/2019 05:28:28 AM,09/22/2019 08:43:08 AM,0.04,in,A
09/22/2019 05:24:35 AM,09/22/2019 08:39:01 AM,0.08,in,A
09/22/2019 05:20:41 AM,09/22/2019 08:35:16 AM,0.04,in,A
09/22/2019 05:19:24 AM,09/22/2019 08:34:00 AM,0.04,in,A
09/22/2019 05:14:57 AM,09/22/2019 08:29:24 AM,0.12,in,A
09/22/2019 04:59:56 AM,09/22/2019 08:14:23 AM,0.08,in,A
09/22/2019 04:53:57 AM,09/22/2019 08:08:12 AM,0.08,in,A
09/22/2019 04:44:28 AM,09/22/2019 07:58:41 AM,0.04,in,A
09/22/2019 04:41:33 AM,09/22/2019 07:56:01 AM,0.04,in,A
09/22/2019 04:39:24 AM,09/22/2019 07:54:07 AM,0.04,in,A
09/22/2019 04:38:01 AM,09/22/2019 07:52:22 AM,0.04,in,A
09/22/2019 04:37:06 AM,09/22/2019 07:51:24 AM,0.04,in,A
09/22/2019 04:35:49 AM,09/22/2019 07:50:21 AM,0.04,in,A
09/22/2019 04:31:50 AM,09/22/2019 07:46:35 AM,0.04,in,A
09/22/2019 04:28:30 AM,09/22/2019 07:43:08 AM,0.04,in,A
09/22/2019 04:23:43 AM,09/22/2019 07:37:56 AM,0.08,in,A
09/22/2019 04:02:16 AM,09/22/2019 07:16:36 AM,0.08,in,A
09/22/2019 03:42:29 AM,09/22/2019 06:57:01 AM,0.04,in,A
09/22/2019 03:41:23 AM,09/22/2019 06:55:37 AM,0.04,in,A
09/22/2019 03:40:00 AM,09/22/2019 06:54:26 AM,0.04,in,A
09/22/2019 03:36:17 AM,09/22/2019 06:51:06 AM,0.04,in,A
09/22/2019 03:20:32 AM,09/22/2019 06:34:47 AM,0.04,in,A
09/22/2019 02:48:39 AM,09/22/2019 06:02:54 AM,0.04,in,A
09/22/2019 02:46:34 AM,09/22/2019 06:01:08 AM,0.04,in,A
09/22/2019 02:44:41 AM,09/22/2019 05:59:07 AM,0.04,in,A
09/22/2019 02:42:26 AM,09/22/2019 05:56:40 AM,0.12,in,A
09/22/2019 02:26:24 AM,09/22/2019 05:40:53 AM,0.04,in,A
09/22/2019 02:24:40 AM,09/22/2019 05:38:53 AM,0.04,in,A
09/22/2019 02:23:44 AM,09/22/2019 05:38:04 AM,0.08,in,A
09/22/2019 02:20:14 AM,09/22/2019 05:34:44 AM,0.04,in,A
09/22/2019 02:18:57 AM,09/22/2019 05:33:18 AM,0.04,in,A
09/22/2019 02:18:05 AM,09/22/2019 05:32:19 AM,0.04,in,A
09/22/2019 01:56:47 AM,09/22/2019 05:11:01 AM,0.08,in,A
09/22/2019 01:43:07 AM,09/22/2019 04:57:39 AM,0.04,in,A
09/22/2019 01:36:07 AM,09/22/2019 04:50:23 AM,0.08,in,A
09/22/2019 01:29:31 AM,09/22/2019 04:43:51 AM,0.04,in,A
09/22/2019 01:25:34 AM,09/22/2019 04:40:10 AM,0.04,in,A
09/21/2019 03:11:30 PM,09/21/2019 06:26:07 PM,0.00,in,A
09/21/2019 12:53:00 PM,09/21/2019 04:07:19 PM,0.04,in,A
09/21/2019 11:24:52 AM,09/21/2019 02:39:25 PM,0.04,in,A
09/21/2019 11:00:59 AM,09/21/2019 02:15:25 PM,0.08,in,A
09/21/2019 03:13:27 AM,09/21/2019 06:27:40 AM,0.00,in,A
09/20/2019 03:15:24 PM,09/20/2019 06:29:59 PM,0.00,in,A
09/20/2019 03:17:22 AM,09/20/2019 06:31:46 AM,0.00,in,A
09/19/2019 03:19:19 PM,09/19/2019 06:33:45 PM,0.00,in,A
09/19/2019 03:21:16 AM,09/19/2019 06:35:33 AM,0.00,in,A
09/18/2019 03:23:13 PM,09/18/2019 06:37:32 PM,0.00,in,A
09/18/2019 03:25:10 AM,09/18/2019 06:39:53 AM,0.00,in,A
09/17/2019 03:27:07 PM,09/17/2019 06:41:18 PM,0.00,in,A
09/17/2019 03:29:05 AM,09/17/2019 06:43:43 AM,0.00,in,A
09/16/2019 03:31:02 PM,09/16/2019 06:45:56 PM,0.00,in,A
09/16/2019 03:33:00 AM,09/16/2019 06:47:24 AM,0.00,in,A
09/15/2019 03:34:56 PM,09/15/2019 06:49:10 PM,0.00,in,A
09/15/2019 03:36:54 AM,09/15/2019 06:51:26 AM,0.00,in,A
09/14/2019 03:38:51 PM,09/14/2019 06:53:21 PM,0.00,in,A
09/14/2019 03:40:49 AM,09/14/2019 06:55:02 AM,0.00,in,A
09/13/2019 03:42:46 PM,09/13/2019 06:57:08 PM,0.00,in,A
09/13/2019 03:44:42 AM,09/13/2019 06:59:18 AM,0.00,in,A
09/12/2019 06:09:18 PM,09/12/2019 09:23:36 PM,0.04,in,A
09/12/2019 06:06:37 PM,09/12/2019 09:20:59 PM,0.04,in,A
09/12/2019 06:03:50 PM,09/12/2019 09:18:07 PM,0.04,in,A
09/12/2019 05:54:49 PM,09/12/2019 09:09:03 PM,0.04,in,A
09/12/2019 03:46:40 PM,09/12/2019 07:01:35 PM,0.00,in,A
09/12/2019 03:48:38 AM,09/12/2019 07:03:28 AM,0.00,in,A
09/11/2019 03:50:35 PM,09/11/2019 07:04:44 PM,0.00,in,A
09/11/2019 03:52:32 AM,09/11/2019 07:07:07 AM,0.00,in,A
09/10/2019 03:54:29 PM,09/10/2019 07:09:06 PM,0.00,in,A
09/10/2019 03:56:27 AM,09/10/2019 07:10:45 AM,0.00,in,A
09/09/2019 03:58:23 PM,09/09/2019 07:12:58 PM,0.00,in,A
09/09/2019 04:00:21 AM,09/09/2019 07:14:45 AM,0.00,in,A
09/08/2019 04:02:18 PM,09/08/2019 07:16:31 PM,0.00,in,A
09/08/2019 04:04:15 AM,09/08/2019 07:18:41 AM,0.00,in,A
09/08/2019 02:06:26 AM,09/08/2019 05:21:00 AM,0.04,in,A
09/08/2019 02:04:59 AM,09/08/2019 05:19:38 AM,0.08,in,A
09/08/2019 01:45:24 AM,09/08/2019 05:00:06 AM,0.04,in,A
09/08/2019 01:43:09 AM,09/08/2019 04:57:37 AM,0.04,in,A
09/08/2019 01:26:46 AM,09/08/2019 04:41:38 AM,0.04,in,A
09/08/2019 01:25:27 AM,09/08/2019 04:40:03 AM,0.04,in,A
09/08/2019 01:23:44 AM,09/08/2019 04:38:07 AM,0.04,in,A
09/08/2019 01:22:33 AM,09/08/2019 04:36:50 AM,0.04,in,A
09/08/2019 01:19:09 AM,09/08/2019 04:33:40 AM,0.04,in,A
09/08/2019 12:57:14 AM,09/08/2019 04:12:01 AM,0.04,in,A
09/07/2019 04:06:55 PM,09/07/2019 07:21:12 PM,0.00,in,A
09/07/2019 04:09:48 AM,09/07/2019 07:24:17 AM,0.00,in,A
09/06/2019 04:12:40 PM,09/06/2019 07:26:50 PM,0.00,in,A
09/06/2019 04:15:33 AM,09/06/2019 07:30:34 AM,0.00,in,A
09/05/2019 04:18:25 PM,09/05/2019 07:33:04 PM,0.00,in,A
09/05/2019 04:21:18 AM,09/05/2019 07:35:30 AM,0.00,in,A
09/04/2019 04:24:10 PM,09/04/2019 07:38:21 PM,0.00,in,A
09/04/2019 04:27:02 AM,09/04/2019 07:41:38 AM,0.00,in,A
09/03/2019 04:29:55 PM,09/03/2019 07:44:26 PM,0.00,in,A
09/03/2019 04:32:47 AM,09/03/2019 07:47:38 AM,0.00,in,A
09/02/2019 04:35:40 PM,09/02/2019 07:50:06 PM,0.00,in,A
09/02/2019 04:38:32 AM,09/02/2019 07:52:58 AM,0.00,in,A
09/01/2019 04:41:25 PM,09/01/2019 07:55:50 PM,0.00,in,A
08/31/2019 04:47:09 PM,08/31/2019 08:01:26 PM,0.00,in,A
08/31/2019 04:50:02 AM,08/31/2019 08:04:33 AM,0.00,in,A
08/30/2019 04:52:54 PM,08/30/2019 08:07:26 PM,0.04,in,A
08/30/2019 04:55:47 AM,08/30/2019 08:10:33 AM,0.00,in,A
08/30/2019 04:14:28 AM,08/30/2019 07:28:54 AM,0.04,in,A
08/30/2019 03:55:58 AM,08/30/2019 07:10:31 AM,0.08,in,A
08/30/2019 03:33:34 AM,08/30/2019 06:47:47 AM,0.04,in,A
08/30/2019 03:17:48 AM,08/30/2019 06:32:11 AM,0.04,in,A
08/30/2019 03:07:54 AM,08/30/2019 06:22:28 AM,0.04,in,A
08/30/2019 02:45:57 AM,08/30/2019 06:00:13 AM,0.04,in,A
08/30/2019 02:31:53 AM,08/30/2019 05:46:12 AM,0.04,in,A
08/30/2019 02:18:57 AM,08/30/2019 05:33:11 AM,0.04,in,A
08/30/2019 02:06:18 AM,08/30/2019 05:20:33 AM,0.08,in,A
08/30/2019 01:35:04 AM,08/30/2019 04:49:14 AM,0.04,in,A
08/30/2019 01:23:52 AM,08/30/2019 04:38:05 AM,0.04,in,A
08/30/2019 12:58:08 AM,08/30/2019 04:12:35 AM,0.04,in,A
08/30/2019 12:41:30 AM,08/30/2019 03:55:47 AM,0.04,in,A
08/30/2019 12:15:54 AM,08/30/2019 03:30:04 AM,0.04,in,A
08/29/2019 11:50:17 PM,08/30/2019 03:04:37 AM,0.04,in,A
08/29/2019 11:14:15 PM,08/30/2019 02:28:29 AM,0.04,in,A
08/29/2019 10:57:39 PM,08/30/2019 02:12:11 AM,0.04,in,A
08/29/2019 10:49:19 PM,08/30/2019 02:03:32 AM,0.08,in,A
08/29/2019 10:31:15 PM,08/30/2019 01:45:57 AM,0.04,in,A
08/29/2019 10:25:37 PM,08/30/2019 01:40:39 AM,0.04,in,A
08/29/2019 10:22:28 PM,08/30/2019 01:36:44 AM,0.08,in,A
08/29/2019 09:42:42 PM,08/30/2019 12:57:17 AM,0.04,in,A
08/29/2019 09:28:53 PM,08/30/2019 12:43:38 AM,0.04,in,A
08/29/2019 09:19:53 PM,08/30/2019 12:34:39 AM,0.04,in,A
08/29/2019 09:15:24 PM,08/30/2019 12:29:54 AM,0.04,in,A
08/29/2019 09:12:58 PM,08/30/2019 12:27:09 AM,0.08,in,A
08/29/2019 04:58:39 PM,08/29/2019 08:12:59 PM,0.00,in,A
08/29/2019 05:01:32 AM,08/29/2019 08:15:41 AM,0.00,in,A
08/28/2019 05:04:25 PM,08/28/2019 08:18:41 PM,0.00,in,A
08/27/2019 05:10:09 PM,08/27/2019 08:25:06 PM,0.00,in,A
08/27/2019 05:13:01 AM,08/27/2019 08:27:37 AM,0.00,in,A
08/27/2019 02:25:29 AM,08/27/2019 05:40:05 AM,0.04,in,A
08/26/2019 05:15:54 PM,08/26/2019 08:30:05 PM,0.08,in,A
08/26/2019 08:17:25 AM,08/26/2019 11:32:07 AM,0.08,in,A
08/26/2019 08:15:11 AM,08/26/2019 11:30:02 AM,0.04,in,A
08/26/2019 08:14:32 AM,08/26/2019 11:28:45 AM,0.04,in,A
08/26/2019 08:13:57 AM,08/26/2019 11:28:14 AM,0.04,in,A
08/26/2019 08:13:20 AM,08/26/2019 11:27:50 AM,0.04,in,A
08/26/2019 08:12:41 AM,08/26/2019 11:27:18 AM,0.12,in,A
08/26/2019 08:10:51 AM,08/26/2019 11:25:26 AM,0.16,in,A
08/26/2019 08:08:56 AM,08/26/2019 11:23:09 AM,0.08,in,A
08/26/2019 08:07:36 AM,08/26/2019 11:21:52 AM,0.08,in,A
08/26/2019 08:00:10 AM,08/26/2019 11:14:31 AM,0.04,in,A
08/26/2019 07:38:46 AM,08/26/2019 10:53:10 AM,0.04,in,A
08/26/2019 05:18:46 AM,08/26/2019 08:33:28 AM,0.00,in,A
08/25/2019 05:21:39 PM,08/25/2019 08:36:14 PM,0.04,in,A
08/25/2019 11:50:29 AM,08/25/2019 03:04:40 PM,0.04,in,A
08/25/2019 11:22:01 AM,08/25/2019 02:36:28 PM,0.04,in,A
08/25/2019 11:13:44 AM,08/25/2019 02:28:11 PM,0.04,in,A
08/25/2019 11:10:41 AM,08/25/2019 02:24:51 PM,0.08,in,A
08/25/2019 11:06:55 AM,08/25/2019 02:21:18 PM,0.04,in,A
08/25/2019 11:05:45 AM,08/25/2019 02:20:25 PM,0.04,in,A
08/25/2019 11:04:43 AM,08/25/2019 02:18:55 PM,0.04,in,A
08/25/2019 11:03:48 AM,08/25/2019 02:18:09 PM,0.04,in,A
08/25/2019 11:02:29 AM,08/25/2019 02:16:46 PM,0.04,in,A
08/25/2019 11:01:28 AM,08/25/2019 02:15:49 PM,0.04,in,A
08/25/2019 11:00:23 AM,08/25/2019 02:14:33 PM,0.04,in,A
08/25/2019 10:59:29 AM,08/25/2019 02:13:49 PM,0.04,in,A
08/25/2019 10:58:37 AM,08/25/2019 02:13:12 PM,0.04,in,A
08/25/2019 10:57:31 AM,08/25/2019 02:12:00 PM,0.04,in,A
08/25/2019 10:56:25 AM,08/25/2019 02:11:00 PM,0.04,in,A
08/25/2019 10:55:23 AM,08/25/2019 02:09:54 PM,0.04,in,A
08/25/2019 10:54:30 AM,08/25/2019 02:08:50 PM,0.04,in,A
08/25/2019 10:53:23 AM,08/25/2019 02:08:07 PM,0.08,in,A
08/25/2019 10:31:37 AM,08/25/2019 01:45:49 PM,0.04,in,A
08/25/2019 09:34:48 AM,08/25/2019 12:49:30 PM,0.04,in,A
08/25/2019 09:00:56 AM,08/25/2019 12:15:29 PM,0.04,in,A
08/25/2019 05:16:53 AM,08/25/2019 08:31:37 AM,0.04,in,A
08/24/2019 05:27:24 PM,08/24/2019 08:41:59 PM,0.00,in,A
08/24/2019 05:30:16 AM,08/24/2019 08:44:26 AM,0.00,in,A
08/24/2019 03:50:02 AM,08/24/2019 07:04:26 AM,0.04,in,A
08/24/2019 03:37:30 AM,08/24/2019 06:51:53 AM,0.04,in,A
08/23/2019 05:33:09 PM,08/23/2019 08:48:00 PM,0.00,in,A
08/23/2019 05:36:01 AM,08/23/2019 08:50:17 AM,0.00,in,A
08/22/2019 05:38:54 PM,08/22/2019 08:53:38 PM,0.00,in,A
08/22/2019 05:41:46 AM,08/22/2019 08:55:58 AM,0.00,in,A
08/21/2019 11:28:16 PM,08/22/2019 02:43:03 AM,0.04,in,A
08/21/2019 05:44:39 PM,08/21/2019 08:59:16 PM,0.00,in,A
08/21/2019 07:04:03 AM,08/21/2019 10:18:36 AM,0.04,in,A
08/21/2019 05:47:31 AM,08/21/2019 09:02:28 AM,0.00,in,A
08/21/2019 04:15:06 AM,08/21/2019 07:29:37 AM,0.04,in,A
08/21/2019 03:21:51 AM,08/21/2019 06:36:08 AM,0.04,in,A
08/20/2019 05:50:23 PM,08/20/2019 09:04:53 PM,0.00,in,A
08/20/2019 05:53:16 AM,08/20/2019 09:07:39 AM,0.00,in,A
08/19/2019 05:56:09 PM,08/19/2019 09:10:33 PM,0.00,in,A
08/19/2019 05:59:01 AM,08/19/2019 09:13:13 AM,0.00,in,A
08/18/2019 06:01:54 PM,08/18/2019 09:16:18 PM,0.00,in,A
08/18/2019 06:04:45 AM,08/18/2019 09:19:32 AM,0.00,in,A
08/18/2019 02:25:46 AM,08/18/2019 05:39:59 AM,0.04,in,A
08/18/2019 01:58:29 AM,08/18/2019 05:12:38 AM,0.04,in,A
08/18/2019 01:42:22 AM,08/18/2019 04:56:54 AM,0.04,in,A
08/18/2019 01:28:47 AM,08/18/2019 04:43:04 AM,0.08,in,A
08/18/2019 01:06:53 AM,08/18/2019 04:21:07 AM,0.04,in,A
08/18/2019 12:37:42 AM,08/18/2019 03:52:15 AM,0.04,in,A
08/18/2019 12:26:01 AM,08/18/2019 03:40:28 AM,0.08,in,A
08/18/2019 12:20:00 AM,08/18/2019 03:34:15 AM,0.04,in,A
08/18/2019 12:18:25 AM,08/18/2019 03:32:48 AM,0.08,in,A
08/18/2019 12:14:47 AM,08/18/2019 03:29:09 AM,0.04,in,A
08/18/2019 12:13:27 AM,08/18/2019 03:28:02 AM,0.04,in,A
08/18/2019 12:12:30 AM,08/18/2019 03:27:00 AM,0.04,in,A
08/18/2019 12:10:45 AM,08/18/2019 03:24:55 AM,0.04,in,A
08/18/2019 12:07:01 AM,08/18/2019 03:21:20 AM,0.08,in,A
08/17/2019 06:07:38 PM,08/17/2019 09:22:30 PM,0.00,in,A
08/17/2019 06:10:30 AM,08/17/2019 09:24:51 AM,0.00,in,A
08/17/2019 04:05:54 AM,08/17/2019 07:20:09 AM,0.08,in,A
08/17/2019 03:32:12 AM,08/17/2019 06:46:36 AM,0.08,in,A
08/17/2019 03:29:24 AM,08/17/2019 06:43:37 AM,0.04,in,A
08/17/2019 03:28:41 AM,08/17/2019 06:43:37 AM,0.04,in,A
08/17/2019 03:28:01 AM,08/17/2019 06:42:31 AM,0.04,in,A
08/17/2019 03:27:20 AM,08/17/2019 06:41:49 AM,0.04,in,A
08/17/2019 03:26:36 AM,08/17/2019 06:40:57 AM,0.04,in,A
08/17/2019 03:25:49 AM,08/17/2019 06:40:37 AM,0.04,in,A
08/17/2019 02:06:24 AM,08/17/2019 05:20:35 AM,0.04,in,A
08/17/2019 01:29:38 AM,08/17/2019 04:44:01 AM,0.04,in,A
08/17/2019 01:05:07 AM,08/17/2019 04:19:33 AM,0.04,in,A
08/17/2019 12:58:17 AM,08/17/2019 04:12:43 AM,0.04,in,A
08/17/2019 12:57:11 AM,08/17/2019 04:11:44 AM,0.08,in,A
08/17/2019 12:55:47 AM,08/17/2019 04:10:03 AM,0.12,in,A
08/17/2019 12:53:44 AM,08/17/2019 04:08:14 AM,0.04,in,A
08/17/2019 12:52:53 AM,08/17/2019 04:07:03 AM,0.04,in,A
08/17/2019 12:52:10 AM,08/17/2019 04:07:03 AM,0.16,in,A
08/17/2019 12:47:50 AM,08/17/2019 04:02:16 AM,0.04,in,A
08/17/2019 12:45:14 AM,08/17/2019 03:59:30 AM,0.04,in,A
08/17/2019 12:43:24 AM,08/17/2019 03:57:33 AM,0.04,in,A
08/17/2019 12:42:29 AM,08/17/2019 03:57:08 AM,0.04,in,A
08/17/2019 12:41:50 AM,08/17/2019 03:56:02 AM,0.04,in,A
08/17/2019 12:40:16 AM,08/17/2019 03:54:54 AM,0.04,in,A
08/17/2019 12:35:31 AM,08/17/2019 03:50:22 AM,0.04,in,A
08/17/2019 12:10:24 AM,08/17/2019 03:24:57 AM,0.04,in,A
08/16/2019 06:13:23 PM,08/16/2019 09:28:04 PM,0.00,in,A
08/16/2019 06:16:16 AM,08/16/2019 09:30:26 AM,0.00,in,A
08/16/2019 02:04:21 AM,08/16/2019 05:18:55 AM,0.04,in,A
08/16/2019 01:42:16 AM,08/16/2019 04:56:49 AM,0.04,in,A
08/16/2019 01:40:53 AM,08/16/2019 04:55:14 AM,0.04,in,A
08/16/2019 01:39:29 AM,08/16/2019 04:53:57 AM,0.08,in,A
08/16/2019 01:26:04 AM,08/16/2019 04:40:46 AM,0.04,in,A
08/16/2019 01:24:56 AM,08/16/2019 04:39:10 AM,0.04,in,A
08/16/2019 01:23:28 AM,08/16/2019 04:37:46 AM,0.08,in,A
08/16/2019 01:15:03 AM,08/16/2019 04:29:34 AM,0.04,in,A
08/16/2019 01:13:02 AM,08/16/2019 04:27:14 AM,0.04,in,A
08/16/2019 01:10:49 AM,08/16/2019 04:25:24 AM,0.04,in,A
08/16/2019 01:08:50 AM,08/16/2019 04:23:14 AM,0.08,in,A
08/16/2019 01:06:56 AM,08/16/2019 04:21:25 AM,0.08,in,A
08/16/2019 01:05:40 AM,08/16/2019 04:19:55 AM,0.04,in,A
08/16/2019 01:04:54 AM,08/16/2019 04:19:22 AM,0.04,in,A
08/15/2019 09:22:46 PM,08/16/2019 12:37:19 AM,0.04,in,A
08/15/2019 09:00:54 PM,08/16/2019 12:15:34 AM,0.04,in,A
08/15/2019 06:19:08 PM,08/15/2019 09:33:20 PM,0.00,in,A
08/15/2019 06:22:00 AM,08/15/2019 09:36:15 AM,0.00,in,A
08/14/2019 06:24:52 PM,08/14/2019 09:39:38 PM,0.00,in,A
08/14/2019 06:27:45 AM,08/14/2019 09:42:19 AM,0.00,in,A
08/13/2019 06:30:37 PM,08/13/2019 09:44:48 PM,0.00,in,A
08/13/2019 06:33:30 AM,08/13/2019 09:47:51 AM,0.00,in,A
08/12/2019 06:36:22 PM,08/12/2019 09:50:58 PM,0.00,in,A
08/12/2019 06:39:14 AM,08/12/2019 09:53:57 AM,0.00,in,A
08/11/2019 06:44:59 AM,08/11/2019 09:59:36 AM,0.00,in,A
08/11/2019 06:00:23 AM,08/11/2019 09:14:42 AM,0.04,in,A
08/11/2019 05:38:17 AM,08/11/2019 08:52:47 AM,0.04,in,A
08/11/2019 05:19:00 AM,08/11/2019 08:33:24 AM,0.04,in,A
08/11/2019 04:45:37 AM,08/11/2019 08:00:06 AM,0.04,in,A
08/11/2019 04:02:02 AM,08/11/2019 07:16:21 AM,0.04,in,A
08/10/2019 06:47:52 PM,08/10/2019 10:02:35 PM,0.00,in,A
08/10/2019 06:50:45 AM,08/10/2019 10:04:54 AM,0.00,in,A
08/09/2019 06:53:37 PM,08/09/2019 10:08:01 PM,0.00,in,A
08/09/2019 06:56:29 AM,08/09/2019 10:11:01 AM,0.00,in,A
08/08/2019 06:59:21 PM,08/08/2019 10:13:37 PM,0.00,in,A
08/08/2019 07:02:14 AM,08/08/2019 10:16:30 AM,0.00,in,A
08/07/2019 07:05:07 PM,08/07/2019 10:19:36 PM,0.00,in,A
08/07/2019 07:07:59 AM,08/07/2019 10:22:13 AM,0.00,in,A
08/07/2019 06:26:54 AM,08/07/2019 09:41:30 AM,0.12,in,A
08/07/2019 05:34:43 AM,08/07/2019 08:49:00 AM,0.08,in,A
08/07/2019 05:12:58 AM,08/07/2019 08:27:32 AM,0.04,in,A
08/06/2019 07:10:51 PM,08/06/2019 10:25:24 PM,0.00,in,A
08/06/2019 07:13:44 AM,08/06/2019 10:28:00 AM,0.00,in,A
08/05/2019 07:16:36 PM,08/05/2019 10:30:45 PM,0.00,in,A
08/05/2019 07:19:29 AM,08/05/2019 10:34:01 AM,0.00,in,A
08/04/2019 07:22:21 PM,08/04/2019 10:36:30 PM,0.00,in,A
08/04/2019 07:25:13 AM,08/04/2019 10:39:25 AM,0.00,in,A
08/03/2019 07:28:05 PM,08/03/2019 10:42:37 PM,0.00,in,A
08/03/2019 07:30:58 AM,08/03/2019 10:45:07 AM,0.00,in,A
08/03/2019 02:38:57 AM,08/03/2019 05:53:27 AM,0.04,in,A
08/02/2019 07:33:51 PM,08/02/2019 10:48:19 PM,0.00,in,A
08/02/2019 07:36:43 AM,08/02/2019 10:51:19 AM,0.00,in,A
08/01/2019 07:39:36 PM,08/01/2019 10:54:00 PM,0.00,in,A
08/01/2019 07:42:28 AM,08/01/2019 10:57:01 AM,0.00,in,A
08/01/2019 04:07:37 AM,08/01/2019 07:22:31 AM,0.04,in,A
08/01/2019 02:06:01 AM,08/01/2019 05:20:28 AM,0.04,in,A
07/31/2019 07:45:20 PM,07/31/2019 10:59:46 PM,0.00,in,A
07/31/2019 07:48:13 AM,07/31/2019 11:02:22 AM,0.00,in,A
07/31/2019 05:52:08 AM,07/31/2019 09:06:36 AM,0.04,in,A
07/31/2019 05:37:33 AM,07/31/2019 08:51:54 AM,0.08,in,A
07/30/2019 07:51:06 PM,07/30/2019 11:05:32 PM,0.00,in,A
07/30/2019 07:53:58 AM,07/30/2019 11:08:31 AM,0.00,in,A
07/29/2019 07:56:50 PM,07/29/2019 11:11:00 PM,0.00,in,A
07/29/2019 07:59:43 AM,07/29/2019 11:14:18 AM,0.00,in,A
07/28/2019 11:06:27 PM,07/29/2019 02:20:59 AM,0.04,in,A
07/28/2019 09:55:14 PM,07/29/2019 01:09:29 AM,0.04,in,A
07/28/2019 09:20:01 PM,07/29/2019 12:34:20 AM,0.04,in,A
07/28/2019 08:02:35 PM,07/28/2019 11:17:00 PM,0.00,in,A
07/28/2019 08:05:27 AM,07/28/2019 11:19:54 AM,0.00,in,A
07/27/2019 08:08:20 PM,07/27/2019 11:22:53 PM,0.00,in,A
07/27/2019 08:11:12 AM,07/27/2019 11:25:27 AM,0.00,in,A
07/26/2019 08:14:04 PM,07/26/2019 11:28:27 PM,0.00,in,A
07/26/2019 08:16:57 AM,07/26/2019 11:31:30 AM,0.00,in,A
07/25/2019 08:19:49 PM,07/25/2019 11:34:09 PM,0.00,in,A
07/25/2019 08:22:41 AM,07/25/2019 11:36:53 AM,0.00,in,A
07/24/2019 08:25:34 PM,07/24/2019 11:40:06 PM,0.00,in,A
07/24/2019 08:28:26 AM,07/24/2019 11:42:46 AM,0.00,in,A
07/23/2019 08:31:19 PM,07/23/2019 11:45:38 PM,0.00,in,A
07/23/2019 08:34:11 AM,07/23/2019 11:48:42 AM,0.00,in,A
07/22/2019 08:37:04 PM,07/22/2019 11:51:22 PM,0.00,in,A
07/22/2019 08:39:56 AM,07/22/2019 11:54:11 AM,0.00,in,A
07/21/2019 08:43:45 PM,07/21/2019 11:58:03 PM,0.04,in,A
07/21/2019 05:56:36 PM,07/21/2019 09:11:06 PM,0.04,in,A
07/21/2019 05:48:52 PM,07/21/2019 09:03:11 PM,0.04,in,A
07/21/2019 05:46:26 PM,07/21/2019 09:00:57 PM,0.04,in,A
07/21/2019 05:44:50 PM,07/21/2019 08:59:17 PM,0.04,in,A
07/21/2019 05:43:10 PM,07/21/2019 08:57:23 PM,0.04,in,A
07/21/2019 05:41:54 PM,07/21/2019 08:56:12 PM,0.04,in,A
07/21/2019 05:40:23 PM,07/21/2019 08:54:46 PM,0.04,in,A
07/21/2019 05:36:23 PM,07/21/2019 08:50:56 PM,0.04,in,A
07/21/2019 05:33:31 PM,07/21/2019 08:48:01 PM,0.08,in,A
07/21/2019 05:28:58 PM,07/21/2019 08:43:25 PM,0.04,in,A
07/21/2019 05:27:02 PM,07/21/2019 08:41:31 PM,0.04,in,A
07/21/2019 05:24:34 PM,07/21/2019 08:38:46 PM,0.04,in,A
07/21/2019 05:20:23 PM,07/21/2019 08:34:41 PM,0.04,in,A
07/21/2019 08:45:41 AM,07/21/2019 12:00:04 PM,0.00,in,A
07/21/2019 04:31:14 AM,07/21/2019 07:45:32 AM,0.04,in,A
07/21/2019 03:45:43 AM,07/21/2019 07:00:29 AM,0.04,in,A
07/21/2019 03:30:21 AM,07/21/2019 06:44:55 AM,0.04,in,A
07/21/2019 03:27:11 AM,07/21/2019 06:41:44 AM,0.04,in,A
07/21/2019 03:24:38 AM,07/21/2019 06:39:34 AM,0.04,in,A
07/21/2019 03:22:40 AM,07/21/2019 06:37:21 AM,0.04,in,A
07/21/2019 03:21:09 AM,07/21/2019 06:35:30 AM,0.04,in,A
07/21/2019 03:19:06 AM,07/21/2019 06:33:37 AM,0.04,in,A
07/21/2019 02:24:53 AM,07/21/2019 05:39:32 AM,0.04,in,A
07/21/2019 02:08:38 AM,07/21/2019 05:23:05 AM,0.04,in,A
07/21/2019 02:01:26 AM,07/21/2019 05:15:40 AM,0.04,in,A
07/21/2019 01:55:41 AM,07/21/2019 05:10:17 AM,0.04,in,A
07/21/2019 01:51:57 AM,07/21/2019 05:06:33 AM,0.04,in,A
07/21/2019 01:46:23 AM,07/21/2019 05:00:54 AM,0.04,in,A
07/21/2019 01:42:06 AM,07/21/2019 04:56:39 AM,0.04,in,A
07/21/2019 01:38:19 AM,07/21/2019 04:52:32 AM,0.04,in,A
07/21/2019 01:21:37 AM,07/21/2019 04:36:04 AM,0.04,in,A
07/21/2019 01:14:13 AM,07/21/2019 04:28:33 AM,0.04,in,A
07/21/2019 01:11:41 AM,07/21/2019 04:26:13 AM,0.04,in,A
07/21/2019 01:07:12 AM,07/21/2019 04:21:33 AM,0.08,in,A
07/21/2019 12:55:39 AM,07/21/2019 04:10:28 AM,0.04,in,A
07/21/2019 12:52:40 AM,07/21/2019 04:06:52 AM,0.04,in,A
07/21/2019 12:50:57 AM,07/21/2019 04:05:21 AM,0.08,in,A
07/21/2019 12:45:49 AM,07/21/2019 04:00:24 AM,0.04,in,A
07/21/2019 12:43:55 AM,07/21/2019 03:58:08 AM,0.04,in,A
07/21/2019 12:41:58 AM,07/21/2019 03:56:28 AM,0.04,in,A
07/21/2019 12:40:17 AM,07/21/2019 03:54:54 AM,0.04,in,A
07/21/2019 12:37:45 AM,07/21/2019 03:52:08 AM,0.04,in,A
07/21/2019 12:35:12 AM,07/21/2019 03:50:08 AM,0.04,in,A
07/21/2019 12:33:36 AM,07/21/2019 03:47:51 AM,0.04,in,A
07/21/2019 12:32:19 AM,07/21/2019 03:47:01 AM,0.04,in,A
07/21/2019 12:31:04 AM,07/21/2019 03:45:27 AM,0.04,in,A
07/21/2019 12:29:42 AM,07/21/2019 03:44:33 AM,0.16,in,A
07/21/2019 12:22:39 AM,07/21/2019 03:37:23 AM,0.04,in,A
07/21/2019 12:18:00 AM,07/21/2019 03:32:34 AM,0.08,in,A
07/21/2019 12:12:33 AM,07/21/2019 03:26:42 AM,0.04,in,A
07/21/2019 12:03:09 AM,07/21/2019 03:17:21 AM,0.08,in,A
07/20/2019 11:51:25 PM,07/21/2019 03:05:45 AM,0.04,in,A
07/20/2019 11:49:31 PM,07/21/2019 03:03:51 AM,0.04,in,A
07/20/2019 11:47:56 PM,07/21/2019 03:02:38 AM,0.08,in,A
07/20/2019 11:46:43 PM,07/21/2019 03:01:36 AM,0.04,in,A
07/20/2019 11:43:29 PM,07/21/2019 02:58:08 AM,0.04,in,A
07/20/2019 11:40:39 PM,07/21/2019 02:55:02 AM,0.04,in,A
07/20/2019 11:38:39 PM,07/21/2019 02:53:16 AM,0.04,in,A
07/20/2019 11:20:28 PM,07/21/2019 02:34:59 AM,0.04,in,A
07/20/2019 11:15:18 PM,07/21/2019 02:29:29 AM,0.08,in,A
07/20/2019 11:09:39 PM,07/21/2019 02:23:53 AM,0.04,in,A
07/20/2019 08:48:34 PM,07/21/2019 12:02:44 AM,0.00,in,A
07/20/2019 08:51:25 AM,07/20/2019 12:05:38 PM,0.00,in,A
07/19/2019 08:54:18 PM,07/20/2019 12:08:50 AM,0.00,in,A
07/18/2019 09:00:02 PM,07/19/2019 12:14:14 AM,0.00,in,A
07/18/2019 09:02:55 AM,07/18/2019 12:17:34 PM,0.00,in,A
07/17/2019 09:08:40 AM,07/17/2019 12:23:27 PM,0.00,in,A
07/16/2019 09:11:32 PM,07/17/2019 12:25:44 AM,0.00,in,A
07/16/2019 09:14:24 AM,07/16/2019 12:29:05 PM,0.00,in,A
07/15/2019 09:17:17 PM,07/16/2019 12:31:49 AM,0.00,in,A
07/15/2019 09:20:09 AM,07/15/2019 12:34:49 PM,0.00,in,A
07/14/2019 09:23:02 PM,07/15/2019 12:37:12 AM,0.00,in,A
07/14/2019 09:25:54 AM,07/14/2019 12:40:37 PM,0.00,in,A
07/13/2019 09:28:46 PM,07/14/2019 12:43:16 AM,0.00,in,A
07/13/2019 09:31:39 AM,07/13/2019 12:45:49 PM,0.00,in,A
07/12/2019 09:34:31 PM,07/13/2019 12:49:05 AM,0.00,in,A
07/12/2019 09:37:24 AM,07/12/2019 12:52:06 PM,0.00,in,A
07/11/2019 09:40:16 PM,07/12/2019 12:54:43 AM,0.00,in,A
07/11/2019 09:43:08 AM,07/11/2019 12:57:18 PM,0.00,in,A
07/10/2019 09:46:01 PM,07/11/2019 01:00:24 AM,0.00,in,A
07/10/2019 09:48:54 AM,07/10/2019 01:03:09 PM,0.12,in,A
07/10/2019 06:17:56 AM,07/10/2019 09:32:25 AM,0.04,in,A
07/09/2019 09:51:46 PM,07/10/2019 01:06:04 AM,0.00,in,A
07/09/2019 09:54:38 AM,07/09/2019 01:09:04 PM,0.00,in,A
07/08/2019 09:57:31 PM,07/09/2019 01:12:04 AM,0.00,in,A
07/08/2019 10:00:23 AM,07/08/2019 01:14:51 PM,0.00,in,A
07/07/2019 10:03:15 PM,07/08/2019 01:17:41 AM,0.00,in,A
07/07/2019 10:06:08 AM,07/07/2019 01:20:32 PM,0.00,in,A
07/06/2019 10:09:00 PM,07/07/2019 01:23:21 AM,0.00,in,A
07/06/2019 10:11:53 AM,07/06/2019 01:26:31 PM,0.00,in,A
07/05/2019 10:14:45 PM,07/06/2019 01:29:07 AM,0.00,in,A
07/05/2019 10:17:37 AM,07/05/2019 01:31:55 PM,0.00,in,A
07/05/2019 07:44:59 AM,07/05/2019 10:59:25 AM,0.04,in,A
07/05/2019 07:15:13 AM,07/05/2019 10:30:01 AM,0.04,in,A
07/05/2019 07:12:21 AM,07/05/2019 10:26:37 AM,0.04,in,A
07/04/2019 11:16:14 PM,07/05/2019 02:30:38 AM,0.04,in,A
07/04/2019 10:20:30 PM,07/05/2019 01:34:58 AM,0.00,in,A
07/04/2019 09:49:55 PM,07/05/2019 01:04:13 AM,0.04,in,A
07/04/2019 09:45:08 PM,07/05/2019 12:59:25 AM,0.04,in,A
07/04/2019 09:44:05 PM,07/05/2019 12:58:30 AM,0.04,in,A
07/04/2019 09:42:32 PM,07/05/2019 12:56:50 AM,0.04,in,A
07/04/2019 09:40:59 PM,07/05/2019 12:55:37 AM,0.04,in,A
07/04/2019 09:39:33 PM,07/05/2019 12:53:49 AM,0.04,in,A
07/04/2019 09:38:11 PM,07/05/2019 12:52:27 AM,0.04,in,A
07/04/2019 09:37:02 PM,07/05/2019 12:51:29 AM,0.04,in,A
07/04/2019 09:35:06 PM,07/05/2019 12:49:31 AM,0.04,in,A
07/04/2019 09:32:25 PM,07/05/2019 12:46:41 AM,0.04,in,A
07/04/2019 09:24:44 PM,07/05/2019 12:39:00 AM,0.04,in,A
07/04/2019 09:21:41 PM,07/05/2019 12:35:51 AM,0.04,in,A
07/04/2019 09:19:31 PM,07/05/2019 12:33:55 AM,0.12,in,A
07/04/2019 09:17:19 PM,07/05/2019 12:31:38 AM,0.04,in,A
07/04/2019 09:16:51 PM,07/05/2019 12:31:38 AM,0.04,in,A
07/04/2019 09:16:16 PM,07/05/2019 12:30:35 AM,0.04,in,A
07/04/2019 09:15:53 PM,07/05/2019 12:30:35 AM,0.04,in,A
07/04/2019 09:15:25 PM,07/05/2019 12:29:38 AM,0.04,in,A
07/04/2019 09:15:01 PM,07/05/2019 12:29:21 AM,0.12,in,A
07/04/2019 09:14:40 PM,07/05/2019 12:28:52 AM,0.04,in,A
07/04/2019 09:14:16 PM,07/05/2019 12:28:52 AM,0.04,in,A
07/04/2019 09:13:49 PM,07/05/2019 12:28:12 AM,0.04,in,A
07/04/2019 09:13:25 PM,07/05/2019 12:27:51 AM,0.08,in,A
07/04/2019 09:12:16 PM,07/05/2019 12:27:02 AM,0.04,in,A
07/04/2019 09:11:33 PM,07/05/2019 12:25:52 AM,0.04,in,A
07/04/2019 09:10:59 PM,07/05/2019 12:25:12 AM,0.04,in,A
07/04/2019 09:10:10 PM,07/05/2019 12:24:25 AM,0.04,in,A
07/04/2019 09:08:34 PM,07/05/2019 12:22:47 AM,0.04,in,A
07/04/2019 08:58:32 PM,07/05/2019 12:12:50 AM,0.08,in,A
07/04/2019 08:57:11 PM,07/05/2019 12:11:21 AM,0.04,in,A
07/04/2019 08:56:26 PM,07/05/2019 12:10:52 AM,0.04,in,A
07/04/2019 07:40:02 PM,07/04/2019 10:54:11 PM,0.04,in,A
07/04/2019 07:31:24 PM,07/04/2019 10:45:59 PM,0.04,in,A
07/04/2019 02:28:28 PM,07/04/2019 05:42:56 PM,0.04,in,A
07/04/2019 02:27:34 PM,07/04/2019 05:42:00 PM,0.04,in,A
07/04/2019 11:47:13 AM,07/04/2019 03:02:03 PM,0.04,in,A
07/04/2019 10:23:22 AM,07/04/2019 01:37:49 PM,0.00,in,A
07/04/2019 10:03:11 AM,07/04/2019 01:17:34 PM,0.04,in,A
07/04/2019 09:53:12 AM,07/04/2019 01:07:56 PM,0.04,in,A
07/04/2019 09:40:38 AM,07/04/2019 12:54:52 PM,0.04,in,A
07/04/2019 09:30:10 AM,07/04/2019 12:44:53 PM,0.04,in,A
07/04/2019 09:28:06 AM,07/04/2019 12:42:34 PM,0.04,in,A
07/04/2019 09:26:01 AM,07/04/2019 12:40:11 PM,0.04,in,A
07/04/2019 09:24:10 AM,07/04/2019 12:38:39 PM,0.08,in,A
07/04/2019 08:51:02 AM,07/04/2019 12:05:24 PM,0.04,in,A
07/04/2019 08:21:25 AM,07/04/2019 11:35:38 AM,0.04,in,A
07/04/2019 08:07:46 AM,07/04/2019 11:22:25 AM,0.04,in,A
07/04/2019 08:04:15 AM,07/04/2019 11:18:25 AM,0.04,in,A
07/03/2019 10:26:15 PM,07/04/2019 01:40:35 AM,0.00,in,A
07/03/2019 10:29:08 AM,07/03/2019 01:44:00 PM,0.00,in,A
07/02/2019 10:32:00 PM,07/03/2019 01:46:12 AM,0.00,in,A
07/02/2019 10:34:53 AM,07/02/2019 01:49:02 PM,0.00,in,A
07/01/2019 10:37:45 PM,07/02/2019 01:52:26 AM,0.00,in,A
07/01/2019 10:40:37 AM,07/01/2019 01:54:53 PM,0.00,in,A
06/30/2019 10:43:30 PM,07/01/2019 01:57:51 AM,0.00,in,A
06/30/2019 10:46:21 AM,06/30/2019 02:01:03 PM,0.00,in,A
06/29/2019 10:49:14 PM,06/30/2019 02:03:58 AM,0.00,in,A
06/29/2019 10:52:06 AM,06/29/2019 02:06:31 PM,0.00,in,A
06/28/2019 10:54:58 PM,06/29/2019 02:09:15 AM,0.00,in,A
06/28/2019 10:57:51 AM,06/28/2019 02:12:06 PM,0.00,in,A
06/27/2019 11:00:43 PM,06/28/2019 02:15:15 AM,0.00,in,A
06/27/2019 11:03:36 AM,06/27/2019 02:17:56 PM,0.00,in,A
06/26/2019 11:06:28 PM,06/27/2019 02:21:02 AM,0.00,in,A
06/26/2019 11:09:21 AM,06/26/2019 02:23:37 PM,0.00,in,A
06/25/2019 11:12:13 PM,06/26/2019 02:26:24 AM,0.00,in,A
06/25/2019 11:15:05 AM,06/25/2019 02:29:27 PM,0.00,in,A
06/24/2019 11:17:57 PM,06/25/2019 02:32:25 AM,0.00,in,A
06/24/2019 11:20:50 AM,06/24/2019 02:35:12 PM,0.00,in,A
06/23/2019 11:23:42 PM,06/24/2019 02:38:17 AM,0.00,in,A
06/23/2019 11:26:35 AM,06/23/2019 02:40:48 PM,0.00,in,A
06/23/2019 06:47:05 AM,06/23/2019 10:01:28 AM,0.12,in,A
06/23/2019 05:45:21 AM,06/23/2019 08:59:38 AM,0.12,in,A
06/23/2019 05:21:03 AM,06/23/2019 08:35:29 AM,0.08,in,A
06/23/2019 05:13:25 AM,06/23/2019 08:27:51 AM,0.04,in,A
06/23/2019 05:09:32 AM,06/23/2019 08:23:58 AM,0.04,in,A
06/23/2019 05:03:54 AM,06/23/2019 08:18:17 AM,0.04,in,A
06/23/2019 04:56:44 AM,06/23/2019 08:11:13 AM,0.04,in,A
06/23/2019 04:49:26 AM,06/23/2019 08:03:40 AM,0.04,in,A
06/23/2019 04:42:38 AM,06/23/2019 07:57:04 AM,0.04,in,A
06/23/2019 04:38:01 AM,06/23/2019 07:52:35 AM,0.08,in,A
06/23/2019 04:32:57 AM,06/23/2019 07:47:33 AM,0.04,in,A
06/23/2019 04:31:37 AM,06/23/2019 07:46:05 AM,0.04,in,A
06/23/2019 04:30:10 AM,06/23/2019 07:44:32 AM,0.04,in,A
06/23/2019 04:28:01 AM,06/23/2019 07:42:34 AM,0.04,in,A
06/23/2019 04:25:15 AM,06/23/2019 07:39:34 AM,0.04,in,A
06/23/2019 04:23:22 AM,06/23/2019 07:37:53 AM,0.08,in,A
06/23/2019 04:17:35 AM,06/23/2019 07:32:07 AM,0.04,in,A
06/23/2019 04:15:42 AM,06/23/2019 07:29:54 AM,0.16,in,A
06/23/2019 04:03:56 AM,06/23/2019 07:18:31 AM,0.04,in,A
06/23/2019 04:02:35 AM,06/23/2019 07:16:48 AM,0.04,in,A
06/23/2019 04:01:05 AM,06/23/2019 07:15:47 AM,0.04,in,A
06/23/2019 01:16:14 AM,06/23/2019 04:30:34 AM,0.04,in,A
06/22/2019 11:44:55 PM,06/23/2019 02:59:23 AM,0.04,in,A
06/22/2019 11:30:17 PM,06/23/2019 02:44:48 AM,0.04,in,A
06/22/2019 11:29:27 PM,06/23/2019 02:44:05 AM,0.00,in,A
06/22/2019 11:17:35 PM,06/23/2019 02:31:47 AM,0.04,in,A
06/22/2019 10:53:38 PM,06/23/2019 02:07:50 AM,0.08,in,A
06/22/2019 10:30:34 PM,06/23/2019 01:44:48 AM,0.04,in,A
06/22/2019 10:21:00 PM,06/23/2019 01:35:35 AM,0.04,in,A
06/22/2019 10:13:44 PM,06/23/2019 01:28:01 AM,0.04,in,A
06/22/2019 10:04:35 PM,06/23/2019 01:18:55 AM,0.04,in,A
06/22/2019 09:47:52 PM,06/23/2019 01:02:08 AM,0.08,in,A
06/22/2019 09:09:41 PM,06/23/2019 12:23:59 AM,0.04,in,A
06/22/2019 08:37:13 PM,06/22/2019 11:51:58 PM,0.04,in,A
06/22/2019 07:49:46 PM,06/22/2019 11:04:00 PM,0.04,in,A
06/22/2019 07:36:42 PM,06/22/2019 10:51:15 PM,0.04,in,A
06/22/2019 07:29:05 PM,06/22/2019 10:43:28 PM,0.12,in,A
06/22/2019 07:11:44 PM,06/22/2019 10:26:34 PM,0.12,in,A
06/22/2019 07:00:03 PM,06/22/2019 10:14:14 PM,0.04,in,A
06/22/2019 06:58:46 PM,06/22/2019 10:12:58 PM,0.04,in,A
06/22/2019 06:57:17 PM,06/22/2019 10:11:59 PM,0.04,in,A
06/22/2019 06:56:03 PM,06/22/2019 10:10:36 PM,0.04,in,A
06/22/2019 06:55:00 PM,06/22/2019 10:09:20 PM,0.04,in,A
06/22/2019 06:53:49 PM,06/22/2019 10:08:14 PM,0.04,in,A
06/22/2019 06:50:57 PM,06/22/2019 10:05:19 PM,0.08,in,A
06/22/2019 11:32:20 AM,06/22/2019 02:46:36 PM,0.00,in,A
06/21/2019 11:35:12 PM,06/22/2019 02:49:32 AM,0.00,in,A
06/21/2019 11:38:05 AM,06/21/2019 02:52:56 PM,0.00,in,A
06/21/2019 08:13:17 AM,06/21/2019 11:27:29 AM,0.04,in,A
06/21/2019 07:54:23 AM,06/21/2019 11:08:58 AM,0.04,in,A
06/21/2019 07:35:40 AM,06/21/2019 10:50:01 AM,0.04,in,A
06/21/2019 07:29:10 AM,06/21/2019 10:43:43 AM,0.04,in,A
06/21/2019 07:27:37 AM,06/21/2019 10:41:59 AM,0.04,in,A
06/21/2019 07:26:12 AM,06/21/2019 10:40:27 AM,0.04,in,A
06/21/2019 07:23:24 AM,06/21/2019 10:37:41 AM,0.04,in,A
06/21/2019 07:21:01 AM,06/21/2019 10:35:14 AM,0.04,in,AN
06/21/2019 07:07:27 AM,06/21/2019 10:21:53 AM,0.04,in,A
06/21/2019 07:06:01 AM,06/21/2019 10:20:17 AM,0.12,in,A
06/21/2019 07:03:37 AM,06/21/2019 10:17:52 AM,0.04,in,A
06/21/2019 07:01:32 AM,06/21/2019 10:15:59 AM,0.04,in,A
06/21/2019 05:16:25 AM,06/21/2019 08:30:38 AM,0.04,in,A
06/21/2019 05:14:58 AM,06/21/2019 08:29:23 AM,0.04,in,A
06/21/2019 05:09:24 AM,06/21/2019 08:23:59 AM,0.04,in,A
06/21/2019 04:46:19 AM,06/21/2019 08:00:41 AM,0.04,in,A
06/21/2019 04:40:44 AM,06/21/2019 07:55:08 AM,0.04,in,A
06/21/2019 04:39:33 AM,06/21/2019 07:54:09 AM,0.04,in,A
06/21/2019 04:38:39 AM,06/21/2019 07:53:06 AM,0.04,in,A
06/21/2019 04:37:46 AM,06/21/2019 07:51:57 AM,0.04,in,A
06/21/2019 04:37:05 AM,06/21/2019 07:51:22 AM,0.04,in,A
06/21/2019 04:36:19 AM,06/21/2019 07:50:31 AM,0.04,in,A
06/21/2019 04:35:29 AM,06/21/2019 07:49:42 AM,0.08,in,A
06/21/2019 04:33:50 AM,06/21/2019 07:48:11 AM,0.04,in,A
06/21/2019 04:33:07 AM,06/21/2019 07:47:51 AM,0.04,in,A
06/21/2019 04:32:34 AM,06/21/2019 07:46:51 AM,0.04,in,A
06/21/2019 04:32:08 AM,06/21/2019 07:46:51 AM,0.04,in,A
06/21/2019 04:31:05 AM,06/21/2019 07:46:04 AM,0.04,in,A
06/21/2019 04:29:50 AM,06/21/2019 07:44:10 AM,0.04,in,A
06/20/2019 11:40:58 PM,06/21/2019 02:55:06 AM,0.00,in,A
06/20/2019 11:43:50 AM,06/20/2019 02:58:36 PM,0.00,in,A
06/19/2019 11:46:42 PM,06/20/2019 03:00:54 AM,0.00,in,A
06/19/2019 11:49:34 AM,06/19/2019 03:04:02 PM,0.00,in,A
06/19/2019 12:20:32 AM,06/19/2019 03:34:52 AM,0.04,in,A
06/18/2019 11:52:27 PM,06/19/2019 03:07:06 AM,0.00,in,A
06/18/2019 06:56:05 PM,06/18/2019 10:10:19 PM,0.04,in,A
06/18/2019 05:32:06 PM,06/18/2019 08:46:20 PM,0.04,in,A
06/18/2019 05:08:29 PM,06/18/2019 08:22:57 PM,0.04,in,A
06/18/2019 04:52:06 PM,06/18/2019 08:06:36 PM,0.04,in,A
06/18/2019 11:55:19 AM,06/18/2019 03:09:34 PM,0.00,in,A
06/17/2019 11:58:12 PM,06/18/2019 03:12:27 AM,0.00,in,A
06/17/2019 12:01:05 PM,06/17/2019 03:15:17 PM,0.00,in,A
06/17/2019 12:03:57 AM,06/17/2019 03:18:27 AM,0.00,in,A
06/16/2019 12:06:49 PM,06/16/2019 03:21:22 PM,0.00,in,A
06/16/2019 12:09:41 AM,06/16/2019 03:23:55 AM,0.00,in,A
06/15/2019 08:00:30 PM,06/15/2019 11:15:07 PM,0.04,in,A
06/15/2019 07:54:34 PM,06/15/2019 11:09:24 PM,0.04,in,A
06/15/2019 07:48:24 PM,06/15/2019 11:02:56 PM,0.08,in,A
06/15/2019 07:40:40 PM,06/15/2019 10:54:57 PM,0.04,in,A
06/15/2019 07:36:46 PM,06/15/2019 10:51:08 PM,0.04,in,A
06/15/2019 07:31:31 PM,06/15/2019 10:45:44 PM,0.04,in,A
06/15/2019 12:12:33 PM,06/15/2019 03:26:54 PM,0.00,in,A
06/15/2019 12:15:26 AM,06/15/2019 03:29:52 AM,0.00,in,A
06/14/2019 12:18:19 PM,06/14/2019 03:32:34 PM,0.00,in,A
06/14/2019 12:21:11 AM,06/14/2019 03:35:40 AM,0.00,in,A
06/13/2019 12:24:03 PM,06/13/2019 03:38:32 PM,0.00,in,A
06/13/2019 12:26:55 AM,06/13/2019 03:41:30 AM,0.00,in,A
06/12/2019 01:27:58 PM,06/12/2019 04:42:34 PM,0.04,in,A
06/12/2019 01:23:38 PM,06/12/2019 04:37:58 PM,0.04,in,A
06/12/2019 01:19:29 PM,06/12/2019 04:33:39 PM,0.04,in,A
06/12/2019 01:18:17 PM,06/12/2019 04:32:46 PM,0.04,in,A
06/12/2019 01:17:43 PM,06/12/2019 04:31:59 PM,0.04,in,A
06/12/2019 01:17:15 PM,06/12/2019 04:31:59 PM,0.08,in,A
06/12/2019 12:29:48 PM,06/12/2019 03:44:03 PM,0.00,in,A
06/12/2019 03:18:42 AM,06/12/2019 06:33:08 AM,0.04,in,A
06/12/2019 02:00:00 AM,06/12/2019 05:14:32 AM,0.04,in,A
06/12/2019 12:32:41 AM,06/12/2019 03:47:37 AM,0.00,in,A
06/11/2019 07:24:19 PM,06/11/2019 10:38:55 PM,0.04,in,A
06/11/2019 07:06:08 PM,06/11/2019 10:20:26 PM,0.04,in,A
06/11/2019 12:35:32 PM,06/11/2019 03:50:00 PM,0.00,in,A
06/11/2019 12:38:26 AM,06/11/2019 03:52:48 AM,0.00,in,A
06/10/2019 12:41:17 PM,06/10/2019 03:55:46 PM,0.00,in,A
06/10/2019 12:44:09 AM,06/10/2019 03:58:19 AM,0.00,in,A
06/09/2019 12:47:02 PM,06/09/2019 04:01:23 PM,0.00,in,A
06/09/2019 12:49:55 AM,06/09/2019 04:04:28 AM,0.00,in,A
06/08/2019 12:52:47 PM,06/08/2019 04:06:58 PM,0.00,in,A
06/08/2019 12:55:40 AM,06/08/2019 04:09:55 AM,0.00,in,A
06/07/2019 12:58:32 PM,06/07/2019 04:13:01 PM,0.00,in,A
06/07/2019 01:01:24 AM,06/07/2019 04:15:53 AM,0.00,in,A
06/06/2019 01:04:17 PM,06/06/2019 04:18:33 PM,0.00,in,A
06/06/2019 02:42:52 AM,06/06/2019 05:57:22 AM,0.04,in,A
06/06/2019 01:20:28 AM,06/06/2019 04:34:59 AM,0.04,in,A
06/06/2019 01:07:09 AM,06/06/2019 04:21:20 AM,0.00,in,A
06/06/2019 12:35:59 AM,06/06/2019 03:50:29 AM,0.04,in,A
06/06/2019 12:20:20 AM,06/06/2019 03:34:36 AM,0.04,in,A
06/06/2019 12:03:25 AM,06/06/2019 03:17:38 AM,0.04,in,A
06/05/2019 11:52:36 PM,06/06/2019 03:06:52 AM,0.04,in,A
06/05/2019 11:16:10 PM,06/06/2019 02:30:38 AM,0.04,in,A
06/05/2019 10:54:20 PM,06/06/2019 02:08:31 AM,0.04,in,A
06/05/2019 08:42:43 PM,06/05/2019 11:56:53 PM,0.04,in,A
06/05/2019 08:34:09 PM,06/05/2019 11:48:25 PM,0.04,in,A
06/05/2019 08:31:33 PM,06/05/2019 11:46:00 PM,0.04,in,A
06/05/2019 08:28:03 PM,06/05/2019 11:42:55 PM,0.08,in,A
06/05/2019 08:26:17 PM,06/05/2019 11:40:28 PM,0.04,in,A
06/05/2019 08:25:41 PM,06/05/2019 11:40:28 PM,0.04,in,A
06/05/2019 08:22:54 PM,06/05/2019 11:37:24 PM,0.08,in,A
06/05/2019 08:14:37 PM,06/05/2019 11:28:47 PM,0.04,in,A
06/05/2019 01:10:02 PM,06/05/2019 04:24:27 PM,0.00,in,A
06/05/2019 01:12:54 AM,06/05/2019 04:27:35 AM,0.00,in,A
06/04/2019 01:15:46 PM,06/04/2019 04:30:03 PM,0.00,in,A
06/04/2019 01:18:39 AM,06/04/2019 04:33:03 AM,0.00,in,A
06/03/2019 04:34:42 AM,06/03/2019 04:38:41 AM,0.00,in,A
06/02/2019 04:37:34 PM,06/02/2019 04:41:28 PM,0.00,in,A
06/02/2019 04:40:27 AM,06/02/2019 04:44:41 AM,0.00,in,A
05/31/2019 05:48:48 PM,05/31/2019 04:53:26 PM,0.00,in,A
05/31/2019 05:51:40 AM,05/31/2019 04:55:48 AM,0.00,in,A
05/30/2019 05:54:33 PM,05/30/2019 04:58:39 PM,0.00,in,A
05/30/2019 05:57:25 AM,05/30/2019 05:01:31 AM,0.00,in,A
05/29/2019 06:00:18 PM,05/29/2019 05:04:43 PM,0.00,in,A
05/29/2019 06:03:10 AM,05/29/2019 05:07:37 AM,0.00,in,A
05/28/2019 06:06:02 PM,05/28/2019 05:10:16 PM,0.00,in,A
05/28/2019 06:08:55 AM,05/28/2019 05:13:30 AM,0.00,in,A
05/27/2019 06:11:47 PM,05/27/2019 05:16:13 PM,0.00,in,A
05/27/2019 06:03:09 AM,05/27/2019 05:07:29 AM,0.04,in,A
05/27/2019 06:00:53 AM,05/27/2019 05:05:08 AM,0.04,in,A
05/27/2019 05:59:43 AM,05/27/2019 05:04:34 AM,0.04,in,A
05/26/2019 06:17:32 PM,05/26/2019 05:22:04 PM,0.00,in,A
05/26/2019 06:20:24 AM,05/26/2019 05:24:32 AM,0.00,in,A
05/25/2019 06:23:17 PM,05/25/2019 05:27:24 PM,0.00,in,A
05/25/2019 06:26:09 AM,05/25/2019 05:30:40 AM,0.00,in,A
05/25/2019 01:20:46 AM,05/25/2019 12:24:59 AM,0.04,in,A
05/25/2019 01:06:34 AM,05/25/2019 12:11:04 AM,0.08,in,A
05/25/2019 12:41:49 AM,05/24/2019 11:45:59 PM,0.04,in,A
05/25/2019 12:31:27 AM,05/24/2019 11:35:48 PM,0.04,in,A
05/25/2019 12:20:42 AM,05/24/2019 11:25:02 PM,0.04,in,A
05/25/2019 12:09:33 AM,05/24/2019 11:14:03 PM,0.04,in,A
05/24/2019 11:56:55 PM,05/24/2019 11:01:08 PM,0.04,in,A
05/24/2019 11:38:03 PM,05/24/2019 10:42:26 PM,0.04,in,A
05/24/2019 11:22:09 PM,05/24/2019 10:26:27 PM,0.08,in,A
05/24/2019 09:51:08 PM,05/24/2019 08:55:19 PM,0.04,in,A
05/24/2019 09:22:33 PM,05/24/2019 08:27:05 PM,0.04,in,A
05/24/2019 09:12:07 PM,05/24/2019 08:16:23 PM,0.08,in,A
05/24/2019 08:58:13 PM,05/24/2019 08:02:51 PM,0.04,in,A
05/24/2019 08:54:35 PM,05/24/2019 07:58:44 PM,0.08,in,A
05/24/2019 08:49:59 PM,05/24/2019 07:54:31 PM,0.12,in,A
05/24/2019 08:47:32 PM,05/24/2019 07:52:00 PM,0.04,in,A
05/24/2019 08:46:44 PM,05/24/2019 07:50:55 PM,0.04,in,A
05/24/2019 08:45:57 PM,05/24/2019 07:50:07 PM,0.16,in,A
05/24/2019 08:42:57 PM,05/24/2019 07:47:26 PM,0.04,in,A
05/24/2019 08:42:17 PM,05/24/2019 07:47:00 PM,0.08,in,A
05/24/2019 08:40:35 PM,05/24/2019 07:45:02 PM,0.08,in,A
05/24/2019 08:39:46 PM,05/24/2019 07:44:04 PM,0.04,in,A
05/24/2019 08:39:18 PM,05/24/2019 07:43:36 PM,0.04,in,A
05/24/2019 08:38:53 PM,05/24/2019 07:43:35 PM,0.04,in,A
05/24/2019 08:38:10 PM,05/24/2019 07:42:19 PM,0.04,in,A
05/24/2019 08:32:14 PM,05/24/2019 07:36:30 PM,0.12,in,A
05/24/2019 06:29:01 PM,05/24/2019 05:33:09 PM,0.00,in,A
05/24/2019 06:31:55 AM,05/24/2019 05:36:30 AM,0.00,in,A
05/23/2019 06:34:46 PM,05/23/2019 05:39:05 PM,0.00,in,A
05/23/2019 06:37:40 AM,05/23/2019 05:42:30 AM,0.00,in,A
05/23/2019 04:57:39 AM,05/23/2019 04:02:13 AM,0.04,in,A
05/22/2019 07:57:12 PM,05/22/2019 07:01:39 PM,0.04,in,AN
05/22/2019 06:40:32 PM,05/22/2019 05:44:44 PM,0.00,in,A
05/22/2019 10:12:54 AM,05/22/2019 09:17:21 AM,0.04,in,A
05/22/2019 06:43:24 AM,05/22/2019 05:47:35 AM,0.00,in,A
05/21/2019 06:46:16 PM,05/21/2019 05:50:48 PM,0.00,in,A
05/21/2019 03:08:34 PM,05/21/2019 02:12:56 PM,0.04,in,A
05/21/2019 01:15:38 PM,05/21/2019 12:19:46 PM,0.04,in,A
05/21/2019 12:12:15 PM,05/21/2019 11:16:49 AM,0.04,in,A
05/21/2019 11:20:18 AM,05/21/2019 10:24:58 AM,0.04,in,A
05/21/2019 11:12:43 AM,05/21/2019 10:16:52 AM,0.04,in,A
05/21/2019 11:07:38 AM,05/21/2019 10:12:30 AM,0.04,in,A
05/21/2019 11:02:58 AM,05/21/2019 10:07:34 AM,0.04,in,A
05/21/2019 11:00:59 AM,05/21/2019 10:05:34 AM,0.04,in,A
05/21/2019 10:59:04 AM,05/21/2019 10:03:27 AM,0.04,in,A
05/21/2019 10:56:29 AM,05/21/2019 10:00:58 AM,0.12,in,A
05/21/2019 10:47:49 AM,05/21/2019 09:52:12 AM,0.04,in,A
05/21/2019 10:46:22 AM,05/21/2019 09:50:34 AM,0.04,in,A
05/21/2019 10:45:12 AM,05/21/2019 09:49:38 AM,0.04,in,A
05/21/2019 10:43:50 AM,05/21/2019 09:48:32 AM,0.04,in,A
05/21/2019 10:42:18 AM,05/21/2019 09:46:47 AM,0.04,in,A
05/21/2019 10:40:28 AM,05/21/2019 09:44:37 AM,0.04,in,A
05/21/2019 10:37:24 AM,05/21/2019 09:41:46 AM,0.04,in,A
05/21/2019 10:32:24 AM,05/21/2019 09:36:37 AM,0.04,in,A
05/21/2019 10:25:34 AM,05/21/2019 09:29:54 AM,0.08,in,A
05/21/2019 09:58:07 AM,05/21/2019 09:02:23 AM,0.04,in,A
05/21/2019 09:56:24 AM,05/21/2019 09:00:47 AM,0.04,in,A
05/21/2019 09:00:04 AM,05/21/2019 08:04:29 AM,0.04,in,A
05/21/2019 08:07:04 AM,05/21/2019 07:11:31 AM,0.04,in,A
05/21/2019 06:56:19 AM,05/21/2019 06:00:50 AM,0.04,in,A
05/21/2019 06:49:08 AM,05/21/2019 05:53:26 AM,0.00,in,A
05/21/2019 06:37:05 AM,05/21/2019 05:41:32 AM,0.04,in,A
05/21/2019 05:10:42 AM,05/21/2019 04:15:31 AM,0.04,in,A
05/21/2019 04:43:21 AM,05/21/2019 03:47:31 AM,0.04,in,A
05/21/2019 04:04:21 AM,05/21/2019 03:09:00 AM,0.04,in,A
05/21/2019 02:15:40 AM,05/21/2019 01:20:04 AM,0.04,in,A
05/21/2019 02:05:08 AM,05/21/2019 01:09:14 AM,0.04,in,A
05/21/2019 01:54:03 AM,05/21/2019 12:58:33 AM,0.04,in,A
05/21/2019 01:39:51 AM,05/21/2019 12:44:00 AM,0.04,in,A
05/21/2019 01:22:28 AM,05/21/2019 12:26:44 AM,0.04,in,A
05/21/2019 01:03:30 AM,05/21/2019 12:08:00 AM,0.04,in,A
05/21/2019 12:50:28 AM,05/20/2019 11:55:04 PM,0.08,in,A
05/21/2019 12:29:24 AM,05/20/2019 11:33:45 PM,0.08,in,A
05/21/2019 12:05:51 AM,05/20/2019 11:10:03 PM,0.04,in,A
05/20/2019 11:55:40 PM,05/20/2019 10:59:57 PM,0.04,in,A
05/20/2019 11:45:27 PM,05/20/2019 10:49:50 PM,0.04,in,A
05/20/2019 11:38:32 PM,05/20/2019 10:42:54 PM,0.04,in,A
05/20/2019 11:32:01 PM,05/20/2019 10:36:19 PM,0.08,in,A
05/20/2019 11:17:36 PM,05/20/2019 10:21:56 PM,0.08,in,A
05/20/2019 11:10:05 PM,05/20/2019 10:14:19 PM,0.08,in,A
05/20/2019 10:56:21 PM,05/20/2019 10:00:42 PM,0.04,in,A
05/20/2019 10:50:53 PM,05/20/2019 09:55:28 PM,0.04,in,A
05/20/2019 10:42:57 PM,05/20/2019 09:47:18 PM,0.04,in,A
05/20/2019 10:31:13 PM,05/20/2019 09:35:19 PM,0.04,in,A
05/20/2019 10:21:47 PM,05/20/2019 09:26:14 PM,0.04,in,A
05/20/2019 10:16:44 PM,05/20/2019 09:21:32 PM,0.04,in,A
05/20/2019 10:09:17 PM,05/20/2019 09:13:54 PM,0.04,in,A
05/20/2019 10:04:31 PM,05/20/2019 09:08:46 PM,0.12,in,A
05/20/2019 09:44:42 PM,05/20/2019 08:49:13 PM,0.04,in,A
05/20/2019 09:34:03 PM,05/20/2019 08:38:23 PM,0.04,in,A
05/20/2019 09:25:46 PM,05/20/2019 08:29:57 PM,0.04,in,A
05/20/2019 09:15:42 PM,05/20/2019 08:20:31 PM,0.04,in,A
05/20/2019 09:06:56 PM,05/20/2019 08:11:23 PM,0.04,in,A
05/20/2019 09:00:58 PM,05/20/2019 08:05:04 PM,0.04,in,A
05/20/2019 08:54:52 PM,05/20/2019 07:59:05 PM,0.04,in,A
05/20/2019 08:44:28 PM,05/20/2019 07:48:49 PM,0.04,in,A
05/20/2019 08:26:12 PM,05/20/2019 07:30:53 PM,0.04,in,A
05/20/2019 08:12:45 PM,05/20/2019 07:16:58 PM,0.04,in,A
05/20/2019 08:07:11 PM,05/20/2019 07:11:19 PM,0.04,in,AN
05/20/2019 06:52:01 PM,05/20/2019 05:56:34 PM,0.00,in,A
05/20/2019 06:49:26 PM,05/20/2019 05:54:00 PM,0.04,in,A
05/20/2019 05:45:58 PM,05/20/2019 04:50:26 PM,0.04,in,A
05/20/2019 05:27:46 PM,05/20/2019 04:32:22 PM,0.04,in,A
05/20/2019 05:12:36 PM,05/20/2019 04:16:46 PM,0.04,in,A
05/20/2019 04:57:59 PM,05/20/2019 04:02:23 PM,0.04,in,A
05/20/2019 04:40:57 PM,05/20/2019 03:45:07 PM,0.04,in,A
05/20/2019 06:54:53 AM,05/20/2019 01:24:24 PM,0.00,in,A
05/19/2019 06:57:45 PM,05/20/2019 01:24:24 PM,0.00,in,A
05/19/2019 01:36:06 PM,05/20/2019 01:24:24 PM,0.04,in,A
05/18/2019 07:00:38 PM,05/20/2019 01:24:24 PM,0.00,in,A
05/18/2019 05:01:55 PM,05/20/2019 01:24:24 PM,0.04,in,A
05/18/2019 04:20:23 PM,05/20/2019 01:24:24 PM,0.04,in,A
05/18/2019 04:12:07 PM,05/20/2019 01:24:24 PM,0.04,in,A
05/18/2019 04:06:49 PM,05/20/2019 01:24:24 PM,0.04,in,A
05/18/2019 04:05:42 PM,05/20/2019 01:24:24 PM,0.04,in,A
05/18/2019 04:02:39 PM,05/20/2019 01:24:24 PM,0.04,in,A
05/18/2019 03:42:40 PM,05/20/2019 01:24:24 PM,0.04,in,A
05/18/2019 03:37:03 PM,05/20/2019 01:24:24 PM,0.04,in,A
05/18/2019 03:33:14 PM,05/20/2019 01:24:24 PM,0.04,in,A
05/18/2019 03:32:10 PM,05/20/2019 01:24:24 PM,0.08,in,A
05/18/2019 03:30:53 PM,05/20/2019 01:24:24 PM,0.04,in,A
05/18/2019 03:30:18 PM,05/20/2019 01:24:24 PM,0.04,in,A
05/18/2019 03:29:24 PM,05/20/2019 01:24:24 PM,0.04,in,A
05/18/2019 03:26:02 PM,05/20/2019 01:24:24 PM,0.04,in,A
05/18/2019 03:19:10 PM,05/20/2019 01:24:24 PM,0.04,in,A
05/18/2019 02:56:39 PM,05/20/2019 01:24:24 PM,0.04,in,A
05/18/2019 02:53:59 PM,05/20/2019 01:24:24 PM,0.04,in,A
05/18/2019 02:50:13 PM,05/20/2019 01:24:24 PM,0.04,in,A
05/18/2019 01:39:05 PM,05/20/2019 01:24:24 PM,0.04,in,A
05/18/2019 01:34:10 PM,05/20/2019 01:24:24 PM,0.04,in,A
05/18/2019 01:26:35 PM,05/20/2019 01:24:24 PM,0.04,in,A
05/18/2019 01:12:58 PM,05/20/2019 01:24:24 PM,0.04,in,A
05/18/2019 01:11:47 PM,05/20/2019 01:24:24 PM,0.04,in,A
05/18/2019 01:11:06 PM,05/20/2019 01:24:24 PM,0.04,in,A
05/18/2019 01:10:28 PM,05/20/2019 01:24:24 PM,0.04,in,A
05/18/2019 01:09:38 PM,05/20/2019 01:24:24 PM,0.04,in,A
05/18/2019 01:08:45 PM,05/20/2019 01:24:24 PM,0.08,in,A
05/18/2019 01:05:44 PM,05/20/2019 01:24:24 PM,0.04,in,A
05/18/2019 01:05:03 PM,05/20/2019 01:24:24 PM,0.04,in,A
05/18/2019 01:04:29 PM,05/20/2019 01:24:24 PM,0.08,in,A
05/18/2019 01:03:31 PM,05/20/2019 01:24:24 PM,0.04,in,A
05/18/2019 01:02:19 PM,05/20/2019 01:24:24 PM,0.04,in,A
05/18/2019 01:00:52 PM,05/20/2019 01:24:24 PM,0.04,in,A
05/18/2019 12:59:39 PM,05/20/2019 01:24:24 PM,0.04,in,A
05/18/2019 12:58:08 PM,05/20/2019 01:24:24 PM,0.04,in,A
05/18/2019 12:49:41 PM,05/20/2019 01:24:24 PM,0.04,in,A
05/18/2019 12:03:10 PM,05/20/2019 01:24:24 PM,0.04,in,A
05/18/2019 10:09:19 AM,05/20/2019 01:24:24 PM,0.04,in,A
05/18/2019 09:28:31 AM,05/20/2019 01:24:24 PM,0.04,in,A
05/18/2019 09:16:51 AM,05/20/2019 01:24:24 PM,0.04,in,A
05/18/2019 08:37:26 AM,05/20/2019 01:24:24 PM,0.04,in,A
05/17/2019 07:06:23 PM,05/20/2019 01:24:24 PM,0.00,in,A
05/17/2019 07:09:16 AM,05/20/2019 01:24:24 PM,0.00,in,A
05/16/2019 07:15:00 AM,05/20/2019 01:24:24 PM,0.00,in,A
05/15/2019 07:17:53 PM,05/20/2019 01:24:24 PM,0.00,in,A
05/15/2019 07:20:45 AM,05/20/2019 01:24:24 PM,0.00,in,A
05/14/2019 07:23:37 PM,05/20/2019 01:24:24 PM,0.00,in,A
05/14/2019 07:26:29 AM,05/20/2019 01:24:24 PM,0.00,in,A
05/13/2019 07:29:22 PM,05/20/2019 01:24:24 PM,0.00,in,A
05/13/2019 07:32:14 AM,05/20/2019 01:24:24 PM,0.00,in,A
05/12/2019 07:35:06 PM,05/20/2019 01:24:24 PM,0.00,in,A
05/12/2019 03:37:08 PM,05/20/2019 01:24:24 PM,0.04,in,A
05/12/2019 03:34:57 PM,05/20/2019 01:24:24 PM,0.04,in,A
05/12/2019 02:45:50 PM,05/20/2019 01:24:24 PM,0.04,in,A
05/12/2019 12:33:43 PM,05/20/2019 01:24:24 PM,0.04,in,A
05/12/2019 12:22:17 PM,05/20/2019 01:24:24 PM,0.04,in,A
05/12/2019 06:49:46 AM,05/20/2019 01:24:24 PM,0.04,in,A
05/12/2019 06:24:32 AM,05/20/2019 01:24:24 PM,0.04,in,A
05/12/2019 05:43:49 AM,05/20/2019 01:24:24 PM,0.04,in,A
05/11/2019 08:07:57 AM,05/20/2019 01:24:24 PM,0.04,in,A
05/10/2019 07:46:35 PM,05/20/2019 01:24:24 PM,0.00,in,A
05/10/2019 07:49:27 AM,05/20/2019 01:24:24 PM,0.00,in,A
05/09/2019 07:52:19 PM,05/20/2019 01:24:24 PM,0.00,in,A
05/09/2019 07:58:04 AM,05/20/2019 01:24:24 PM,0.00,in,A
05/09/2019 12:51:05 AM,05/20/2019 01:24:24 PM,0.04,in,A
05/08/2019 08:00:56 PM,05/20/2019 01:24:24 PM,0.00,in,A
05/08/2019 08:03:48 AM,05/20/2019 01:24:24 PM,0.00,in,A
05/08/2019 06:55:52 AM,05/20/2019 01:24:24 PM,0.04,in,A
05/08/2019 06:31:32 AM,05/20/2019 01:24:24 PM,0.04,in,A
05/08/2019 06:18:24 AM,05/20/2019 01:24:24 PM,0.04,in,A
05/08/2019 06:13:00 AM,05/20/2019 01:24:24 PM,0.12,in,A
05/08/2019 05:24:57 AM,05/20/2019 01:24:24 PM,0.04,in,A
05/08/2019 05:21:40 AM,05/20/2019 01:24:24 PM,0.04,in,A
05/08/2019 05:20:27 AM,05/20/2019 01:24:24 PM,0.08,in,A
05/08/2019 02:26:30 AM,05/20/2019 01:24:24 PM,0.04,in,A
05/08/2019 02:21:48 AM,05/20/2019 01:24:24 PM,0.04,in,A
05/08/2019 01:48:26 AM,05/20/2019 01:24:24 PM,0.04,in,A
05/08/2019 12:43:23 AM,05/20/2019 01:24:24 PM,0.04,in,A
05/07/2019 08:06:41 PM,05/20/2019 01:24:24 PM,0.00,in,A
05/07/2019 03:49:35 AM,05/20/2019 01:24:24 PM,0.04,in,A
05/07/2019 03:22:56 AM,05/20/2019 01:24:24 PM,0.04,in,A
05/07/2019 03:15:05 AM,05/20/2019 01:24:24 PM,0.04,in,A
05/07/2019 03:08:02 AM,05/20/2019 01:24:24 PM,0.12,in,A
05/07/2019 02:46:50 AM,05/20/2019 01:24:24 PM,0.04,in,A
05/07/2019 02:35:30 AM,05/20/2019 01:24:24 PM,0.04,in,A
05/07/2019 02:22:52 AM,05/20/2019 01:24:24 PM,0.04,in,A
05/07/2019 02:07:46 AM,05/20/2019 01:24:24 PM,0.04,in,A
05/07/2019 01:56:56 AM,05/20/2019 01:24:24 PM,0.04,in,A
05/07/2019 01:45:58 AM,05/20/2019 01:24:24 PM,0.04,in,A
05/07/2019 01:35:25 AM,05/20/2019 01:24:24 PM,0.04,in,A
05/07/2019 01:24:29 AM,05/20/2019 01:24:24 PM,0.04,in,A
05/07/2019 01:06:31 AM,05/20/2019 01:24:23 PM,0.04,in,A
05/06/2019 11:34:41 PM,05/20/2019 01:24:23 PM,0.04,in,A
05/06/2019 11:26:42 PM,05/20/2019 01:24:23 PM,0.04,in,A
05/06/2019 11:16:34 PM,05/20/2019 01:24:23 PM,0.04,in,A
05/06/2019 10:54:18 PM,05/20/2019 01:24:23 PM,0.04,in,A
05/06/2019 10:23:19 PM,05/20/2019 01:24:23 PM,0.04,in,A
05/06/2019 07:22:30 PM,05/20/2019 01:24:23 PM,0.04,in,A
05/06/2019 06:01:36 PM,05/20/2019 01:24:23 PM,0.04,in,A
05/06/2019 05:44:11 PM,05/20/2019 01:24:23 PM,0.04,in,A
05/06/2019 05:30:52 PM,05/20/2019 01:24:23 PM,0.04,in,A
05/06/2019 05:16:53 PM,05/20/2019 01:24:23 PM,0.04,in,A
05/06/2019 05:12:04 PM,05/20/2019 01:24:23 PM,0.04,in,A
05/06/2019 05:09:10 PM,05/20/2019 01:24:23 PM,0.04,in,A
05/06/2019 05:06:22 PM,05/20/2019 01:24:23 PM,0.04,in,A
05/06/2019 05:05:14 PM,05/20/2019 01:24:23 PM,0.12,in,A
05/06/2019 04:02:23 PM,05/20/2019 01:24:23 PM,0.00,in,A
05/06/2019 04:05:16 AM,05/20/2019 01:24:23 PM,0.00,in,A
05/05/2019 04:08:08 PM,05/20/2019 01:24:23 PM,0.00,in,A
05/05/2019 04:11:01 AM,05/20/2019 01:24:23 PM,0.00,in,A
05/04/2019 04:13:53 PM,05/20/2019 01:24:23 PM,0.00,in,A
05/04/2019 04:16:45 AM,05/20/2019 01:24:23 PM,0.00,in,A
05/03/2019 04:19:37 PM,05/20/2019 01:24:23 PM,0.00,in,A
05/03/2019 04:22:29 AM,05/20/2019 01:24:23 PM,0.00,in,A
05/02/2019 04:25:21 PM,05/20/2019 01:24:23 PM,0.00,in,A
05/02/2019 04:28:13 AM,05/20/2019 01:24:23 PM,0.00,in,A
05/02/2019 04:00:34 AM,05/20/2019 01:24:23 PM,0.04,in,A
05/02/2019 02:33:27 AM,05/20/2019 01:24:23 PM,0.04,in,A
05/02/2019 02:23:02 AM,05/20/2019 01:24:23 PM,0.04,in,A
05/02/2019 02:18:01 AM,05/20/2019 01:24:23 PM,0.04,in,A
05/02/2019 01:32:48 AM,05/20/2019 01:24:23 PM,0.04,in,A
05/02/2019 12:02:20 AM,05/20/2019 01:24:23 PM,0.04,in,A
05/01/2019 11:29:58 PM,05/20/2019 01:24:23 PM,0.04,in,A
05/01/2019 11:07:04 PM,05/20/2019 01:24:23 PM,0.04,in,A
05/01/2019 11:00:09 PM,05/20/2019 01:24:23 PM,0.04,in,A
05/01/2019 10:58:27 PM,05/20/2019 01:24:23 PM,0.04,in,A
05/01/2019 10:56:52 PM,05/20/2019 01:24:23 PM,0.04,in,A
05/01/2019 10:55:18 PM,05/20/2019 01:24:23 PM,0.04,in,A
05/01/2019 10:50:58 PM,05/20/2019 01:24:23 PM,0.04,in,A
05/01/2019 10:38:33 PM,05/20/2019 01:24:23 PM,0.08,in,A
05/01/2019 10:30:02 PM,05/20/2019 01:24:23 PM,0.04,in,A
05/01/2019 10:29:17 PM,05/20/2019 01:24:23 PM,0.04,in,A
05/01/2019 10:26:44 PM,05/20/2019 01:24:23 PM,0.04,in,A
05/01/2019 10:15:46 PM,05/20/2019 01:24:23 PM,0.04,in,A
05/01/2019 10:11:29 PM,05/20/2019 01:24:23 PM,0.04,in,A
05/01/2019 10:05:57 PM,05/20/2019 01:24:23 PM,0.04,in,A
05/01/2019 08:38:03 PM,05/20/2019 01:24:23 PM,0.04,in,A
05/01/2019 08:22:48 PM,05/20/2019 01:24:23 PM,0.04,in,A
05/01/2019 05:36:35 PM,05/20/2019 01:24:23 PM,0.04,in,A
05/01/2019 04:31:06 PM,05/20/2019 01:24:23 PM,0.00,in,A
05/01/2019 04:33:58 AM,05/20/2019 01:24:23 PM,0.00,in,A
05/01/2019 03:46:38 AM,05/20/2019 01:24:23 PM,0.12,in,A
04/30/2019 07:10:37 PM,05/20/2019 01:24:23 PM,0.04,in,A
04/30/2019 07:00:15 PM,05/20/2019 01:24:23 PM,0.04,in,A
04/30/2019 06:48:28 PM,05/20/2019 01:24:23 PM,0.04,in,A
04/30/2019 06:38:35 PM,05/20/2019 01:24:23 PM,0.04,in,A
04/30/2019 06:24:51 PM,05/20/2019 01:24:23 PM,0.04,in,A
04/30/2019 06:05:46 PM,05/20/2019 01:24:23 PM,0.04,in,A
04/30/2019 05:55:06 PM,05/20/2019 01:24:23 PM,0.08,in,A
04/30/2019 05:48:06 PM,05/20/2019 01:24:23 PM,0.04,in,A
04/30/2019 05:43:50 PM,05/20/2019 01:24:23 PM,0.04,in,A
04/30/2019 05:36:06 PM,05/20/2019 01:24:23 PM,0.08,in,A
04/30/2019 04:51:58 PM,05/20/2019 01:24:23 PM,0.04,in,A
04/30/2019 04:35:40 PM,05/20/2019 01:24:23 PM,0.04,in,A
04/30/2019 04:28:59 PM,05/20/2019 01:24:23 PM,0.08,in,A
04/30/2019 04:23:37 PM,05/20/2019 01:24:23 PM,0.04,in,A
04/30/2019 04:22:16 PM,05/20/2019 01:24:23 PM,0.04,in,A
04/30/2019 04:20:45 PM,05/20/2019 01:24:23 PM,0.04,in,A
04/30/2019 04:17:48 PM,05/20/2019 01:24:23 PM,0.04,in,A
04/30/2019 04:08:13 PM,05/20/2019 01:24:23 PM,0.04,in,A
04/30/2019 03:18:56 PM,05/20/2019 01:24:23 PM,0.04,in,A
04/30/2019 03:00:27 PM,05/20/2019 01:24:23 PM,0.04,in,A
04/30/2019 02:52:07 PM,05/20/2019 01:24:23 PM,0.08,in,A
04/30/2019 02:31:30 PM,05/20/2019 01:24:23 PM,0.04,in,A
04/30/2019 02:19:21 PM,05/20/2019 01:24:23 PM,0.04,in,A
04/30/2019 02:07:46 PM,05/20/2019 01:24:23 PM,0.04,in,A
04/30/2019 02:04:50 PM,05/20/2019 01:24:23 PM,0.04,in,A
04/30/2019 02:02:58 PM,05/20/2019 01:24:23 PM,0.04,in,A
04/30/2019 01:58:45 PM,05/20/2019 01:24:23 PM,0.04,in,A
04/30/2019 01:40:26 PM,05/20/2019 01:24:23 PM,0.04,in,A
04/30/2019 12:34:16 PM,05/20/2019 01:24:23 PM,0.04,in,A
04/30/2019 12:24:22 PM,05/20/2019 01:24:23 PM,0.04,in,A
04/30/2019 12:15:01 PM,05/20/2019 01:24:23 PM,0.04,in,A
04/30/2019 11:56:24 AM,05/20/2019 01:24:23 PM,0.04,in,A
04/30/2019 10:47:45 AM,05/20/2019 01:24:23 PM,0.08,in,A
04/30/2019 09:30:24 AM,05/20/2019 01:24:23 PM,0.04,in,A
04/30/2019 09:16:43 AM,05/20/2019 01:24:23 PM,0.04,in,A
04/30/2019 09:03:48 AM,05/20/2019 01:24:23 PM,0.04,in,A
04/30/2019 08:50:27 AM,05/20/2019 01:24:23 PM,0.08,in,A
04/30/2019 08:29:21 AM,05/20/2019 01:24:23 PM,0.04,in,A
04/30/2019 08:21:01 AM,05/20/2019 01:24:23 PM,0.04,in,A
04/30/2019 08:12:24 AM,05/20/2019 01:24:23 PM,0.04,in,A
04/30/2019 08:02:03 AM,05/20/2019 01:24:23 PM,0.04,in,A
04/30/2019 07:53:51 AM,05/20/2019 01:24:23 PM,0.00,in,A
04/30/2019 07:52:48 AM,05/20/2019 01:24:23 PM,0.04,in,A
04/30/2019 07:43:44 AM,05/20/2019 01:24:23 PM,0.04,in,A
04/30/2019 07:31:55 AM,05/20/2019 01:24:23 PM,0.04,in,A
04/30/2019 07:23:33 AM,05/20/2019 01:24:23 PM,0.08,in,A
04/30/2019 06:59:25 AM,05/20/2019 01:24:23 PM,0.04,in,A
04/30/2019 06:52:45 AM,05/20/2019 01:24:23 PM,0.04,in,A
04/30/2019 06:51:35 AM,05/20/2019 01:24:23 PM,0.04,in,A
04/30/2019 06:42:16 AM,05/20/2019 01:24:23 PM,0.04,in,A
04/30/2019 06:28:18 AM,05/20/2019 01:24:23 PM,0.04,in,A
04/30/2019 05:43:29 AM,05/20/2019 01:24:23 PM,0.04,in,A
04/30/2019 02:36:06 AM,05/20/2019 01:24:23 PM,0.04,in,A
04/29/2019 10:47:32 PM,05/20/2019 01:24:23 PM,0.04,in,A
04/29/2019 07:55:54 PM,05/20/2019 01:24:23 PM,0.00,in,A
04/29/2019 07:57:52 AM,05/20/2019 01:24:23 PM,0.00,in,A
04/29/2019 05:12:03 AM,05/20/2019 01:24:23 PM,0.04,in,A
04/29/2019 04:54:43 AM,05/20/2019 01:24:23 PM,0.04,in,A
04/29/2019 04:39:19 AM,05/20/2019 01:24:23 PM,0.04,in,A
04/29/2019 04:34:40 AM,05/20/2019 01:24:23 PM,0.04,in,A
04/29/2019 04:32:31 AM,05/20/2019 01:24:23 PM,0.04,in,A
04/29/2019 04:31:32 AM,05/20/2019 01:24:23 PM,0.04,in,A
04/29/2019 04:30:40 AM,05/20/2019 01:24:23 PM,0.04,in,A
04/29/2019 04:30:04 AM,05/20/2019 01:24:23 PM,0.04,in,A
04/29/2019 04:29:37 AM,05/20/2019 01:24:23 PM,0.04,in,A
04/29/2019 04:29:08 AM,05/20/2019 01:24:23 PM,0.04,in,A
04/29/2019 04:28:43 AM,05/20/2019 01:24:23 PM,0.04,in,A
04/29/2019 04:28:10 AM,05/20/2019 01:24:23 PM,0.04,in,A
04/29/2019 04:27:38 AM,05/20/2019 01:24:23 PM,0.04,in,A
04/29/2019 04:26:52 AM,05/20/2019 01:24:22 PM,0.04,in,A
04/29/2019 04:25:54 AM,05/20/2019 01:24:22 PM,0.04,in,A
04/29/2019 04:24:50 AM,05/20/2019 01:24:22 PM,0.04,in,A
04/29/2019 04:23:57 AM,05/20/2019 01:24:22 PM,0.04,in,A
04/29/2019 04:23:11 AM,05/20/2019 01:24:22 PM,0.04,in,A
04/29/2019 04:22:31 AM,05/20/2019 01:24:22 PM,0.04,in,A
04/29/2019 04:21:55 AM,05/20/2019 01:24:22 PM,0.04,in,A
04/29/2019 04:21:11 AM,05/20/2019 01:24:22 PM,0.04,in,A
04/29/2019 04:20:16 AM,05/20/2019 01:24:22 PM,0.04,in,A
04/29/2019 04:17:23 AM,05/20/2019 01:24:22 PM,0.04,in,A
04/29/2019 04:08:41 AM,05/20/2019 01:24:22 PM,0.04,in,A
04/29/2019 04:02:24 AM,05/20/2019 01:24:22 PM,0.04,in,A
04/29/2019 03:52:40 AM,05/20/2019 01:24:22 PM,0.04,in,A
04/29/2019 03:15:40 AM,05/20/2019 01:24:22 PM,0.04,in,A
04/28/2019 07:59:49 PM,05/20/2019 01:24:22 PM,0.00,in,A
04/27/2019 08:03:43 PM,05/20/2019 01:24:22 PM,0.00,in,A
04/27/2019 08:05:40 AM,05/20/2019 01:24:22 PM,0.00,in,A
04/26/2019 08:07:37 PM,05/20/2019 01:24:22 PM,0.00,in,A
04/26/2019 08:09:34 AM,05/20/2019 01:24:22 PM,0.00,in,A
04/25/2019 08:11:31 PM,05/20/2019 01:24:22 PM,0.00,in,A
04/25/2019 08:13:28 AM,05/20/2019 01:24:22 PM,0.00,in,A
04/24/2019 08:17:22 AM,05/20/2019 01:24:22 PM,0.00,in,A
04/23/2019 08:19:19 PM,05/20/2019 01:24:22 PM,0.00,in,A
04/23/2019 05:20:21 PM,05/20/2019 01:24:22 PM,0.04,in,A
04/23/2019 08:21:16 AM,05/20/2019 01:24:22 PM,0.00,in,A
04/22/2019 08:23:13 PM,05/20/2019 01:24:22 PM,0.00,in,A
04/22/2019 08:25:11 AM,05/20/2019 01:24:22 PM,0.00,in,A
04/21/2019 08:27:08 PM,05/20/2019 01:24:22 PM,0.00,in,A
04/21/2019 08:29:05 AM,05/20/2019 01:24:22 PM,0.00,in,A
04/20/2019 08:31:02 PM,05/20/2019 01:24:22 PM,0.00,in,A
04/20/2019 08:32:59 AM,05/20/2019 01:24:22 PM,0.00,in,A
04/19/2019 08:34:56 PM,05/20/2019 01:24:22 PM,0.00,in,A
04/19/2019 08:36:53 AM,05/20/2019 01:24:22 PM,0.00,in,A
04/18/2019 08:38:50 PM,05/20/2019 01:24:22 PM,0.00,in,A
04/18/2019 08:40:47 AM,05/20/2019 01:24:22 PM,0.00,in,A
04/18/2019 02:18:50 AM,05/20/2019 01:24:22 PM,0.04,in,A
04/18/2019 01:53:43 AM,05/20/2019 01:24:22 PM,0.04,in,A
04/18/2019 01:35:20 AM,05/20/2019 01:24:22 PM,0.04,in,A
04/18/2019 01:15:57 AM,05/20/2019 01:24:22 PM,0.08,in,A
04/18/2019 12:49:47 AM,05/20/2019 01:24:22 PM,0.04,in,A
04/18/2019 12:38:45 AM,05/20/2019 01:24:22 PM,0.04,in,A
04/18/2019 12:29:31 AM,05/20/2019 01:24:22 PM,0.04,in,A
04/18/2019 12:20:43 AM,05/20/2019 01:24:22 PM,0.04,in,A
04/18/2019 12:12:43 AM,05/20/2019 01:24:22 PM,0.04,in,A
04/18/2019 12:00:34 AM,05/20/2019 01:24:22 PM,0.08,in,A
04/17/2019 11:41:12 PM,05/20/2019 01:24:22 PM,0.04,in,A
04/17/2019 11:34:21 PM,05/20/2019 01:24:22 PM,0.04,in,A
04/17/2019 11:25:44 PM,05/20/2019 01:24:22 PM,0.04,in,A
04/17/2019 11:17:00 PM,05/20/2019 01:24:22 PM,0.04,in,A
04/17/2019 11:07:44 PM,05/20/2019 01:24:22 PM,0.04,in,A
04/17/2019 10:57:23 PM,05/20/2019 01:24:22 PM,0.04,in,A
04/17/2019 10:46:05 PM,05/20/2019 01:24:22 PM,0.04,in,A
04/17/2019 10:29:45 PM,05/20/2019 01:24:22 PM,0.04,in,A
04/17/2019 10:22:59 PM,05/20/2019 01:24:22 PM,0.04,in,A
04/17/2019 10:19:47 PM,05/20/2019 01:24:22 PM,0.04,in,A
04/17/2019 10:16:18 PM,05/20/2019 01:24:22 PM,0.04,in,A
04/17/2019 10:14:15 PM,05/20/2019 01:24:22 PM,0.04,in,A
04/17/2019 10:11:43 PM,05/20/2019 01:24:22 PM,0.04,in,A
04/17/2019 10:09:47 PM,05/20/2019 01:24:22 PM,0.04,in,A
04/17/2019 10:08:18 PM,05/20/2019 01:24:22 PM,0.04,in,A
04/17/2019 10:05:46 PM,05/20/2019 01:24:22 PM,0.04,in,A
04/17/2019 10:04:43 PM,05/20/2019 01:24:22 PM,0.04,in,A
04/17/2019 10:03:06 PM,05/20/2019 01:24:22 PM,0.04,in,A
04/17/2019 10:00:42 PM,05/20/2019 01:24:22 PM,0.04,in,A
04/17/2019 09:58:38 PM,05/20/2019 01:24:22 PM,0.04,in,A
04/17/2019 09:56:07 PM,05/20/2019 01:24:22 PM,0.04,in,A
04/17/2019 09:54:04 PM,05/20/2019 01:24:22 PM,0.04,in,A
04/17/2019 09:52:35 PM,05/20/2019 01:24:22 PM,0.04,in,A
04/17/2019 09:45:45 PM,05/20/2019 01:24:22 PM,0.04,in,A
04/17/2019 09:42:13 PM,05/20/2019 01:24:22 PM,0.04,in,A
04/17/2019 09:39:29 PM,05/20/2019 01:24:22 PM,0.04,in,A
04/17/2019 09:36:50 PM,05/20/2019 01:24:22 PM,0.04,in,A
04/17/2019 09:33:27 PM,05/20/2019 01:24:22 PM,0.04,in,A
04/17/2019 09:10:34 PM,05/20/2019 01:24:22 PM,0.04,in,A
04/17/2019 08:42:44 PM,05/20/2019 01:24:22 PM,0.00,in,A
04/17/2019 08:44:41 AM,05/20/2019 01:24:22 PM,0.00,in,A
04/16/2019 08:46:39 PM,05/20/2019 01:24:22 PM,0.00,in,A
04/16/2019 08:48:36 AM,05/20/2019 01:24:22 PM,0.00,in,A
04/15/2019 08:50:33 PM,05/20/2019 01:24:22 PM,0.00,in,A
04/15/2019 08:52:30 AM,05/20/2019 01:24:22 PM,0.00,in,A
04/14/2019 08:54:27 PM,05/20/2019 01:24:22 PM,0.00,in,A
04/14/2019 08:56:24 AM,05/20/2019 01:24:22 PM,0.00,in,A
04/13/2019 08:58:21 PM,05/20/2019 01:24:22 PM,0.00,in,A
04/13/2019 09:00:17 AM,05/20/2019 01:24:22 PM,0.00,in,A
04/12/2019 09:04:11 AM,05/20/2019 01:24:22 PM,0.00,in,A
04/11/2019 09:06:08 PM,05/20/2019 01:24:22 PM,0.00,in,A
04/11/2019 09:08:05 AM,05/20/2019 01:24:22 PM,0.00,in,A
04/10/2019 09:10:02 PM,05/20/2019 01:24:22 PM,0.00,in,A
04/10/2019 09:11:59 AM,05/20/2019 01:24:22 PM,0.00,in,A
04/09/2019 09:13:56 PM,05/20/2019 01:24:22 PM,0.00,in,A
04/09/2019 09:15:53 AM,05/20/2019 01:24:22 PM,0.00,in,A
04/08/2019 09:17:50 PM,05/20/2019 01:24:22 PM,0.00,in,A
04/08/2019 10:06:43 AM,05/20/2019 01:24:22 PM,0.04,in,A
04/08/2019 09:19:48 AM,05/20/2019 01:24:22 PM,0.00,in,A
04/07/2019 09:21:44 PM,05/20/2019 01:24:22 PM,0.00,in,A
04/07/2019 09:23:42 AM,05/20/2019 01:24:22 PM,0.00,in,A
04/07/2019 12:49:29 AM,05/20/2019 01:24:22 PM,0.04,in,A
04/07/2019 12:06:01 AM,05/20/2019 01:24:22 PM,0.04,in,A
04/06/2019 11:52:00 PM,05/20/2019 01:24:22 PM,0.04,in,A
04/06/2019 11:40:30 PM,05/20/2019 01:24:22 PM,0.04,in,A
04/06/2019 11:30:20 PM,05/20/2019 01:24:22 PM,0.04,in,A
04/06/2019 11:25:17 PM,05/20/2019 01:24:22 PM,0.04,in,A
04/06/2019 11:23:55 PM,05/20/2019 01:24:22 PM,0.04,in,A
04/06/2019 11:22:22 PM,05/20/2019 01:24:22 PM,0.04,in,A
04/06/2019 11:20:41 PM,05/20/2019 01:24:22 PM,0.04,in,A
04/06/2019 11:15:19 PM,05/20/2019 01:24:22 PM,0.04,in,A
04/06/2019 11:13:13 PM,05/20/2019 01:24:22 PM,0.04,in,A
04/06/2019 10:58:45 PM,05/20/2019 01:24:22 PM,0.04,in,A
04/06/2019 09:25:39 PM,05/20/2019 01:24:22 PM,0.00,in,A
04/06/2019 09:27:36 AM,05/20/2019 01:24:22 PM,0.00,in,A
04/05/2019 09:29:33 PM,05/20/2019 01:24:22 PM,0.00,in,A
04/05/2019 09:31:30 AM,05/20/2019 01:24:22 PM,0.00,in,A
04/04/2019 09:33:26 PM,05/20/2019 01:24:22 PM,0.00,in,A
04/04/2019 10:15:17 AM,05/20/2019 01:24:22 PM,0.04,in,A
04/04/2019 09:46:40 AM,05/20/2019 01:24:22 PM,0.04,in,A
04/04/2019 09:35:23 AM,05/20/2019 01:24:22 PM,0.00,in,A
04/04/2019 09:22:15 AM,05/20/2019 01:24:22 PM,0.04,in,A
04/04/2019 12:45:01 AM,05/20/2019 01:24:22 PM,0.04,in,A
04/03/2019 09:37:20 PM,05/20/2019 01:24:22 PM,0.00,in,A
04/03/2019 09:39:17 AM,05/20/2019 01:24:22 PM,0.00,in,A
04/02/2019 09:41:14 PM,05/20/2019 01:24:22 PM,0.00,in,A
04/02/2019 09:43:11 AM,05/20/2019 01:24:22 PM,0.00,in,A
04/01/2019 09:45:08 PM,05/20/2019 01:24:22 PM,0.00,in,A
04/01/2019 09:47:05 AM,05/20/2019 01:24:22 PM,0.00,in,A
03/31/2019 09:49:01 PM,05/20/2019 01:24:22 PM,0.00,in,A
03/31/2019 09:50:58 AM,05/20/2019 01:24:22 PM,0.00,in,A
03/30/2019 09:52:54 PM,05/20/2019 01:24:22 PM,0.00,in,A
03/30/2019 04:20:33 PM,05/20/2019 01:24:22 PM,0.04,in,A
03/30/2019 10:21:59 AM,05/20/2019 01:24:22 PM,0.04,in,A
03/30/2019 09:54:51 AM,05/20/2019 01:24:22 PM,0.00,in,A
03/30/2019 07:47:42 AM,05/20/2019 01:24:22 PM,0.04,in,A
03/30/2019 12:30:59 AM,05/20/2019 01:24:22 PM,0.04,in,A
03/30/2019 12:18:38 AM,05/20/2019 01:24:22 PM,0.04,in,A
03/29/2019 11:59:54 PM,05/20/2019 01:24:22 PM,0.04,in,A
03/29/2019 10:55:09 PM,05/20/2019 01:24:22 PM,0.04,in,A
03/29/2019 10:23:00 PM,05/20/2019 01:24:22 PM,0.04,in,A
03/29/2019 09:56:48 PM,05/20/2019 01:24:22 PM,0.00,in,A
03/29/2019 09:53:09 PM,05/20/2019 01:24:22 PM,0.04,in,A
03/29/2019 09:30:51 PM,05/20/2019 01:24:21 PM,0.04,in,A
03/29/2019 08:55:36 PM,05/20/2019 01:24:21 PM,0.04,in,A
03/29/2019 08:16:23 PM,05/20/2019 01:24:21 PM,0.04,in,A
03/29/2019 07:56:46 PM,05/20/2019 01:24:21 PM,0.04,in,A
03/29/2019 01:46:50 PM,05/20/2019 01:24:21 PM,0.04,in,A
03/29/2019 01:16:42 PM,05/20/2019 01:24:21 PM,0.04,in,A
03/29/2019 12:59:41 PM,05/20/2019 01:24:21 PM,0.04,in,A
03/29/2019 09:58:45 AM,05/20/2019 01:24:21 PM,0.00,in,A
03/29/2019 12:17:32 AM,05/20/2019 01:24:21 PM,0.04,in,A
03/29/2019 12:01:41 AM,05/20/2019 01:24:21 PM,0.04,in,A
03/28/2019 10:00:42 PM,05/20/2019 01:24:21 PM,0.00,in,A
03/28/2019 06:57:46 PM,05/20/2019 01:24:21 PM,0.04,in,A
03/28/2019 06:54:17 PM,05/20/2019 01:24:21 PM,0.04,in,A
03/28/2019 06:52:26 PM,05/20/2019 01:24:21 PM,0.04,in,A
03/28/2019 06:50:04 PM,05/20/2019 01:24:21 PM,0.04,in,A
03/28/2019 06:44:36 PM,05/20/2019 01:24:21 PM,0.04,in,A
03/28/2019 06:40:19 PM,05/20/2019 01:24:21 PM,0.04,in,A
03/28/2019 06:37:27 PM,05/20/2019 01:24:21 PM,0.04,in,A
03/28/2019 03:35:26 PM,05/20/2019 01:24:21 PM,0.04,in,A
03/28/2019 03:34:34 PM,05/20/2019 01:24:21 PM,0.04,in,A
03/28/2019 03:33:42 PM,05/20/2019 01:24:21 PM,0.08,in,A
03/28/2019 03:30:26 PM,05/20/2019 01:24:21 PM,0.04,in,A
03/28/2019 03:27:17 PM,05/20/2019 01:24:21 PM,0.04,in,A
03/28/2019 02:46:30 PM,05/20/2019 01:24:21 PM,0.04,in,A
03/28/2019 02:41:54 PM,05/20/2019 01:24:21 PM,0.04,in,A
03/28/2019 02:38:35 PM,05/20/2019 01:24:21 PM,0.04,in,A
03/28/2019 01:55:08 PM,05/20/2019 01:24:21 PM,0.04,in,A
03/28/2019 01:23:58 PM,05/20/2019 01:24:21 PM,0.04,in,A
03/28/2019 10:02:39 AM,05/20/2019 01:24:21 PM,0.00,in,A
03/27/2019 10:04:36 PM,05/20/2019 01:24:21 PM,0.00,in,A
03/27/2019 10:06:33 AM,05/20/2019 01:24:21 PM,0.00,in,A
03/26/2019 10:08:29 PM,05/20/2019 01:24:21 PM,0.00,in,A
03/26/2019 10:10:26 AM,05/20/2019 01:24:21 PM,0.00,in,A
03/25/2019 10:12:23 PM,05/20/2019 01:24:21 PM,0.00,in,A
03/25/2019 10:14:20 AM,05/20/2019 01:24:21 PM,0.00,in,A
03/24/2019 10:16:17 PM,05/20/2019 01:24:21 PM,0.00,in,A
03/24/2019 10:18:14 AM,05/20/2019 01:24:21 PM,0.00,in,A
03/23/2019 10:20:11 PM,05/20/2019 01:24:21 PM,0.00,in,A
03/23/2019 10:22:07 AM,05/20/2019 01:24:21 PM,0.00,in,A
03/22/2019 10:24:04 PM,05/20/2019 01:24:21 PM,0.00,in,A
03/22/2019 10:26:01 AM,05/20/2019 01:24:21 PM,0.00,in,A
03/21/2019 10:27:58 PM,05/20/2019 01:24:21 PM,0.00,in,A
03/21/2019 10:29:54 AM,05/20/2019 01:24:21 PM,0.00,in,A
03/20/2019 10:31:52 PM,05/20/2019 01:24:21 PM,0.00,in,A
03/20/2019 10:33:48 AM,05/20/2019 01:24:21 PM,0.00,in,A
03/19/2019 11:44:59 PM,05/20/2019 01:24:21 PM,0.04,in,A
03/19/2019 10:35:45 PM,05/20/2019 01:24:21 PM,0.00,in,A
03/19/2019 08:35:08 PM,05/20/2019 01:24:21 PM,0.04,in,A
03/19/2019 10:37:42 AM,05/20/2019 01:24:21 PM,0.00,in,A
03/18/2019 10:39:38 PM,05/20/2019 01:24:21 PM,0.00,in,A
03/18/2019 10:41:35 AM,05/20/2019 01:24:21 PM,0.00,in,A
03/17/2019 10:43:32 PM,05/20/2019 01:24:21 PM,0.00,in,A
03/17/2019 10:45:29 AM,05/20/2019 01:24:21 PM,0.00,in,A
03/16/2019 10:47:25 PM,05/20/2019 01:24:21 PM,0.00,in,A
03/16/2019 10:49:22 AM,05/20/2019 01:24:21 PM,0.00,in,A
03/15/2019 10:51:18 PM,05/20/2019 01:24:21 PM,0.00,in,A
03/15/2019 10:53:15 AM,05/20/2019 01:24:21 PM,0.00,in,A
03/14/2019 10:55:11 PM,05/20/2019 01:24:21 PM,0.00,in,A
03/14/2019 10:57:08 AM,05/20/2019 01:24:21 PM,0.00,in,A
03/13/2019 10:59:05 PM,05/20/2019 01:24:21 PM,0.00,in,A
03/13/2019 12:07:34 PM,05/20/2019 01:24:21 PM,0.04,in,A
03/13/2019 11:01:02 AM,05/20/2019 01:24:21 PM,0.00,in,A
03/13/2019 10:41:26 AM,05/20/2019 01:24:21 PM,0.04,in,A
03/13/2019 10:15:20 AM,05/20/2019 01:24:21 PM,0.04,in,A
03/13/2019 09:23:35 AM,05/20/2019 01:24:21 PM,0.04,in,A
03/12/2019 11:02:59 PM,05/20/2019 01:24:21 PM,0.00,in,A
03/12/2019 09:00:59 PM,05/20/2019 01:24:21 PM,0.04,in,A
03/12/2019 08:03:54 PM,05/20/2019 01:24:21 PM,0.04,in,A
03/12/2019 07:50:21 PM,05/20/2019 01:24:21 PM,0.04,in,A
03/12/2019 07:15:40 PM,05/20/2019 01:24:21 PM,0.04,in,A
03/12/2019 01:50:16 PM,05/20/2019 01:24:21 PM,0.04,in,A
03/12/2019 01:18:53 PM,05/20/2019 01:24:21 PM,0.04,in,A
03/12/2019 12:49:22 PM,05/20/2019 01:24:21 PM,0.04,in,A
03/12/2019 12:28:25 PM,05/20/2019 01:24:21 PM,0.04,in,A
03/12/2019 12:06:53 PM,05/20/2019 01:24:21 PM,0.04,in,A
03/12/2019 11:37:04 AM,05/20/2019 01:24:21 PM,0.04,in,A
03/12/2019 11:04:55 AM,05/20/2019 01:24:21 PM,0.00,in,A
03/11/2019 11:06:52 PM,05/20/2019 01:24:21 PM,0.00,in,A
03/11/2019 11:08:49 AM,05/20/2019 01:24:21 PM,0.00,in,A
03/10/2019 11:10:45 PM,05/20/2019 01:24:21 PM,0.00,in,A
03/10/2019 11:12:41 AM,05/20/2019 01:24:21 PM,0.00,in,A
03/09/2019 12:17:59 PM,05/20/2019 01:24:21 PM,0.04,in,A
03/09/2019 07:51:54 AM,05/20/2019 01:24:21 PM,0.04,in,A
03/09/2019 07:24:51 AM,05/20/2019 01:24:21 PM,0.08,in,A
03/09/2019 05:39:57 AM,05/20/2019 01:24:21 PM,0.04,in,A
03/09/2019 05:35:26 AM,05/20/2019 01:24:21 PM,0.04,in,A
03/09/2019 05:20:00 AM,05/20/2019 01:24:21 PM,0.04,in,A
03/09/2019 05:16:09 AM,05/20/2019 01:24:21 PM,0.04,in,A
03/09/2019 05:13:17 AM,05/20/2019 01:24:21 PM,0.04,in,A
03/09/2019 05:10:55 AM,05/20/2019 01:24:21 PM,0.04,in,A
03/09/2019 04:46:05 AM,05/20/2019 01:24:21 PM,0.04,in,A
03/09/2019 03:23:51 AM,05/20/2019 01:24:21 PM,0.04,in,A
03/09/2019 03:01:49 AM,05/20/2019 01:24:21 PM,0.04,in,A
03/08/2019 10:18:31 PM,05/20/2019 01:24:21 PM,0.00,in,A
03/08/2019 10:20:27 AM,05/20/2019 01:24:21 PM,0.00,in,A
03/07/2019 10:22:24 PM,05/20/2019 01:24:21 PM,0.00,in,A
03/07/2019 10:24:20 AM,05/20/2019 01:24:21 PM,0.00,in,A
03/06/2019 10:28:13 AM,05/20/2019 01:24:21 PM,0.00,in,A
03/05/2019 10:32:04 AM,05/20/2019 01:24:21 PM,0.00,in,A
03/04/2019 10:34:00 PM,05/20/2019 01:24:21 PM,0.00,in,A
03/04/2019 01:58:37 PM,05/20/2019 01:24:21 PM,0.04,in,A
03/04/2019 10:35:56 AM,05/20/2019 01:24:21 PM,0.00,in,A
03/03/2019 10:37:51 PM,05/20/2019 01:24:21 PM,0.00,in,A
03/03/2019 10:39:47 AM,05/20/2019 01:24:21 PM,0.00,in,A
03/02/2019 10:41:43 PM,05/20/2019 01:24:21 PM,0.00,in,A
03/02/2019 10:43:40 AM,05/20/2019 01:24:21 PM,0.00,in,A
03/01/2019 10:45:36 PM,05/20/2019 01:24:21 PM,0.00,in,A
03/01/2019 10:47:32 AM,05/20/2019 01:24:21 PM,0.00,in,A
02/28/2019 10:49:28 PM,05/20/2019 01:24:21 PM,0.00,in,A
02/28/2019 10:51:25 AM,05/20/2019 01:24:21 PM,0.00,in,A
02/27/2019 10:53:21 PM,05/20/2019 01:24:21 PM,0.00,in,A
02/27/2019 10:55:17 AM,05/20/2019 01:24:21 PM,0.00,in,A
02/26/2019 10:57:14 PM,05/20/2019 01:24:21 PM,0.00,in,A
02/26/2019 10:59:09 AM,05/20/2019 01:24:21 PM,0.00,in,A
02/25/2019 11:01:06 PM,05/20/2019 01:24:21 PM,0.00,in,A
02/25/2019 11:03:02 AM,05/20/2019 01:24:21 PM,0.00,in,A
02/24/2019 11:04:58 PM,05/20/2019 01:24:21 PM,0.00,in,A
02/24/2019 11:06:55 AM,05/20/2019 01:24:21 PM,0.00,in,A
02/23/2019 11:08:51 PM,05/20/2019 01:24:21 PM,0.00,in,A
02/23/2019 06:32:33 PM,05/20/2019 01:24:21 PM,0.04,in,A
02/23/2019 11:51:22 AM,05/20/2019 01:24:21 PM,0.04,in,A
02/23/2019 11:43:54 AM,05/20/2019 01:24:21 PM,0.04,in,A
02/23/2019 11:10:48 AM,05/20/2019 01:24:21 PM,0.00,in,A
02/23/2019 10:44:11 AM,05/20/2019 01:24:21 PM,0.04,in,A
02/23/2019 10:36:48 AM,05/20/2019 01:24:21 PM,0.04,in,A
02/23/2019 10:35:17 AM,05/20/2019 01:24:21 PM,0.04,in,A
02/23/2019 09:45:05 AM,05/20/2019 01:24:21 PM,0.04,in,A
02/23/2019 05:45:22 AM,05/20/2019 01:24:21 PM,0.04,in,A
02/23/2019 12:46:23 AM,05/20/2019 01:24:21 PM,0.04,in,A
02/23/2019 12:24:13 AM,05/20/2019 01:24:21 PM,0.04,in,A
02/23/2019 12:21:57 AM,05/20/2019 01:24:21 PM,0.08,in,A
02/23/2019 12:13:54 AM,05/20/2019 01:24:21 PM,0.04,in,A
02/23/2019 12:01:47 AM,05/20/2019 01:24:21 PM,0.04,in,A
02/22/2019 11:12:44 PM,05/20/2019 01:24:21 PM,0.00,in,A
02/22/2019 11:01:09 PM,05/20/2019 01:24:21 PM,0.04,in,A
02/22/2019 10:31:48 PM,05/20/2019 01:24:21 PM,0.04,in,A
02/22/2019 09:48:48 PM,05/20/2019 01:24:21 PM,0.04,in,A
02/22/2019 11:14:40 AM,05/20/2019 01:24:21 PM,0.00,in,A
02/21/2019 11:16:36 PM,05/20/2019 01:24:21 PM,0.00,in,A
02/21/2019 11:18:33 AM,05/20/2019 01:24:20 PM,0.00,in,A
02/20/2019 11:20:29 PM,05/20/2019 01:24:20 PM,0.00,in,A
02/20/2019 04:43:57 PM,05/20/2019 01:24:20 PM,0.04,in,A
02/20/2019 03:27:26 PM,05/20/2019 01:24:20 PM,0.04,in,A
02/20/2019 02:45:40 PM,05/20/2019 01:24:20 PM,0.04,in,A
02/20/2019 02:12:27 PM,05/20/2019 01:24:20 PM,0.04,in,A
02/20/2019 01:47:04 PM,05/20/2019 01:24:20 PM,0.04,in,A
02/20/2019 01:33:29 PM,05/20/2019 01:24:20 PM,0.04,in,A
02/20/2019 01:13:56 PM,05/20/2019 01:24:20 PM,0.04,in,A
02/20/2019 01:03:37 PM,05/20/2019 01:24:20 PM,0.04,in,A
02/20/2019 12:54:28 PM,05/20/2019 01:24:20 PM,0.04,in,A
02/20/2019 11:22:25 AM,05/20/2019 01:24:20 PM,0.00,in,A
02/19/2019 11:24:22 PM,05/20/2019 01:24:20 PM,0.00,in,A
02/19/2019 01:19:10 PM,05/20/2019 01:24:20 PM,0.04,in,A
02/19/2019 11:26:18 AM,05/20/2019 01:24:20 PM,0.00,in,A
02/18/2019 11:28:14 PM,05/20/2019 01:24:20 PM,0.00,in,A
02/18/2019 12:17:17 PM,05/20/2019 01:24:20 PM,0.04,in,A
02/18/2019 11:30:10 AM,05/20/2019 01:24:20 PM,0.00,in,A
02/17/2019 11:32:06 PM,05/20/2019 01:24:20 PM,0.00,in,A
02/17/2019 11:34:02 AM,05/20/2019 01:24:20 PM,0.00,in,A
02/16/2019 11:35:59 PM,05/20/2019 01:24:20 PM,0.00,in,A
02/16/2019 02:49:57 PM,05/20/2019 01:24:20 PM,0.04,in,A
02/16/2019 01:52:35 PM,05/20/2019 01:24:20 PM,0.04,in,A
02/15/2019 11:39:51 PM,05/20/2019 01:24:20 PM,0.00,in,A
02/15/2019 11:41:47 AM,05/20/2019 01:24:20 PM,0.00,in,A
02/14/2019 11:43:43 PM,05/20/2019 01:24:20 PM,0.00,in,A
02/14/2019 11:45:39 AM,05/20/2019 01:24:20 PM,0.00,in,A
02/13/2019 11:47:36 PM,05/20/2019 01:24:20 PM,0.00,in,A
02/13/2019 11:49:32 AM,05/20/2019 01:24:20 PM,0.00,in,A
02/12/2019 11:51:28 PM,05/20/2019 01:24:20 PM,0.00,in,A
02/12/2019 03:56:41 PM,05/20/2019 01:24:20 PM,0.04,in,A
02/12/2019 11:53:25 AM,05/20/2019 01:24:20 PM,0.00,in,A
02/11/2019 11:55:21 PM,05/20/2019 01:24:20 PM,0.00,in,A
02/11/2019 07:08:26 PM,05/20/2019 01:24:20 PM,0.04,in,A
02/11/2019 05:59:40 PM,05/20/2019 01:24:20 PM,0.04,in,A
02/11/2019 02:34:03 PM,05/20/2019 01:24:20 PM,0.04,in,A
02/11/2019 02:06:59 PM,05/20/2019 01:24:20 PM,0.04,in,A
02/11/2019 01:50:29 PM,05/20/2019 01:24:20 PM,0.04,in,A
02/11/2019 01:38:05 PM,05/20/2019 01:24:20 PM,0.04,in,A
02/11/2019 01:24:16 PM,05/20/2019 01:24:20 PM,0.04,in,A
02/11/2019 01:10:38 PM,05/20/2019 01:24:20 PM,0.04,in,A
02/11/2019 12:24:19 PM,05/20/2019 01:24:20 PM,0.04,in,A
02/11/2019 11:59:22 AM,05/20/2019 01:24:20 PM,0.04,in,A
02/11/2019 11:57:18 AM,05/20/2019 01:24:20 PM,0.00,in,A
02/11/2019 09:52:24 AM,05/20/2019 01:24:20 PM,0.04,in,A
02/11/2019 09:19:23 AM,05/20/2019 01:24:20 PM,0.04,in,A
02/11/2019 08:11:46 AM,05/20/2019 01:24:20 PM,0.04,in,A
02/10/2019 11:59:14 PM,05/20/2019 01:24:20 PM,0.00,in,A
02/10/2019 05:12:19 PM,05/20/2019 01:24:20 PM,0.04,in,A
02/10/2019 03:09:54 PM,05/20/2019 01:24:20 PM,0.04,in,A
02/10/2019 12:01:10 PM,05/20/2019 01:24:20 PM,0.00,in,A
02/10/2019 10:07:14 AM,05/20/2019 01:24:20 PM,0.04,in,A
02/10/2019 12:03:07 AM,05/20/2019 01:24:20 PM,0.00,in,A
02/09/2019 02:08:05 PM,05/20/2019 01:24:20 PM,0.04,in,A
02/09/2019 12:05:03 PM,05/20/2019 01:24:20 PM,0.00,in,A
02/09/2019 12:06:59 AM,05/20/2019 01:24:20 PM,0.00,in,A
02/08/2019 03:16:19 PM,05/20/2019 01:24:20 PM,0.04,in,A
02/08/2019 12:08:55 PM,05/20/2019 01:24:20 PM,0.00,in,A
02/08/2019 12:10:50 AM,05/20/2019 01:24:20 PM,0.00,in,A
02/07/2019 12:12:46 PM,05/20/2019 01:24:20 PM,0.00,in,A
02/07/2019 12:14:42 AM,05/20/2019 01:24:20 PM,0.00,in,A
02/06/2019 12:16:38 PM,05/20/2019 01:24:20 PM,0.00,in,A
02/06/2019 12:18:34 AM,05/20/2019 01:24:20 PM,0.00,in,A
02/05/2019 12:20:30 PM,05/20/2019 01:24:20 PM,0.00,in,A
02/05/2019 12:22:26 AM,05/20/2019 01:24:20 PM,0.00,in,A
02/04/2019 12:24:23 PM,05/20/2019 01:24:20 PM,0.00,in,A
02/04/2019 12:26:19 AM,05/20/2019 01:24:20 PM,0.00,in,A
02/03/2019 12:28:16 PM,05/20/2019 01:24:20 PM,0.00,in,A
02/03/2019 12:30:13 AM,05/20/2019 01:24:20 PM,0.00,in,A
02/02/2019 12:32:10 PM,05/20/2019 01:24:20 PM,0.00,in,A
02/02/2019 12:34:06 AM,05/20/2019 01:24:20 PM,0.00,in,A
02/01/2019 12:36:03 PM,05/20/2019 01:24:20 PM,0.00,in,A
02/01/2019 12:37:59 AM,05/20/2019 01:24:20 PM,0.00,in,A
01/31/2019 12:39:55 PM,05/20/2019 01:24:20 PM,0.00,in,A
01/31/2019 12:41:51 AM,05/20/2019 01:24:20 PM,0.00,in,A
01/30/2019 12:43:47 PM,05/20/2019 01:24:20 PM,0.00,in,A
01/30/2019 12:45:42 AM,05/20/2019 01:24:20 PM,0.00,in,A
01/29/2019 12:47:38 PM,05/20/2019 01:24:20 PM,0.00,in,A
01/29/2019 12:49:34 AM,05/20/2019 01:24:20 PM,0.00,in,A
01/28/2019 12:51:30 PM,05/20/2019 01:24:20 PM,0.00,in,A
01/28/2019 06:01:43 AM,05/20/2019 01:24:20 PM,0.04,in,A
01/28/2019 03:38:09 AM,05/20/2019 01:24:20 PM,0.04,in,A
01/28/2019 03:08:04 AM,05/20/2019 01:24:20 PM,0.04,in,A
01/28/2019 12:53:26 AM,05/20/2019 01:24:20 PM,0.00,in,A
01/27/2019 12:55:23 PM,05/20/2019 01:24:20 PM,0.00,in,A
01/27/2019 12:57:19 AM,05/20/2019 01:24:20 PM,0.00,in,A
01/26/2019 12:59:15 PM,05/20/2019 01:24:20 PM,0.00,in,A
01/26/2019 01:01:11 AM,05/20/2019 01:24:20 PM,0.00,in,A
01/25/2019 01:03:08 PM,05/20/2019 01:24:20 PM,0.00,in,A
01/25/2019 01:05:03 AM,05/20/2019 01:24:20 PM,0.00,in,A
01/24/2019 01:06:59 PM,05/20/2019 01:24:20 PM,0.00,in,A
01/24/2019 01:08:55 AM,05/20/2019 01:24:20 PM,0.00,in,A
01/23/2019 01:46:33 PM,05/20/2019 01:24:20 PM,0.04,in,A
01/23/2019 01:12:47 AM,05/20/2019 01:24:20 PM,0.00,in,A
01/22/2019 08:00:42 PM,05/20/2019 01:24:20 PM,0.04,in,A
01/22/2019 06:45:00 PM,05/20/2019 01:24:20 PM,0.04,in,A
01/22/2019 05:40:09 PM,05/20/2019 01:24:20 PM,0.04,in,A
01/22/2019 04:47:31 PM,05/20/2019 01:24:20 PM,0.04,in,A
01/22/2019 03:13:46 PM,05/20/2019 01:24:20 PM,0.04,in,A
01/22/2019 02:42:43 PM,05/20/2019 01:24:20 PM,0.04,in,A
01/22/2019 02:22:27 PM,05/20/2019 01:24:20 PM,0.04,in,A
01/22/2019 01:24:28 PM,05/20/2019 01:24:20 PM,0.04,in,A
01/22/2019 01:14:44 PM,05/20/2019 01:24:20 PM,0.00,in,A
01/22/2019 01:16:40 AM,05/20/2019 01:24:20 PM,0.00,in,A
01/21/2019 01:18:36 PM,05/20/2019 01:24:20 PM,0.00,in,A
01/21/2019 01:20:32 AM,05/20/2019 01:24:20 PM,0.00,in,A
01/20/2019 01:22:29 PM,05/20/2019 01:24:20 PM,0.04,in,A
01/20/2019 01:24:24 AM,05/20/2019 01:24:20 PM,0.00,in,A
01/19/2019 01:26:20 PM,05/20/2019 01:24:20 PM,0.00,in,A
01/19/2019 01:28:17 AM,05/20/2019 01:24:20 PM,0.00,in,A
01/18/2019 09:38:05 PM,05/20/2019 01:24:20 PM,0.04,in,A
01/18/2019 08:54:16 PM,05/20/2019 01:24:20 PM,0.04,in,A
01/18/2019 08:24:59 PM,05/20/2019 01:24:20 PM,0.04,in,A
01/18/2019 07:59:16 PM,05/20/2019 01:24:20 PM,0.04,in,A
01/18/2019 07:45:37 PM,05/20/2019 01:24:19 PM,0.04,in,A
01/18/2019 07:35:00 PM,05/20/2019 01:24:19 PM,0.04,in,A
01/18/2019 07:14:50 PM,05/20/2019 01:24:19 PM,0.04,in,A
01/18/2019 06:05:40 PM,05/20/2019 01:24:19 PM,0.04,in,A
01/18/2019 04:27:58 PM,05/20/2019 01:24:19 PM,0.04,in,A
01/18/2019 03:22:21 PM,05/20/2019 01:24:19 PM,0.04,in,A
01/18/2019 02:27:16 PM,05/20/2019 01:24:19 PM,0.04,in,A
01/18/2019 01:33:49 PM,05/20/2019 01:24:19 PM,0.04,in,A
01/18/2019 01:30:13 PM,05/20/2019 01:24:19 PM,0.00,in,A
01/18/2019 12:33:30 PM,05/20/2019 01:24:19 PM,0.04,in,A
01/18/2019 11:10:42 AM,05/20/2019 01:24:19 PM,0.04,in,A
01/18/2019 10:18:15 AM,05/20/2019 01:24:19 PM,0.04,in,A
01/18/2019 08:59:04 AM,05/20/2019 01:24:19 PM,0.04,in,A
01/18/2019 06:53:06 AM,05/20/2019 01:24:19 PM,0.04,in,A
01/18/2019 01:32:09 AM,05/20/2019 01:24:19 PM,0.00,in,A
01/17/2019 06:20:59 PM,05/20/2019 01:24:19 PM,0.04,in,A
01/17/2019 03:50:46 PM,05/20/2019 01:24:19 PM,0.04,in,A
01/17/2019 02:33:14 PM,05/20/2019 01:24:19 PM,0.04,in,A
01/17/2019 01:34:06 PM,05/20/2019 01:24:19 PM,0.00,in,A
01/17/2019 01:22:34 PM,05/20/2019 01:24:19 PM,0.04,in,A
01/17/2019 12:30:13 PM,05/20/2019 01:24:19 PM,0.04,in,A
01/17/2019 11:40:32 AM,05/20/2019 01:24:19 PM,0.04,in,A
01/17/2019 10:53:01 AM,05/20/2019 01:24:19 PM,0.08,in,A
01/17/2019 07:23:17 AM,05/20/2019 01:24:19 PM,0.04,in,A
01/17/2019 01:36:02 AM,05/20/2019 01:24:19 PM,0.00,in,A
01/16/2019 10:40:27 PM,05/20/2019 01:24:19 PM,0.04,in,A
01/16/2019 04:11:13 PM,05/20/2019 01:24:19 PM,0.04,in,A
01/16/2019 01:41:25 PM,05/20/2019 01:24:19 PM,0.04,in,A
01/16/2019 01:37:59 PM,05/20/2019 01:24:19 PM,0.00,in,A
01/16/2019 11:16:25 AM,05/20/2019 01:24:19 PM,0.04,in,A
01/16/2019 02:14:35 AM,05/20/2019 01:24:19 PM,0.04,in,A
01/15/2019 08:41:54 PM,05/20/2019 01:24:19 PM,0.04,in,A
01/15/2019 05:51:21 PM,05/20/2019 01:24:19 PM,0.04,in,A
01/15/2019 04:29:48 PM,05/20/2019 01:24:19 PM,0.04,in,A
01/15/2019 03:39:25 PM,05/20/2019 01:24:19 PM,0.08,in,A
01/15/2019 02:18:44 PM,05/20/2019 01:24:19 PM,0.04,in,A
01/15/2019 01:40:01 PM,05/20/2019 01:24:19 PM,0.04,in,A
01/15/2019 11:27:50 AM,05/20/2019 01:24:19 PM,0.00,in,A
01/13/2019 11:39:16 AM,05/20/2019 01:24:19 PM,0.00,in,A
01/12/2019 11:42:08 PM,05/20/2019 01:24:19 PM,0.00,in,A
01/11/2019 03:41:49 PM,05/20/2019 01:24:19 PM,0.04,in,A
01/11/2019 02:51:00 PM,05/20/2019 01:24:19 PM,0.04,in,A
01/11/2019 01:51:24 PM,05/20/2019 01:24:19 PM,0.08,in,A
01/11/2019 12:24:52 PM,05/20/2019 01:24:19 PM,0.04,in,A
01/11/2019 11:50:43 AM,05/20/2019 01:24:19 PM,0.00,in,A
01/11/2019 11:15:28 AM,05/20/2019 01:24:19 PM,0.04,in,A
01/11/2019 09:35:25 AM,05/20/2019 01:24:19 PM,0.04,in,A
01/10/2019 11:53:34 PM,05/20/2019 01:24:19 PM,0.00,in,A
01/10/2019 11:56:26 AM,05/20/2019 01:24:19 PM,0.00,in,A
01/09/2019 11:59:17 PM,05/20/2019 01:24:19 PM,0.00,in,A
01/09/2019 12:02:09 PM,05/20/2019 01:24:19 PM,0.00,in,A
01/09/2019 12:05:00 AM,05/20/2019 01:24:19 PM,0.00,in,A
01/08/2019 12:07:52 PM,05/20/2019 01:24:19 PM,0.00,in,A
01/08/2019 12:10:44 AM,05/20/2019 01:24:19 PM,0.00,in,A
01/07/2019 12:13:36 PM,05/20/2019 01:24:19 PM,0.00,in,A
01/06/2019 12:19:20 PM,05/20/2019 01:24:19 PM,0.00,in,A
01/06/2019 12:22:12 AM,05/20/2019 01:24:19 PM,0.00,in,A
01/05/2019 12:25:04 PM,05/20/2019 01:24:19 PM,0.00,in,A
01/05/2019 12:27:55 AM,05/20/2019 01:24:19 PM,0.00,in,A
01/04/2019 12:30:47 PM,05/20/2019 01:24:19 PM,0.00,in,A
01/04/2019 12:33:38 AM,05/20/2019 01:24:19 PM,0.00,in,A
01/03/2019 12:36:30 PM,05/20/2019 01:24:19 PM,0.00,in,A
01/03/2019 12:39:21 AM,05/20/2019 01:24:19 PM,0.00,in,A
01/02/2019 12:42:13 PM,05/20/2019 01:24:19 PM,0.00,in,A
01/02/2019 12:45:04 AM,05/20/2019 01:24:19 PM,0.00,in,AN
01/01/2019 12:50:46 AM,01/01/2019 12:50:55 AM,0.00,in,A
12/31/2018 01:02:49 PM,12/31/2018 01:02:55 PM,0.04,in,A
12/31/2018 12:53:38 PM,12/31/2018 12:53:55 PM,0.00,in,A
12/31/2018 12:21:37 PM,12/31/2018 12:21:55 PM,0.04,in,A
12/31/2018 11:50:10 AM,12/31/2018 11:50:25 AM,0.04,in,A
12/31/2018 11:21:27 AM,12/31/2018 11:21:55 AM,0.04,in,A
12/31/2018 11:03:03 AM,12/31/2018 11:03:25 AM,0.04,in,A
12/31/2018 09:27:14 AM,12/31/2018 09:27:25 AM,0.04,in,A
12/31/2018 09:13:07 AM,12/31/2018 09:13:25 AM,0.04,in,A
12/31/2018 08:47:56 AM,12/31/2018 08:48:25 AM,0.04,in,A
12/31/2018 08:32:45 AM,12/31/2018 08:32:55 AM,0.04,in,A
12/31/2018 08:19:07 AM,12/31/2018 08:19:25 AM,0.04,in,A
12/31/2018 08:07:19 AM,12/31/2018 08:07:25 AM,0.04,in,A
12/31/2018 08:01:36 AM,12/31/2018 08:01:55 AM,0.04,in,A
12/31/2018 07:55:28 AM,12/31/2018 07:55:55 AM,0.04,in,A
12/31/2018 07:44:53 AM,12/31/2018 07:44:55 AM,0.04,in,A
12/31/2018 07:33:34 AM,12/31/2018 07:33:55 AM,0.04,in,A
12/31/2018 07:25:55 AM,12/31/2018 07:26:25 AM,0.04,in,A
12/31/2018 07:12:52 AM,12/31/2018 07:12:55 AM,0.04,in,A
12/31/2018 06:54:57 AM,12/31/2018 06:55:25 AM,0.04,in,A
12/31/2018 06:27:45 AM,12/31/2018 06:27:55 AM,0.04,in,A
12/31/2018 04:39:15 AM,12/31/2018 04:39:25 AM,0.04,in,A
12/31/2018 03:48:28 AM,12/31/2018 03:48:55 AM,0.04,in,A
12/31/2018 03:35:22 AM,12/31/2018 03:35:25 AM,0.04,in,A
12/31/2018 03:23:11 AM,12/31/2018 03:23:25 AM,0.04,in,A
12/31/2018 12:56:30 AM,12/31/2018 12:56:55 AM,0.00,in,A
12/30/2018 12:59:21 PM,12/30/2018 12:59:25 PM,0.00,in,A
12/30/2018 01:02:13 AM,12/30/2018 01:02:25 AM,0.00,in,A
12/29/2018 01:05:04 PM,12/29/2018 01:05:25 PM,0.00,in,A
12/29/2018 01:07:56 AM,12/29/2018 01:08:25 AM,0.00,in,A
12/28/2018 01:10:47 PM,12/28/2018 01:10:55 PM,0.00,in,A
12/28/2018 01:13:38 AM,12/28/2018 01:13:55 AM,0.00,in,A
12/27/2018 01:16:31 PM,12/27/2018 01:16:55 PM,0.00,in,A
12/27/2018 05:00:39 AM,12/27/2018 05:00:55 AM,0.08,in,A
12/27/2018 03:26:06 AM,12/27/2018 03:26:25 AM,0.04,in,A
12/27/2018 02:22:00 AM,12/27/2018 02:22:25 AM,0.04,in,A
12/27/2018 02:10:07 AM,12/27/2018 02:10:25 AM,0.04,in,A
12/27/2018 01:19:22 AM,12/27/2018 01:19:25 AM,0.00,in,A
12/27/2018 12:59:58 AM,12/27/2018 01:00:25 AM,0.04,in,A
12/26/2018 11:46:34 PM,12/26/2018 11:46:55 PM,0.04,in,A
12/26/2018 10:14:20 PM,12/26/2018 10:14:25 PM,0.04,in,A
12/26/2018 08:59:19 PM,12/26/2018 08:59:25 PM,0.04,in,A
12/26/2018 08:52:15 PM,12/26/2018 08:52:25 PM,0.04,in,A
12/26/2018 08:42:06 PM,12/26/2018 08:42:25 PM,0.04,in,A
12/26/2018 08:32:25 PM,12/26/2018 08:32:55 PM,0.04,in,A
12/26/2018 08:18:34 PM,12/26/2018 08:18:55 PM,0.04,in,A
12/26/2018 08:02:01 PM,12/26/2018 08:02:25 PM,0.04,in,A
12/26/2018 07:50:12 PM,12/26/2018 07:50:25 PM,0.04,in,A
12/26/2018 07:36:14 PM,12/26/2018 07:36:25 PM,0.04,in,A
12/26/2018 07:17:54 PM,12/26/2018 07:17:55 PM,0.04,in,A
12/26/2018 06:49:11 PM,12/26/2018 06:49:25 PM,0.04,in,A
12/26/2018 06:25:32 PM,12/26/2018 06:25:55 PM,0.04,in,A
12/26/2018 04:52:49 PM,12/26/2018 04:52:55 PM,0.04,in,A
12/26/2018 01:22:14 PM,12/26/2018 01:22:25 PM,0.00,in,A
12/26/2018 10:13:17 AM,12/26/2018 10:13:25 AM,0.04,in,A
12/26/2018 09:49:37 AM,12/26/2018 09:49:55 AM,0.04,in,A
12/26/2018 09:32:10 AM,12/26/2018 09:32:25 AM,0.08,in,A
12/26/2018 09:03:53 AM,12/26/2018 09:03:55 AM,0.04,in,A
12/26/2018 08:48:59 AM,12/26/2018 08:49:25 AM,0.04,in,A
12/26/2018 08:32:39 AM,12/26/2018 08:32:55 AM,0.04,in,A
12/26/2018 07:41:58 AM,12/26/2018 07:42:25 AM,0.04,in,A
12/26/2018 07:23:53 AM,12/26/2018 07:23:55 AM,0.04,in,A
12/26/2018 07:07:50 AM,12/26/2018 07:07:55 AM,0.04,in,A
12/26/2018 01:25:06 AM,12/26/2018 01:25:25 AM,0.00,in,A
12/25/2018 01:27:58 PM,12/25/2018 01:28:25 PM,0.00,in,A
12/25/2018 01:30:50 AM,12/25/2018 01:30:55 AM,0.00,in,A
12/24/2018 01:33:41 PM,12/24/2018 01:33:55 PM,0.00,in,A
12/24/2018 01:36:33 AM,12/24/2018 01:36:55 AM,0.00,in,A
12/23/2018 01:39:25 PM,12/23/2018 01:39:55 PM,0.00,in,A
12/23/2018 01:42:16 AM,12/23/2018 01:42:25 AM,0.00,in,A
12/22/2018 01:45:08 PM,12/22/2018 01:45:25 PM,0.00,in,A
12/22/2018 01:48:00 AM,12/22/2018 01:48:25 AM,0.00,in,A
12/21/2018 01:50:52 PM,12/21/2018 01:50:55 PM,0.00,in,A
12/21/2018 01:53:43 AM,12/21/2018 01:53:55 AM,0.00,in,A
12/20/2018 01:56:35 PM,12/20/2018 01:56:55 PM,0.00,in,A
12/20/2018 12:04:42 PM,12/20/2018 12:04:55 PM,0.04,in,A
12/20/2018 01:59:26 AM,12/20/2018 01:59:55 AM,0.00,in,A
12/19/2018 02:02:18 PM,12/19/2018 02:02:25 PM,0.00,in,A
12/19/2018 02:05:10 AM,12/19/2018 02:05:25 AM,0.00,in,A
12/18/2018 02:08:02 PM,12/18/2018 02:08:25 PM,0.00,in,A
12/18/2018 02:10:54 AM,12/18/2018 02:10:55 AM,0.00,in,A
12/17/2018 02:13:45 PM,12/17/2018 02:13:55 PM,0.00,in,A
12/17/2018 02:16:37 AM,12/17/2018 02:16:55 AM,0.00,in,A
12/16/2018 02:19:28 PM,12/16/2018 02:19:55 PM,0.00,in,A
12/16/2018 02:22:20 AM,12/16/2018 02:22:25 AM,0.00,in,A
12/15/2018 02:25:12 PM,12/15/2018 02:25:25 PM,0.00,in,A
12/15/2018 02:28:03 AM,12/15/2018 02:28:25 AM,0.00,in,A
12/14/2018 02:30:55 PM,12/14/2018 02:31:25 PM,0.00,in,A
12/14/2018 02:33:46 AM,12/14/2018 02:33:55 AM,0.00,in,A
12/13/2018 02:36:38 PM,12/13/2018 02:36:55 PM,0.00,in,A
12/13/2018 02:39:30 AM,12/13/2018 02:39:55 AM,0.00,in,A
12/12/2018 02:42:22 PM,12/12/2018 02:42:25 PM,0.00,in,A
12/12/2018 02:45:13 AM,12/12/2018 02:45:25 AM,0.00,in,A
12/11/2018 02:48:05 PM,12/11/2018 02:48:25 PM,0.00,in,A
12/11/2018 02:50:56 AM,12/11/2018 02:51:25 AM,0.00,in,A
12/10/2018 02:53:48 PM,12/10/2018 02:53:55 PM,0.00,in,A
12/10/2018 02:56:39 AM,12/10/2018 02:56:55 AM,0.00,in,A
12/09/2018 02:59:30 PM,12/09/2018 02:59:55 PM,0.00,in,A
12/09/2018 03:02:21 AM,12/09/2018 03:02:25 AM,0.00,in,A
12/08/2018 03:05:13 PM,12/08/2018 03:05:25 PM,0.00,in,A
12/08/2018 03:08:04 AM,12/08/2018 03:08:25 AM,0.00,in,A
12/07/2018 03:13:47 AM,12/07/2018 03:13:55 AM,0.00,in,A
12/06/2018 03:16:38 PM,12/06/2018 03:16:55 PM,0.00,in,A
12/06/2018 03:19:30 AM,12/06/2018 03:19:55 AM,0.00,in,A
12/05/2018 03:22:22 PM,12/05/2018 03:22:25 PM,0.00,in,A
12/05/2018 10:56:08 AM,12/05/2018 10:56:25 AM,0.04,in,A
12/05/2018 03:25:13 AM,12/05/2018 03:25:25 AM,0.00,in,A
12/04/2018 03:28:05 PM,12/04/2018 03:28:25 PM,0.00,in,A
12/04/2018 03:30:56 AM,12/04/2018 03:31:25 AM,0.00,in,A
12/03/2018 03:33:47 PM,12/03/2018 03:33:55 PM,0.00,in,A
12/03/2018 03:36:39 AM,12/03/2018 03:36:55 AM,0.00,in,A
12/02/2018 03:39:31 PM,12/02/2018 03:39:55 PM,0.00,in,A
12/02/2018 03:42:23 AM,12/02/2018 03:42:25 AM,0.00,in,A
12/01/2018 11:04:43 PM,12/01/2018 11:04:55 PM,0.04,in,A
12/01/2018 04:24:07 PM,12/01/2018 04:24:25 PM,0.04,in,A
12/01/2018 03:45:14 PM,12/01/2018 03:45:25 PM,0.00,in,A
12/01/2018 04:21:07 AM,12/01/2018 04:21:25 AM,0.04,in,A
12/01/2018 03:48:06 AM,12/01/2018 03:48:25 AM,0.00,in,A
12/01/2018 02:53:36 AM,12/01/2018 02:53:55 AM,0.04,in,A
12/01/2018 02:40:50 AM,12/01/2018 02:40:55 AM,0.08,in,A
12/01/2018 02:20:19 AM,12/01/2018 02:20:25 AM,0.04,in,A
12/01/2018 02:09:39 AM,12/01/2018 02:09:55 AM,0.04,in,A
12/01/2018 02:00:36 AM,12/01/2018 02:00:55 AM,0.04,in,A
12/01/2018 01:53:22 AM,12/01/2018 01:53:25 AM,0.04,in,A
12/01/2018 01:46:34 AM,12/01/2018 01:46:55 AM,0.04,in,A
12/01/2018 01:39:20 AM,12/01/2018 01:39:26 AM,0.04,in,A
12/01/2018 01:27:37 AM,12/01/2018 01:27:56 AM,0.04,in,A
12/01/2018 01:17:44 AM,12/01/2018 01:17:56 AM,0.04,in,A
12/01/2018 01:07:39 AM,12/01/2018 01:07:55 AM,0.04,in,A
12/01/2018 12:59:45 AM,12/01/2018 12:59:55 AM,0.04,in,A
12/01/2018 12:50:56 AM,12/01/2018 12:51:25 AM,0.04,in,A
12/01/2018 12:30:59 AM,12/01/2018 12:31:25 AM,0.04,in,A
12/01/2018 12:21:28 AM,12/01/2018 12:21:55 AM,0.04,in,A
12/01/2018 12:18:31 AM,12/01/2018 12:18:55 AM,0.04,in,A
12/01/2018 12:15:43 AM,12/01/2018 12:15:55 AM,0.04,in,A
12/01/2018 12:12:20 AM,12/01/2018 12:12:25 AM,0.04,in,A
12/01/2018 12:09:38 AM,12/01/2018 12:09:55 AM,0.04,in,A
12/01/2018 12:08:03 AM,12/01/2018 12:08:25 AM,0.04,in,A
12/01/2018 12:04:24 AM,12/01/2018 12:04:25 AM,0.04,in,A
11/30/2018 11:54:58 PM,11/30/2018 11:55:25 PM,0.04,in,A
11/30/2018 11:45:13 PM,11/30/2018 11:45:25 PM,0.04,in,A
11/30/2018 11:33:42 PM,11/30/2018 11:33:55 PM,0.04,in,A
11/30/2018 11:25:29 PM,11/30/2018 11:25:55 PM,0.04,in,A
11/30/2018 11:23:02 PM,11/30/2018 11:23:25 PM,0.04,in,A
11/30/2018 11:22:03 PM,11/30/2018 11:22:25 PM,0.04,in,A
11/30/2018 11:18:53 PM,11/30/2018 11:18:55 PM,0.04,in,A
11/30/2018 11:14:11 PM,11/30/2018 11:14:25 PM,0.04,in,A
11/30/2018 11:05:25 PM,11/30/2018 11:05:55 PM,0.04,in,A
11/30/2018 10:53:57 PM,11/30/2018 10:54:25 PM,0.04,in,A
11/30/2018 10:45:51 PM,11/30/2018 10:45:55 PM,0.04,in,A
11/30/2018 10:36:20 PM,11/30/2018 10:36:25 PM,0.04,in,A
11/30/2018 03:50:58 PM,11/30/2018 03:51:25 PM,0.00,in,A
11/29/2018 03:56:42 PM,11/29/2018 03:56:55 PM,0.00,in,A
11/29/2018 03:59:33 AM,11/29/2018 03:59:55 AM,0.00,in,A
11/28/2018 04:02:25 PM,11/28/2018 04:02:25 PM,0.04,in,A
11/28/2018 11:27:05 AM,11/28/2018 11:27:25 AM,0.04,in,A
11/28/2018 04:05:16 AM,11/28/2018 04:05:25 AM,0.00,in,A
11/27/2018 04:08:08 PM,11/27/2018 04:08:25 PM,0.00,in,A
11/27/2018 01:39:52 PM,11/27/2018 01:39:55 PM,0.04,in,A
11/27/2018 04:10:59 AM,11/27/2018 04:11:25 AM,0.00,in,A
11/26/2018 04:13:50 PM,11/26/2018 04:13:55 PM,0.00,in,A
11/26/2018 01:54:33 PM,11/26/2018 01:54:55 PM,0.04,in,A
11/26/2018 04:16:42 AM,11/26/2018 04:16:55 AM,0.00,in,A
11/25/2018 04:19:33 PM,11/25/2018 04:19:55 PM,0.00,in,A
11/25/2018 11:43:55 AM,11/25/2018 11:44:25 AM,0.04,in,A
11/25/2018 11:08:22 AM,11/25/2018 11:08:25 AM,0.04,in,A
11/25/2018 04:22:25 AM,11/25/2018 04:22:55 AM,0.00,in,A
11/24/2018 04:25:17 PM,11/24/2018 04:25:25 PM,0.00,in,A
11/24/2018 04:28:09 AM,11/24/2018 04:28:25 AM,0.00,in,A
11/23/2018 04:31:01 PM,11/23/2018 04:31:25 PM,0.00,in,A
11/23/2018 04:33:53 AM,11/23/2018 04:33:55 AM,0.00,in,A
11/22/2018 04:36:45 PM,11/22/2018 04:36:55 PM,0.00,in,A
11/22/2018 04:39:37 AM,11/22/2018 04:39:55 AM,0.00,in,A
11/21/2018 04:42:28 PM,11/21/2018 04:42:55 PM,0.00,in,A
11/21/2018 04:45:20 AM,11/21/2018 04:45:25 AM,0.00,in,A
11/20/2018 04:48:12 PM,11/20/2018 04:48:25 PM,0.00,in,A
11/20/2018 04:51:04 AM,11/20/2018 04:51:25 AM,0.00,in,A
11/19/2018 04:53:56 PM,11/19/2018 04:54:25 PM,0.00,in,A
11/19/2018 04:56:47 AM,11/19/2018 04:56:55 AM,0.00,in,A
11/18/2018 04:59:38 PM,11/18/2018 04:59:55 PM,0.00,in,A
11/18/2018 05:02:30 AM,11/18/2018 05:02:55 AM,0.00,in,A
11/17/2018 05:05:22 PM,11/17/2018 05:05:25 PM,0.00,in,A
11/17/2018 05:08:13 AM,11/17/2018 05:08:25 AM,0.00,in,A
11/16/2018 05:11:06 PM,11/16/2018 05:11:25 PM,0.00,in,A
11/16/2018 05:13:57 AM,11/16/2018 05:14:25 AM,0.00,in,A
11/15/2018 05:16:48 PM,11/15/2018 05:16:55 PM,0.00,in,A
11/15/2018 05:19:40 AM,11/15/2018 05:19:55 AM,0.00,in,A
11/14/2018 05:22:31 PM,11/14/2018 05:22:55 PM,0.00,in,A
11/14/2018 05:25:22 AM,11/14/2018 05:25:25 AM,0.00,in,A
11/13/2018 05:28:14 PM,11/13/2018 05:28:25 PM,0.00,in,A
11/13/2018 02:52:46 PM,11/13/2018 02:52:55 PM,0.04,in,A
11/13/2018 12:22:51 PM,11/13/2018 12:22:55 PM,0.04,in,A
11/13/2018 11:28:52 AM,11/13/2018 11:28:55 AM,0.04,in,A
11/13/2018 05:31:05 AM,11/13/2018 05:31:25 AM,0.00,in,A
11/12/2018 05:33:56 PM,11/12/2018 05:34:25 PM,0.00,in,A
11/12/2018 05:36:48 AM,11/12/2018 05:36:55 AM,0.00,in,A
11/11/2018 05:39:40 PM,11/11/2018 05:39:55 PM,0.00,in,A
11/11/2018 05:42:32 AM,11/11/2018 05:42:55 AM,0.00,in,A
11/10/2018 05:45:23 PM,11/10/2018 05:45:25 PM,0.00,in,A
11/10/2018 11:26:18 AM,11/10/2018 11:26:25 AM,0.04,in,A
11/10/2018 05:48:15 AM,11/10/2018 05:48:25 AM,0.00,in,A
11/09/2018 05:51:06 PM,11/09/2018 05:51:25 PM,0.00,in,A
11/09/2018 12:31:59 PM,11/09/2018 12:32:25 PM,0.04,in,A
11/09/2018 12:18:52 PM,11/09/2018 12:18:55 PM,0.04,in,A
11/09/2018 12:03:19 PM,11/09/2018 12:03:25 PM,0.04,in,A
11/09/2018 11:51:01 AM,11/09/2018 11:51:25 AM,0.04,in,A
11/09/2018 05:53:58 AM,11/09/2018 05:54:25 AM,0.00,in,A
11/08/2018 05:56:49 PM,11/08/2018 05:56:55 PM,0.00,in,A
11/08/2018 03:22:37 PM,11/08/2018 03:22:55 PM,0.04,in,A
11/08/2018 05:59:41 AM,11/08/2018 05:59:55 AM,0.00,in,A
11/07/2018 06:02:33 PM,11/07/2018 06:02:55 PM,0.00,in,A
11/07/2018 06:05:25 AM,11/07/2018 06:05:55 AM,0.00,in,A
11/06/2018 06:16:59 PM,11/06/2018 06:17:25 PM,0.04,in,A
11/06/2018 06:08:17 PM,11/06/2018 06:08:25 PM,0.00,in,A
11/06/2018 05:29:16 PM,11/06/2018 05:29:25 PM,0.04,in,A
11/06/2018 06:11:09 AM,11/06/2018 06:11:25 AM,0.00,in,A
11/05/2018 06:14:01 PM,11/05/2018 06:14:25 PM,0.00,in,A
11/05/2018 10:12:19 AM,11/05/2018 10:12:25 AM,0.04,in,A
11/05/2018 09:52:14 AM,11/05/2018 09:52:25 AM,0.04,in,A
11/05/2018 09:32:18 AM,11/05/2018 09:32:25 AM,0.04,in,A
11/05/2018 09:17:32 AM,11/05/2018 09:17:55 AM,0.04,in,A
11/05/2018 09:07:48 AM,11/05/2018 09:07:55 AM,0.04,in,A
11/05/2018 08:54:29 AM,11/05/2018 08:54:55 AM,0.04,in,A
11/05/2018 08:37:01 AM,11/05/2018 08:37:25 AM,0.04,in,A
11/05/2018 08:16:50 AM,11/05/2018 08:16:55 AM,0.04,in,A
11/05/2018 06:16:53 AM,11/05/2018 06:16:55 AM,0.00,in,A
11/04/2018 06:19:45 PM,11/04/2018 06:19:55 PM,0.00,in,A
11/04/2018 06:22:37 AM,11/04/2018 06:22:55 AM,0.04,in,A
11/03/2018 11:48:38 PM,11/03/2018 11:48:55 PM,0.04,in,A
11/03/2018 11:28:50 PM,11/03/2018 11:28:55 PM,0.08,in,A
11/03/2018 10:09:10 PM,11/03/2018 10:09:25 PM,0.04,in,A
11/03/2018 09:59:11 PM,11/03/2018 09:59:25 PM,0.04,in,A
11/03/2018 08:15:11 PM,11/03/2018 08:15:25 PM,0.04,in,A
11/03/2018 07:25:29 PM,11/03/2018 07:25:55 PM,0.00,in,A
11/03/2018 07:28:21 AM,11/03/2018 07:28:25 AM,0.00,in,A
11/02/2018 07:31:13 PM,11/02/2018 07:31:25 PM,0.00,in,A
11/02/2018 07:34:05 AM,11/02/2018 07:34:25 AM,0.00,in,A
11/01/2018 07:36:57 PM,11/01/2018 07:37:25 PM,0.00,in,A
11/01/2018 07:39:49 AM,11/01/2018 07:39:55 AM,0.00,in,A
10/31/2018 07:42:41 PM,10/31/2018 07:42:55 PM,0.00,in,A
10/31/2018 07:45:34 AM,10/31/2018 07:45:55 AM,0.00,in,A
10/30/2018 07:48:26 PM,10/30/2018 07:48:55 PM,0.00,in,A
10/30/2018 07:51:18 AM,10/30/2018 07:51:25 AM,0.00,in,A
10/29/2018 07:54:10 PM,10/29/2018 07:54:25 PM,0.00,in,A
10/29/2018 07:57:02 AM,10/29/2018 07:57:25 AM,0.00,in,A
10/28/2018 08:02:47 AM,10/28/2018 08:02:55 AM,0.00,in,A
10/27/2018 08:05:39 PM,10/27/2018 08:05:55 PM,0.00,in,A
10/26/2018 08:11:23 PM,10/26/2018 08:11:25 PM,0.00,in,A
10/26/2018 08:14:15 AM,10/26/2018 08:14:25 AM,0.00,in,A
10/25/2018 08:17:08 PM,10/25/2018 08:17:25 PM,0.00,in,A
10/25/2018 08:10:21 PM,10/25/2018 08:10:25 PM,0.04,in,A
10/25/2018 06:57:11 PM,10/25/2018 06:57:25 PM,0.04,in,A
10/25/2018 08:19:59 AM,10/25/2018 08:20:25 AM,0.00,in,A
10/24/2018 08:22:52 PM,10/24/2018 08:22:55 PM,0.00,in,A
10/24/2018 08:25:44 AM,10/24/2018 08:25:55 AM,0.00,in,A
10/23/2018 08:28:36 PM,10/23/2018 08:28:55 PM,0.00,in,A
10/23/2018 08:31:28 AM,10/23/2018 08:31:55 AM,0.00,in,A
10/22/2018 08:34:20 PM,10/22/2018 08:34:25 PM,0.00,in,A
10/22/2018 08:37:13 AM,10/22/2018 08:37:25 AM,0.00,in,A
10/21/2018 08:40:04 PM,10/21/2018 08:40:25 PM,0.00,in,A
10/21/2018 08:42:56 AM,10/21/2018 08:43:25 AM,0.00,in,A
10/20/2018 08:45:48 PM,10/20/2018 08:45:55 PM,0.00,in,A
10/20/2018 08:48:40 AM,10/20/2018 08:48:55 AM,0.00,in,A
10/19/2018 08:51:32 PM,10/19/2018 08:51:55 PM,0.00,in,A
10/19/2018 08:54:25 AM,10/19/2018 08:54:55 AM,0.00,in,A
10/18/2018 08:57:17 PM,10/18/2018 08:57:25 PM,0.00,in,A
10/18/2018 09:00:09 AM,10/18/2018 09:00:25 AM,0.00,in,A
10/17/2018 09:03:01 PM,10/17/2018 09:03:25 PM,0.00,in,A
10/17/2018 09:05:53 AM,10/17/2018 09:05:55 AM,0.00,in,A
10/16/2018 09:08:45 PM,10/16/2018 09:08:55 PM,0.00,in,A
10/16/2018 09:11:37 AM,10/16/2018 09:11:55 AM,0.00,in,A
10/15/2018 09:14:29 PM,10/15/2018 09:14:55 PM,0.00,in,A
10/15/2018 09:17:21 AM,10/15/2018 09:17:25 AM,0.00,in,A
10/15/2018 01:19:35 AM,10/15/2018 01:19:55 AM,0.04,in,A
10/14/2018 09:20:13 PM,10/14/2018 09:20:25 PM,0.00,in,A
10/14/2018 08:11:11 PM,10/14/2018 08:11:25 PM,0.04,in,A
10/14/2018 05:02:57 PM,10/14/2018 05:03:25 PM,0.08,in,A
10/14/2018 04:39:28 PM,10/14/2018 04:39:55 PM,0.04,in,A
10/14/2018 04:32:07 PM,10/14/2018 04:32:25 PM,0.04,in,A
10/14/2018 04:28:19 PM,10/14/2018 04:28:25 PM,0.04,in,A
10/14/2018 04:24:25 PM,10/14/2018 04:24:25 PM,0.04,in,A
10/14/2018 04:09:24 PM,10/14/2018 04:09:25 PM,0.04,in,A
10/14/2018 02:45:16 PM,10/14/2018 02:45:25 PM,0.04,in,A
10/14/2018 02:21:28 PM,10/14/2018 02:21:55 PM,0.04,in,A
10/14/2018 09:23:05 AM,10/14/2018 09:23:25 AM,0.00,in,A
10/13/2018 09:25:57 PM,10/13/2018 09:26:25 PM,0.00,in,A
10/13/2018 09:28:49 AM,10/13/2018 09:28:55 AM,0.00,in,A
10/12/2018 09:31:41 PM,10/12/2018 09:31:55 PM,0.00,in,A
10/12/2018 12:28:26 PM,10/12/2018 12:28:55 PM,0.04,in,A
10/12/2018 12:08:41 PM,10/12/2018 12:08:55 PM,0.04,in,A
10/12/2018 11:52:23 AM,10/12/2018 11:52:25 AM,0.04,in,A
10/12/2018 11:35:23 AM,10/12/2018 11:35:25 AM,0.04,in,A
10/12/2018 10:41:26 AM,10/12/2018 10:41:55 AM,0.04,in,A
10/12/2018 10:04:09 AM,10/12/2018 10:04:25 AM,0.04,in,A
10/12/2018 09:34:33 AM,10/12/2018 09:34:55 AM,0.00,in,A
10/12/2018 09:19:45 AM,10/12/2018 09:19:55 AM,0.08,in,A
10/12/2018 05:30:43 AM,10/12/2018 05:30:55 AM,0.04,in,A
10/11/2018 09:37:25 PM,10/11/2018 09:37:55 PM,0.00,in,A
10/11/2018 09:40:18 AM,10/11/2018 09:40:25 AM,0.00,in,A
10/10/2018 09:46:02 AM,10/10/2018 09:46:25 AM,0.00,in,A
10/10/2018 05:45:20 AM,10/10/2018 05:45:25 AM,0.04,in,A
10/09/2018 09:48:54 PM,10/09/2018 09:48:55 PM,0.00,in,A
10/09/2018 03:51:07 PM,10/09/2018 03:51:25 PM,0.04,in,A
10/09/2018 02:46:36 PM,10/09/2018 02:46:55 PM,0.04,in,A
10/09/2018 02:45:02 PM,10/09/2018 02:45:25 PM,0.04,in,A
10/09/2018 02:43:25 PM,10/09/2018 02:43:55 PM,0.04,in,A
10/09/2018 02:40:16 PM,10/09/2018 02:40:25 PM,0.04,in,A
10/09/2018 02:39:12 PM,10/09/2018 02:39:25 PM,0.04,in,A
10/09/2018 02:38:34 PM,10/09/2018 02:38:55 PM,0.04,in,A
10/09/2018 02:33:19 PM,10/09/2018 02:33:25 PM,0.04,in,A
10/09/2018 02:32:01 PM,10/09/2018 02:32:25 PM,0.04,in,A
10/09/2018 02:30:12 PM,10/09/2018 02:30:25 PM,0.04,in,A
10/09/2018 01:13:33 PM,10/09/2018 01:13:55 PM,0.04,in,A
10/09/2018 09:51:47 AM,10/09/2018 09:51:55 AM,0.00,in,A
10/09/2018 09:43:15 AM,10/09/2018 09:43:25 AM,0.04,in,A
10/09/2018 09:20:40 AM,10/09/2018 09:20:55 AM,0.04,in,A
10/09/2018 09:08:44 AM,10/09/2018 09:08:56 AM,0.04,in,A
10/09/2018 08:59:39 AM,10/09/2018 08:59:55 AM,0.04,in,A
10/09/2018 08:52:48 AM,10/09/2018 08:52:55 AM,0.04,in,A
10/09/2018 08:46:47 AM,10/09/2018 08:46:55 AM,0.04,in,A
10/09/2018 08:40:00 AM,10/09/2018 08:40:25 AM,0.04,in,A
10/09/2018 08:31:36 AM,10/09/2018 08:31:55 AM,0.04,in,A
10/09/2018 08:26:30 AM,10/09/2018 08:26:55 AM,0.04,in,A
10/09/2018 08:21:59 AM,10/09/2018 08:22:25 AM,0.04,in,A
10/09/2018 07:25:52 AM,10/09/2018 07:25:55 AM,0.04,in,A
10/09/2018 06:34:10 AM,10/09/2018 06:34:25 AM,0.04,in,A
10/09/2018 06:14:05 AM,10/09/2018 06:14:25 AM,0.04,in,A
10/09/2018 05:49:00 AM,10/09/2018 05:49:25 AM,0.04,in,A
10/09/2018 05:25:49 AM,10/09/2018 05:25:55 AM,0.04,in,A
10/09/2018 05:08:57 AM,10/09/2018 05:09:25 AM,0.04,in,A
10/09/2018 04:29:15 AM,10/09/2018 04:29:25 AM,0.04,in,A
10/09/2018 03:33:58 AM,10/09/2018 03:34:25 AM,0.04,in,A
10/09/2018 03:23:10 AM,10/09/2018 03:23:25 AM,0.04,in,A
10/09/2018 02:59:19 AM,10/09/2018 02:59:25 AM,0.04,in,A
10/09/2018 02:58:01 AM,10/09/2018 02:58:25 AM,0.04,in,A
10/09/2018 01:24:56 AM,10/09/2018 01:25:25 AM,0.04,in,A
10/08/2018 11:45:05 PM,10/08/2018 11:45:25 PM,0.04,in,A
10/08/2018 11:43:55 PM,10/08/2018 11:44:25 PM,0.04,in,A
10/08/2018 11:37:25 PM,10/08/2018 11:37:55 PM,0.04,in,A
10/08/2018 11:34:59 PM,10/08/2018 11:35:25 PM,0.04,in,A
10/08/2018 11:33:55 PM,10/08/2018 11:34:25 PM,0.04,in,A
10/08/2018 11:04:31 PM,10/08/2018 11:04:55 PM,0.04,in,A
10/08/2018 10:51:34 PM,10/08/2018 10:51:55 PM,0.04,in,A
10/08/2018 09:54:39 PM,10/08/2018 09:54:55 PM,0.00,in,A
10/08/2018 03:25:43 PM,10/08/2018 03:25:55 PM,0.04,in,A
10/08/2018 09:57:32 AM,10/08/2018 09:57:55 AM,0.00,in,A
10/08/2018 08:08:08 AM,10/08/2018 08:08:25 AM,0.04,in,A
10/08/2018 07:52:52 AM,10/08/2018 07:52:56 AM,0.04,in,A
10/08/2018 07:44:32 AM,10/08/2018 07:44:55 AM,0.08,in,A
10/08/2018 07:36:07 AM,10/08/2018 07:36:25 AM,0.04,in,A
10/08/2018 07:28:30 AM,10/08/2018 07:28:55 AM,0.04,in,A
10/08/2018 06:40:48 AM,10/08/2018 06:40:55 AM,0.04,in,A
10/08/2018 06:33:21 AM,10/08/2018 06:33:25 AM,0.04,in,A
10/08/2018 06:28:32 AM,10/08/2018 06:28:55 AM,0.04,in,A
10/08/2018 06:24:01 AM,10/08/2018 06:24:25 AM,0.04,in,A
10/08/2018 06:14:34 AM,10/08/2018 06:14:55 AM,0.04,in,A
10/08/2018 06:05:14 AM,10/08/2018 06:05:25 AM,0.04,in,A
10/08/2018 05:59:45 AM,10/08/2018 05:59:55 AM,0.04,in,A
10/08/2018 05:58:08 AM,10/08/2018 05:58:25 AM,0.04,in,A
10/08/2018 05:56:29 AM,10/08/2018 05:56:55 AM,0.04,in,A
10/08/2018 05:54:43 AM,10/08/2018 05:54:55 AM,0.04,in,A
10/08/2018 05:52:14 AM,10/08/2018 05:52:25 AM,0.04,in,A
10/08/2018 05:48:43 AM,10/08/2018 05:48:56 AM,0.04,in,A
10/08/2018 05:47:30 AM,10/08/2018 05:47:55 AM,0.08,in,A
10/08/2018 05:44:05 AM,10/08/2018 05:44:25 AM,0.04,in,A
10/08/2018 05:41:25 AM,10/08/2018 05:41:55 AM,0.04,in,A
10/08/2018 05:28:49 AM,10/08/2018 05:28:55 AM,0.04,in,A
10/08/2018 05:25:21 AM,10/08/2018 05:25:26 AM,0.04,in,A
10/08/2018 05:22:42 AM,10/08/2018 05:22:56 AM,0.08,in,A
10/08/2018 05:18:08 AM,10/08/2018 05:18:25 AM,0.08,in,A
10/08/2018 05:16:00 AM,10/08/2018 05:16:25 AM,0.04,in,A
10/08/2018 05:13:57 AM,10/08/2018 05:14:25 AM,0.04,in,A
10/08/2018 05:10:34 AM,10/08/2018 05:10:56 AM,0.04,in,A
10/08/2018 05:08:37 AM,10/08/2018 05:08:55 AM,0.04,in,A
10/08/2018 05:00:28 AM,10/08/2018 05:00:55 AM,0.04,in,A
10/08/2018 04:50:16 AM,10/08/2018 04:50:25 AM,0.04,in,A
10/08/2018 04:44:43 AM,10/08/2018 04:44:55 AM,0.04,in,A
10/08/2018 04:26:46 AM,10/08/2018 04:26:55 AM,0.04,in,A
10/08/2018 04:12:52 AM,10/08/2018 04:12:55 AM,0.04,in,A
10/08/2018 03:59:33 AM,10/08/2018 03:59:55 AM,0.04,in,A
10/08/2018 03:43:24 AM,10/08/2018 03:43:26 AM,0.08,in,A
10/08/2018 03:33:46 AM,10/08/2018 03:33:56 AM,0.04,in,A
10/08/2018 03:32:30 AM,10/08/2018 03:32:56 AM,0.04,in,A
10/08/2018 03:31:20 AM,10/08/2018 03:31:25 AM,0.04,in,A
10/08/2018 03:29:07 AM,10/08/2018 03:29:25 AM,0.04,in,A
10/08/2018 03:28:07 AM,10/08/2018 03:28:26 AM,0.04,in,A
10/08/2018 03:27:22 AM,10/08/2018 03:27:26 AM,0.04,in,A
10/08/2018 03:23:50 AM,10/08/2018 03:23:55 AM,0.04,in,A
10/08/2018 03:19:59 AM,10/08/2018 03:20:25 AM,0.04,in,A
10/08/2018 03:15:42 AM,10/08/2018 03:15:56 AM,0.04,in,A
10/08/2018 03:11:50 AM,10/08/2018 03:11:55 AM,0.08,in,A
10/08/2018 02:47:45 AM,10/08/2018 02:47:56 AM,0.08,in,A
10/08/2018 02:34:35 AM,10/08/2018 02:34:55 AM,0.08,in,A
10/08/2018 02:31:55 AM,10/08/2018 02:32:25 AM,0.04,in,A
10/08/2018 02:28:27 AM,10/08/2018 02:28:55 AM,0.04,in,A
10/08/2018 02:08:57 AM,10/08/2018 02:09:25 AM,0.04,in,A
10/08/2018 01:56:35 AM,10/08/2018 01:56:55 AM,0.04,in,A
10/08/2018 01:49:11 AM,10/08/2018 01:49:25 AM,0.08,in,A
10/08/2018 01:21:38 AM,10/08/2018 01:21:56 AM,0.04,in,A
10/08/2018 01:19:21 AM,10/08/2018 01:19:25 AM,0.04,in,A
10/08/2018 01:17:51 AM,10/08/2018 01:17:56 AM,0.04,in,A
10/08/2018 01:15:28 AM,10/08/2018 01:15:55 AM,0.04,in,A
10/08/2018 01:01:13 AM,10/08/2018 01:01:26 AM,0.04,in,A
10/08/2018 12:58:28 AM,10/08/2018 12:58:55 AM,0.04,in,A
10/08/2018 12:52:54 AM,10/08/2018 12:52:55 AM,0.08,in,A
10/08/2018 12:45:25 AM,10/08/2018 12:45:26 AM,0.04,in,A
10/08/2018 12:39:35 AM,10/08/2018 12:39:56 AM,0.04,in,A
10/08/2018 12:36:23 AM,10/08/2018 12:36:26 AM,0.16,in,A
10/08/2018 12:23:39 AM,10/08/2018 12:23:56 AM,0.08,in,A
10/08/2018 12:20:18 AM,10/08/2018 12:20:26 AM,0.08,in,A
10/08/2018 12:18:58 AM,10/08/2018 12:19:26 AM,0.04,in,A
10/08/2018 12:18:23 AM,10/08/2018 12:18:26 AM,0.04,in,A
10/08/2018 12:17:30 AM,10/08/2018 12:17:56 AM,0.04,in,A
10/08/2018 12:16:56 AM,10/08/2018 12:17:26 AM,0.08,in,A
10/08/2018 12:15:48 AM,10/08/2018 12:15:56 AM,0.08,in,A
10/08/2018 12:14:31 AM,10/08/2018 12:14:56 AM,0.08,in,A
10/08/2018 12:11:13 AM,10/08/2018 12:11:26 AM,0.04,in,A
10/08/2018 12:09:57 AM,10/08/2018 12:10:26 AM,0.04,in,A
10/08/2018 12:08:58 AM,10/08/2018 12:09:26 AM,0.08,in,A
10/08/2018 12:07:06 AM,10/08/2018 12:07:25 AM,0.04,in,A
10/07/2018 11:52:21 PM,10/07/2018 11:52:25 PM,0.04,in,A
10/07/2018 11:47:44 PM,10/07/2018 11:47:55 PM,0.04,in,A
10/07/2018 10:19:13 PM,10/07/2018 10:19:25 PM,0.04,in,A
10/07/2018 10:17:52 PM,10/07/2018 10:17:55 PM,0.04,in,A
10/07/2018 10:17:10 PM,10/07/2018 10:17:25 PM,0.04,in,A
10/07/2018 10:15:49 PM,10/07/2018 10:15:55 PM,0.08,in,A
10/07/2018 11:29:24 AM,10/07/2018 11:29:25 AM,0.04,in,A
10/07/2018 10:03:17 AM,10/07/2018 10:03:25 AM,0.00,in,A
10/07/2018 09:32:05 AM,10/07/2018 09:32:25 AM,0.08,in,A
10/07/2018 09:10:49 AM,10/07/2018 09:10:56 AM,0.08,in,A
10/07/2018 09:09:05 AM,10/07/2018 09:09:25 AM,0.04,in,A
10/07/2018 09:07:54 AM,10/07/2018 09:07:55 AM,0.04,in,A
10/07/2018 09:06:03 AM,10/07/2018 09:06:25 AM,0.08,in,A
10/07/2018 08:55:03 AM,10/07/2018 08:55:25 AM,0.04,in,A
10/07/2018 08:50:52 AM,10/07/2018 08:50:55 AM,0.04,in,A
10/07/2018 08:48:09 AM,10/07/2018 08:48:25 AM,0.04,in,A
10/07/2018 08:42:05 AM,10/07/2018 08:42:25 AM,0.04,in,A
10/07/2018 08:40:28 AM,10/07/2018 08:40:55 AM,0.08,in,A
10/07/2018 08:38:38 AM,10/07/2018 08:38:55 AM,0.08,in,A
10/07/2018 07:04:19 AM,10/07/2018 07:04:25 AM,0.04,in,A
10/07/2018 06:41:26 AM,10/07/2018 06:41:55 AM,0.04,in,A
10/07/2018 06:37:20 AM,10/07/2018 06:37:25 AM,0.04,in,A
10/07/2018 06:29:53 AM,10/07/2018 06:29:55 AM,0.04,in,A
10/07/2018 05:19:42 AM,10/07/2018 05:19:55 AM,0.04,in,A
10/07/2018 05:13:23 AM,10/07/2018 05:13:25 AM,0.04,in,A
10/07/2018 05:08:09 AM,10/07/2018 05:08:25 AM,0.04,in,A
10/07/2018 05:01:45 AM,10/07/2018 05:01:55 AM,0.08,in,A
10/07/2018 04:54:58 AM,10/07/2018 04:55:25 AM,0.04,in,A
10/07/2018 04:50:06 AM,10/07/2018 04:50:25 AM,0.04,in,A
10/07/2018 04:43:35 AM,10/07/2018 04:43:55 AM,0.08,in,A
10/07/2018 04:36:55 AM,10/07/2018 04:37:25 AM,0.04,in,A
10/07/2018 04:34:12 AM,10/07/2018 04:34:25 AM,0.04,in,A
10/07/2018 04:32:03 AM,10/07/2018 04:32:25 AM,0.04,in,A
10/07/2018 04:28:12 AM,10/07/2018 04:28:25 AM,0.04,in,A
10/07/2018 04:19:34 AM,10/07/2018 04:19:55 AM,0.04,in,A
10/07/2018 04:09:52 AM,10/07/2018 04:09:55 AM,0.04,in,A
10/07/2018 03:58:27 AM,10/07/2018 03:58:55 AM,0.04,in,A
10/07/2018 03:47:13 AM,10/07/2018 03:47:25 AM,0.04,in,A
10/07/2018 03:44:22 AM,10/07/2018 03:44:25 AM,0.04,in,A
10/07/2018 03:41:06 AM,10/07/2018 03:41:25 AM,0.04,in,A
10/07/2018 03:36:48 AM,10/07/2018 03:36:55 AM,0.04,in,A
10/07/2018 03:30:36 AM,10/07/2018 03:30:55 AM,0.04,in,A
10/07/2018 03:25:36 AM,10/07/2018 03:25:55 AM,0.04,in,A
10/07/2018 03:23:36 AM,10/07/2018 03:23:55 AM,0.04,in,A
10/07/2018 03:22:13 AM,10/07/2018 03:22:25 AM,0.04,in,A
10/07/2018 03:19:40 AM,10/07/2018 03:19:55 AM,0.04,in,A
10/07/2018 03:17:34 AM,10/07/2018 03:17:55 AM,0.04,in,A
10/07/2018 03:15:53 AM,10/07/2018 03:15:55 AM,0.04,in,A
10/07/2018 03:13:04 AM,10/07/2018 03:13:25 AM,0.04,in,A
10/07/2018 03:11:16 AM,10/07/2018 03:11:25 AM,0.04,in,A
10/07/2018 03:10:01 AM,10/07/2018 03:10:25 AM,0.08,in,A
10/07/2018 03:07:40 AM,10/07/2018 03:07:55 AM,0.08,in,A
10/07/2018 03:04:32 AM,10/07/2018 03:04:55 AM,0.04,in,A
10/07/2018 03:03:20 AM,10/07/2018 03:03:25 AM,0.04,in,A
10/07/2018 02:47:29 AM,10/07/2018 02:47:55 AM,0.04,in,A
10/07/2018 02:37:13 AM,10/07/2018 02:37:25 AM,0.04,in,A
10/07/2018 12:19:32 AM,10/07/2018 12:19:55 AM,0.04,in,A
10/06/2018 11:40:48 PM,10/06/2018 11:40:55 PM,0.08,in,A
10/06/2018 10:06:10 PM,10/06/2018 10:06:25 PM,0.00,in,A
10/06/2018 09:36:15 PM,10/06/2018 09:36:25 PM,0.04,in,A
10/06/2018 09:33:14 PM,10/06/2018 09:33:25 PM,0.04,in,A
10/06/2018 06:52:29 PM,10/06/2018 06:52:55 PM,0.04,in,A
10/06/2018 06:40:01 PM,10/06/2018 06:40:25 PM,0.04,in,A
10/06/2018 06:30:40 PM,10/06/2018 06:30:55 PM,0.04,in,A
10/06/2018 06:22:42 PM,10/06/2018 06:22:55 PM,0.04,in,A
10/06/2018 06:04:32 PM,10/06/2018 06:04:55 PM,0.04,in,A
10/06/2018 05:51:12 PM,10/06/2018 05:51:25 PM,0.04,in,A
10/06/2018 10:09:02 AM,10/06/2018 10:09:25 AM,0.00,in,A
10/06/2018 08:51:02 AM,10/06/2018 08:51:25 AM,0.04,in,A
10/06/2018 08:15:55 AM,10/06/2018 08:16:25 AM,0.04,in,A
10/06/2018 08:13:32 AM,10/06/2018 08:13:55 AM,0.04,in,A
10/06/2018 08:11:31 AM,10/06/2018 08:11:55 AM,0.04,in,A
10/06/2018 08:07:53 AM,10/06/2018 08:07:55 AM,0.04,in,A
10/06/2018 08:02:42 AM,10/06/2018 08:02:55 AM,0.04,in,A
10/06/2018 07:58:02 AM,10/06/2018 07:58:25 AM,0.04,in,A
10/06/2018 07:45:31 AM,10/06/2018 07:45:55 AM,0.04,in,A
10/06/2018 07:35:40 AM,10/06/2018 07:35:55 AM,0.04,in,A
10/06/2018 07:33:17 AM,10/06/2018 07:33:25 AM,0.08,in,A
10/06/2018 07:17:58 AM,10/06/2018 07:18:25 AM,0.04,in,A
10/06/2018 07:11:47 AM,10/06/2018 07:11:56 AM,0.04,in,A
10/06/2018 07:10:12 AM,10/06/2018 07:10:25 AM,0.04,in,A
10/06/2018 06:48:25 AM,10/06/2018 06:48:55 AM,0.04,in,A
10/06/2018 06:45:06 AM,10/06/2018 06:45:25 AM,0.04,in,A
10/06/2018 06:38:35 AM,10/06/2018 06:38:55 AM,0.08,in,A
10/06/2018 06:07:42 AM,10/06/2018 06:07:55 AM,0.04,in,A
10/06/2018 06:05:51 AM,10/06/2018 06:05:55 AM,0.04,in,A
10/06/2018 06:05:00 AM,10/06/2018 06:05:25 AM,0.04,in,A
10/06/2018 06:04:06 AM,10/06/2018 06:04:25 AM,0.04,in,A
10/05/2018 10:11:54 PM,10/05/2018 10:11:55 PM,0.00,in,A
10/05/2018 10:20:44 AM,10/05/2018 10:20:55 AM,0.04,in,A
10/05/2018 10:14:47 AM,10/05/2018 10:14:55 AM,0.00,in,A
10/05/2018 08:22:14 AM,10/05/2018 08:22:25 AM,0.04,in,A
10/05/2018 08:00:41 AM,10/05/2018 08:00:55 AM,0.04,in,A
10/04/2018 10:17:39 PM,10/04/2018 10:17:55 PM,0.00,in,A
10/04/2018 10:20:31 AM,10/04/2018 10:20:55 AM,0.00,in,A
10/04/2018 04:10:35 AM,10/04/2018 04:10:55 AM,0.04,in,A
10/04/2018 03:08:23 AM,10/04/2018 03:08:25 AM,0.04,in,A
10/04/2018 02:34:39 AM,10/04/2018 02:34:55 AM,0.04,in,A
10/04/2018 01:43:48 AM,10/04/2018 01:43:55 AM,0.04,in,A
10/03/2018 10:26:16 AM,10/03/2018 10:26:25 AM,0.00,in,A
10/02/2018 10:29:08 PM,10/02/2018 10:29:25 PM,0.00,in,A
10/02/2018 10:32:01 AM,10/02/2018 10:32:25 AM,0.00,in,A
10/01/2018 10:34:53 PM,10/01/2018 10:34:55 PM,0.00,in,A
10/01/2018 10:37:46 AM,10/01/2018 10:37:55 AM,0.00,in,A
09/30/2018 10:40:38 PM,09/30/2018 10:40:55 PM,0.00,in,A
09/30/2018 10:43:30 AM,09/30/2018 10:43:55 AM,0.00,in,A
09/29/2018 10:46:23 PM,09/29/2018 10:46:25 PM,0.00,in,A
09/29/2018 10:49:15 AM,09/29/2018 10:49:25 AM,0.00,in,A
09/29/2018 03:57:06 AM,09/29/2018 03:57:25 AM,0.04,in,A
09/29/2018 03:35:12 AM,09/29/2018 03:35:25 AM,0.04,in,A
09/29/2018 03:27:57 AM,09/29/2018 03:28:25 AM,0.04,in,A
09/29/2018 03:18:10 AM,09/29/2018 03:18:25 AM,0.04,in,A
09/29/2018 02:35:20 AM,09/29/2018 02:35:25 AM,0.04,in,A
09/29/2018 12:20:12 AM,09/29/2018 12:20:25 AM,0.04,in,A
09/28/2018 10:52:07 PM,09/28/2018 10:52:25 PM,0.00,in,A
09/28/2018 10:55:00 AM,09/28/2018 10:55:25 AM,0.00,in,A
09/27/2018 10:57:52 PM,09/27/2018 10:57:55 PM,0.00,in,A
09/27/2018 11:00:44 AM,09/27/2018 11:00:55 AM,0.00,in,A
09/26/2018 11:03:36 PM,09/26/2018 11:03:55 PM,0.00,in,A
09/26/2018 11:06:28 AM,09/26/2018 11:06:55 AM,0.00,in,A
09/25/2018 11:09:21 PM,09/25/2018 11:09:25 PM,0.00,in,A
09/25/2018 11:12:13 AM,09/25/2018 11:12:25 AM,0.00,in,A
09/24/2018 11:15:06 PM,09/24/2018 11:15:25 PM,0.00,in,A
09/23/2018 11:20:50 PM,09/23/2018 11:20:55 PM,0.00,in,A
09/23/2018 11:23:43 AM,09/23/2018 11:23:55 AM,0.00,in,A
09/22/2018 11:26:35 PM,09/22/2018 11:26:55 PM,0.00,in,A
09/22/2018 11:29:27 AM,09/22/2018 11:29:55 AM,0.00,in,A
09/21/2018 11:32:20 PM,09/21/2018 11:32:25 PM,0.00,in,A
09/21/2018 11:35:12 AM,09/21/2018 11:35:25 AM,0.00,in,A
09/21/2018 04:37:39 AM,09/21/2018 04:37:55 AM,0.04,in,A
09/21/2018 04:05:23 AM,09/21/2018 04:05:25 AM,0.04,in,A
09/21/2018 03:38:14 AM,09/21/2018 03:38:25 AM,0.04,in,A
09/21/2018 03:27:20 AM,09/21/2018 03:27:25 AM,0.04,in,A
09/21/2018 03:17:03 AM,09/21/2018 03:17:25 AM,0.04,in,A
09/21/2018 03:07:05 AM,09/21/2018 03:07:25 AM,0.04,in,A
09/21/2018 02:31:47 AM,09/21/2018 02:31:55 AM,0.04,in,A
09/20/2018 11:38:04 PM,09/20/2018 11:38:25 PM,0.00,in,A
09/20/2018 11:40:57 AM,09/20/2018 11:41:25 AM,0.00,in,A
09/19/2018 11:43:49 PM,09/19/2018 11:43:55 PM,0.00,in,A
09/19/2018 11:46:42 AM,09/19/2018 11:46:55 AM,0.00,in,A
09/18/2018 11:49:34 PM,09/18/2018 11:49:55 PM,0.00,in,A
09/18/2018 11:52:26 AM,09/18/2018 11:52:55 AM,0.00,in,A
09/17/2018 11:55:19 PM,09/17/2018 11:55:25 PM,0.00,in,A
09/17/2018 11:58:11 AM,09/17/2018 11:58:25 AM,0.00,in,A
09/17/2018 12:01:04 AM,09/17/2018 12:01:25 AM,0.00,in,A
09/16/2018 12:03:56 PM,09/16/2018 12:04:25 PM,0.00,in,A
09/16/2018 12:06:48 AM,09/16/2018 12:06:55 AM,0.00,in,A
09/15/2018 12:09:41 PM,09/15/2018 12:09:55 PM,0.00,in,A
09/15/2018 12:12:33 AM,09/15/2018 12:12:55 AM,0.00,in,A
09/14/2018 12:15:26 PM,09/14/2018 12:15:55 PM,0.00,in,A
09/13/2018 12:24:03 AM,09/13/2018 12:24:25 AM,0.00,in,A
09/12/2018 12:26:56 PM,09/12/2018 12:27:25 PM,0.00,in,A
09/12/2018 12:29:48 AM,09/12/2018 12:29:55 AM,0.00,in,A
09/11/2018 12:32:40 PM,09/11/2018 12:32:55 PM,0.00,in,A
09/11/2018 12:35:33 AM,09/11/2018 12:35:55 AM,0.00,in,A
09/10/2018 12:38:25 PM,09/10/2018 12:38:55 PM,0.00,in,A
09/09/2018 12:44:10 PM,09/09/2018 12:44:25 PM,0.00,in,A
09/09/2018 12:47:02 AM,09/09/2018 12:47:25 AM,0.00,in,A
09/08/2018 12:49:54 PM,09/08/2018 12:49:55 PM,0.00,in,A
09/08/2018 11:17:49 AM,09/08/2018 11:17:55 AM,0.04,in,A
09/08/2018 12:52:47 AM,09/08/2018 12:52:55 AM,0.00,in,A
09/07/2018 09:37:27 PM,09/07/2018 09:37:55 PM,0.04,in,A
09/07/2018 05:37:32 PM,09/07/2018 05:37:55 PM,0.04,in,A
09/07/2018 04:15:04 PM,09/07/2018 04:15:25 PM,0.04,in,A
09/07/2018 01:41:11 PM,09/07/2018 01:41:25 PM,0.04,in,A
09/07/2018 01:13:34 PM,09/07/2018 01:13:55 PM,0.04,in,A
09/07/2018 01:01:58 PM,09/07/2018 01:02:25 PM,0.04,in,A
09/07/2018 12:56:07 PM,09/07/2018 12:56:25 PM,0.04,in,A
09/07/2018 12:55:39 PM,09/07/2018 12:55:55 PM,0.00,in,A
09/07/2018 12:48:02 PM,09/07/2018 12:48:25 PM,0.04,in,A
09/07/2018 12:44:14 PM,09/07/2018 12:44:25 PM,0.04,in,A
09/07/2018 12:39:03 PM,09/07/2018 12:39:25 PM,0.04,in,A
09/07/2018 12:35:40 PM,09/07/2018 12:35:55 PM,0.04,in,A
09/07/2018 12:32:36 PM,09/07/2018 12:32:55 PM,0.04,in,A
09/07/2018 12:30:00 PM,09/07/2018 12:30:25 PM,0.04,in,A
09/07/2018 12:26:52 PM,09/07/2018 12:26:55 PM,0.04,in,A
09/07/2018 12:19:32 PM,09/07/2018 12:19:55 PM,0.04,in,A
09/07/2018 12:12:14 PM,09/07/2018 12:12:25 PM,0.04,in,A
09/07/2018 12:09:22 PM,09/07/2018 12:09:25 PM,0.08,in,A
09/07/2018 12:01:56 PM,09/07/2018 12:02:25 PM,0.04,in,A
09/07/2018 11:58:58 AM,09/07/2018 11:59:25 AM,0.04,in,A
09/07/2018 11:53:04 AM,09/07/2018 11:53:25 AM,0.04,in,A
09/07/2018 11:45:55 AM,09/07/2018 11:46:25 AM,0.04,in,A
09/07/2018 11:40:12 AM,09/07/2018 11:40:25 AM,0.08,in,A
09/07/2018 11:27:20 AM,09/07/2018 11:27:25 AM,0.04,in,A
09/07/2018 11:23:23 AM,09/07/2018 11:23:25 AM,0.04,in,A
09/07/2018 11:21:24 AM,09/07/2018 11:21:25 AM,0.04,in,A
09/07/2018 11:19:34 AM,09/07/2018 11:19:55 AM,0.04,in,A
09/07/2018 11:14:21 AM,09/07/2018 11:14:25 AM,0.04,in,A
09/07/2018 11:10:39 AM,09/07/2018 11:10:55 AM,0.04,in,A
09/07/2018 11:06:33 AM,09/07/2018 11:06:55 AM,0.04,in,A
09/07/2018 11:01:17 AM,09/07/2018 11:01:25 AM,0.04,in,A
09/07/2018 10:58:14 AM,09/07/2018 10:58:25 AM,0.04,in,A
09/07/2018 10:48:02 AM,09/07/2018 10:48:25 AM,0.04,in,A
09/07/2018 10:24:34 AM,09/07/2018 10:24:55 AM,0.04,in,A
09/07/2018 10:03:56 AM,09/07/2018 10:04:25 AM,0.04,in,A
09/07/2018 09:45:23 AM,09/07/2018 09:45:25 AM,0.04,in,A
09/07/2018 09:26:04 AM,09/07/2018 09:26:25 AM,0.04,in,A
09/07/2018 09:09:50 AM,09/07/2018 09:09:55 AM,0.04,in,A
09/07/2018 08:41:47 AM,09/07/2018 08:41:55 AM,0.04,in,A
09/07/2018 08:30:05 AM,09/07/2018 08:30:25 AM,0.04,in,A
09/07/2018 07:21:23 AM,09/07/2018 07:21:25 AM,0.04,in,A
09/07/2018 12:58:32 AM,09/07/2018 12:58:55 AM,0.00,in,A
09/06/2018 09:26:52 AM,09/06/2018 09:26:55 AM,0.04,in,A
09/06/2018 08:26:17 AM,09/06/2018 08:26:25 AM,0.04,in,A
09/06/2018 04:29:38 AM,09/06/2018 04:29:55 AM,0.04,in,A
09/05/2018 02:53:45 PM,09/05/2018 02:53:55 PM,0.04,in,A
09/05/2018 02:24:48 PM,09/05/2018 02:24:55 PM,0.04,in,A
09/05/2018 02:00:40 PM,09/05/2018 02:00:55 PM,0.04,in,A
09/05/2018 01:23:21 PM,09/05/2018 01:23:25 PM,0.04,in,A
09/05/2018 01:07:09 PM,09/05/2018 01:07:25 PM,0.00,in,A
09/05/2018 01:00:32 PM,09/05/2018 01:00:55 PM,0.04,in,A
09/05/2018 11:14:40 AM,09/05/2018 11:14:55 AM,0.04,in,A
09/05/2018 10:51:51 AM,09/05/2018 10:51:55 AM,0.12,in,A
09/05/2018 09:51:34 AM,09/05/2018 09:51:55 AM,0.04,in,A
09/05/2018 09:44:00 AM,09/05/2018 09:44:25 AM,0.04,in,A
09/05/2018 09:42:11 AM,09/05/2018 09:42:25 AM,0.04,in,A
09/05/2018 09:35:55 AM,09/05/2018 09:36:25 AM,0.04,in,A
09/05/2018 09:32:10 AM,09/05/2018 09:32:25 AM,0.04,in,A
09/05/2018 01:10:01 AM,09/05/2018 01:10:25 AM,0.00,in,A
09/04/2018 02:01:00 PM,09/04/2018 02:01:25 PM,0.04,in,A
09/04/2018 01:58:27 PM,09/04/2018 01:58:55 PM,0.04,in,A
09/04/2018 01:54:32 PM,09/04/2018 01:54:55 PM,0.04,in,A
09/04/2018 01:12:54 PM,09/04/2018 01:12:55 PM,0.00,in,A
09/03/2018 01:21:31 AM,09/03/2018 01:21:55 AM,0.00,in,A
09/02/2018 01:24:23 PM,09/02/2018 01:24:25 PM,0.00,in,A
09/02/2018 01:27:16 AM,09/02/2018 01:27:25 AM,0.00,in,A
09/01/2018 01:30:08 PM,09/01/2018 01:30:25 PM,0.00,in,A
09/01/2018 01:33:00 AM,09/01/2018 01:33:25 AM,0.00,in,A
08/31/2018 01:35:53 PM,08/31/2018 01:35:55 PM,0.00,in,A
08/31/2018 07:40:05 AM,08/31/2018 07:40:25 AM,0.04,in,A
08/31/2018 01:38:45 AM,08/31/2018 01:38:55 AM,0.00,in,A
08/30/2018 01:41:38 PM,08/30/2018 01:41:55 PM,0.04,in,A
08/30/2018 09:36:59 AM,08/30/2018 09:37:25 AM,0.04,in,A
08/30/2018 09:17:59 AM,08/30/2018 09:18:25 AM,0.04,in,A
08/30/2018 09:00:35 AM,08/30/2018 09:00:55 AM,0.04,in,A
08/30/2018 08:29:23 AM,08/30/2018 08:29:25 AM,0.04,in,A
08/30/2018 07:21:39 AM,08/30/2018 07:21:55 AM,0.04,in,A
08/30/2018 07:18:26 AM,08/30/2018 07:18:55 AM,0.04,in,A
08/30/2018 07:16:14 AM,08/30/2018 07:16:25 AM,0.04,in,A
08/30/2018 07:12:59 AM,08/30/2018 07:13:25 AM,0.04,in,A
08/30/2018 07:08:03 AM,08/30/2018 07:08:25 AM,0.04,in,A
08/30/2018 01:44:30 AM,08/30/2018 01:44:55 AM,0.00,in,A
08/29/2018 01:47:23 PM,08/29/2018 01:47:25 PM,0.00,in,A
08/29/2018 01:50:15 AM,08/29/2018 01:50:25 AM,0.00,in,A
08/28/2018 05:51:14 PM,08/28/2018 05:51:25 PM,0.04,in,A
08/28/2018 01:53:07 PM,08/28/2018 01:53:25 PM,0.00,in,A
08/28/2018 01:56:00 AM,08/28/2018 01:56:25 AM,0.00,in,A
08/27/2018 01:58:52 PM,08/27/2018 01:58:55 PM,0.00,in,A
08/27/2018 02:01:45 AM,08/27/2018 02:01:55 AM,0.00,in,A
08/26/2018 02:04:37 PM,08/26/2018 02:04:55 PM,0.00,in,A
08/26/2018 02:07:29 AM,08/26/2018 02:07:55 AM,0.00,in,A
08/25/2018 02:10:22 PM,08/25/2018 02:10:25 PM,0.00,in,A
08/25/2018 02:13:14 AM,08/25/2018 02:13:25 AM,0.00,in,A
08/24/2018 02:16:07 PM,08/24/2018 02:16:25 PM,0.00,in,A
08/24/2018 02:18:59 AM,08/24/2018 02:19:25 AM,0.00,in,A
08/23/2018 02:21:51 PM,08/23/2018 02:21:55 PM,0.00,in,A
08/23/2018 02:03:48 PM,08/23/2018 02:03:55 PM,0.04,in,A
08/23/2018 01:44:22 PM,08/23/2018 01:44:25 PM,0.04,in,A
08/23/2018 01:18:23 PM,08/23/2018 01:18:25 PM,0.08,in,A
08/23/2018 12:40:07 PM,08/23/2018 12:40:25 PM,0.04,in,A
08/23/2018 12:25:22 PM,08/23/2018 12:25:25 PM,0.04,in,A
08/23/2018 12:14:25 PM,08/23/2018 12:14:55 PM,0.04,in,A
08/23/2018 12:04:33 PM,08/23/2018 12:04:55 PM,0.04,in,A
08/23/2018 11:48:21 AM,08/23/2018 11:48:25 AM,0.04,in,A
08/23/2018 11:26:38 AM,08/23/2018 11:26:55 AM,0.04,in,A
08/23/2018 11:08:44 AM,08/23/2018 11:08:55 AM,0.04,in,A
08/23/2018 09:57:23 AM,08/23/2018 09:57:25 AM,0.04,in,A
08/23/2018 09:08:21 AM,08/23/2018 09:08:25 AM,0.04,in,A
08/23/2018 02:24:44 AM,08/23/2018 02:24:55 AM,0.00,in,A
08/22/2018 02:27:36 PM,08/22/2018 02:27:55 PM,0.00,in,A
08/22/2018 02:30:29 AM,08/22/2018 02:30:55 AM,0.00,in,A
08/21/2018 02:33:21 PM,08/21/2018 02:33:25 PM,0.00,in,A
08/21/2018 02:36:14 AM,08/21/2018 02:36:25 AM,0.00,in,A
08/20/2018 07:25:09 PM,08/20/2018 07:25:25 PM,0.08,in,A
08/20/2018 02:39:06 PM,08/20/2018 02:39:25 PM,0.00,in,A
08/20/2018 01:14:28 PM,08/20/2018 01:14:55 PM,0.04,in,A
08/20/2018 02:41:58 AM,08/20/2018 02:42:25 AM,0.00,in,A
08/20/2018 01:36:45 AM,08/20/2018 01:36:55 AM,0.04,in,A
08/19/2018 07:13:47 PM,08/19/2018 07:13:56 PM,0.04,in,A
08/19/2018 07:06:43 PM,08/19/2018 07:06:56 PM,0.04,in,A
08/19/2018 07:03:48 PM,08/19/2018 07:03:56 PM,0.04,in,A
08/19/2018 07:00:26 PM,08/19/2018 07:00:56 PM,0.04,in,A
08/19/2018 06:56:57 PM,08/19/2018 06:57:25 PM,0.04,in,A
08/19/2018 06:49:41 PM,08/19/2018 06:49:55 PM,0.04,in,A
08/19/2018 06:47:48 PM,08/19/2018 06:47:56 PM,0.04,in,A
08/19/2018 06:46:04 PM,08/19/2018 06:46:25 PM,0.04,in,A
08/19/2018 06:45:21 PM,08/19/2018 06:45:25 PM,0.04,in,A
08/19/2018 06:44:11 PM,08/19/2018 06:44:25 PM,0.04,in,A
08/19/2018 06:43:09 PM,08/19/2018 06:43:26 PM,0.04,in,A
08/19/2018 06:41:59 PM,08/19/2018 06:42:26 PM,0.04,in,A
08/19/2018 06:40:48 PM,08/19/2018 06:40:55 PM,0.04,in,A
08/19/2018 06:38:54 PM,08/19/2018 06:38:55 PM,0.08,in,A
08/19/2018 06:36:44 PM,08/19/2018 06:36:55 PM,0.08,in,A
08/19/2018 06:35:22 PM,08/19/2018 06:35:25 PM,0.04,in,A
08/19/2018 06:34:31 PM,08/19/2018 06:34:55 PM,0.04,in,A
08/19/2018 06:29:43 PM,08/19/2018 06:29:55 PM,0.04,in,A
08/19/2018 06:27:29 PM,08/19/2018 06:27:55 PM,0.04,in,A
08/19/2018 06:25:51 PM,08/19/2018 06:25:55 PM,0.04,in,A
08/19/2018 06:25:05 PM,08/19/2018 06:25:25 PM,0.04,in,A
08/19/2018 06:24:21 PM,08/19/2018 06:24:25 PM,0.04,in,A
08/19/2018 06:23:03 PM,08/19/2018 06:23:25 PM,0.04,in,A
08/19/2018 06:21:00 PM,08/19/2018 06:21:25 PM,0.04,in,A
08/19/2018 06:19:51 PM,08/19/2018 06:19:55 PM,0.08,in,A
08/19/2018 06:17:07 PM,08/19/2018 06:17:25 PM,0.08,in,A
08/19/2018 06:14:12 PM,08/19/2018 06:14:25 PM,0.08,in,A
08/19/2018 06:13:10 PM,08/19/2018 06:13:25 PM,0.04,in,A
08/19/2018 06:10:52 PM,08/19/2018 06:10:55 PM,0.04,in,A
08/19/2018 06:05:58 PM,08/19/2018 06:06:25 PM,0.04,in,A
08/19/2018 05:41:32 PM,08/19/2018 05:41:55 PM,0.04,in,A
08/19/2018 03:23:51 PM,08/19/2018 03:23:55 PM,0.04,in,A
08/19/2018 02:44:33 PM,08/19/2018 02:44:55 PM,0.00,in,A
08/19/2018 02:35:05 PM,08/19/2018 02:35:25 PM,0.04,in,A
08/19/2018 01:29:08 PM,08/19/2018 01:29:25 PM,0.04,in,A
08/19/2018 12:49:38 PM,08/19/2018 12:49:55 PM,0.04,in,A
08/19/2018 02:46:31 AM,08/19/2018 02:46:55 AM,0.00,in,A
08/18/2018 02:48:28 PM,08/18/2018 02:48:55 PM,0.00,in,A
08/18/2018 02:50:25 AM,08/18/2018 02:50:55 AM,0.00,in,A
08/17/2018 02:52:22 PM,08/17/2018 02:52:25 PM,0.00,in,A
08/17/2018 02:54:20 AM,08/17/2018 02:54:25 AM,0.00,in,A
08/16/2018 09:01:41 PM,08/16/2018 09:01:55 PM,0.04,in,A
08/16/2018 09:00:36 PM,08/16/2018 09:00:55 PM,0.04,in,A
08/16/2018 08:59:45 PM,08/16/2018 08:59:55 PM,0.04,in,A
08/16/2018 08:58:51 PM,08/16/2018 08:58:55 PM,0.04,in,A
08/16/2018 08:57:58 PM,08/16/2018 08:58:25 PM,0.04,in,A
08/16/2018 02:56:17 PM,08/16/2018 02:56:25 PM,0.00,in,A
08/16/2018 02:58:14 AM,08/16/2018 02:58:25 AM,0.00,in,A
08/15/2018 05:39:32 PM,08/15/2018 05:39:55 PM,0.04,in,A
08/15/2018 05:08:16 PM,08/15/2018 05:08:25 PM,0.04,in,A
08/15/2018 03:00:11 PM,08/15/2018 03:00:25 PM,0.00,in,A
08/15/2018 01:18:13 PM,08/15/2018 01:18:25 PM,0.04,in,A
08/15/2018 01:09:40 PM,08/15/2018 01:09:55 PM,0.04,in,A
08/15/2018 03:02:09 AM,08/15/2018 03:02:25 AM,0.00,in,A
08/15/2018 12:54:55 AM,08/15/2018 12:55:25 AM,0.04,in,A
08/15/2018 12:49:38 AM,08/15/2018 12:49:55 AM,0.04,in,A
08/15/2018 12:43:43 AM,08/15/2018 12:43:55 AM,0.04,in,A
08/14/2018 06:12:48 PM,08/14/2018 06:12:55 PM,0.04,in,A
08/14/2018 11:23:42 AM,08/14/2018 11:23:55 AM,0.04,in,A
08/14/2018 11:16:54 AM,08/14/2018 11:16:55 AM,0.04,in,A
08/14/2018 07:28:38 AM,08/14/2018 07:28:55 AM,0.08,in,A
08/14/2018 06:29:45 AM,08/14/2018 06:29:55 AM,0.04,in,A
08/14/2018 06:11:34 AM,08/14/2018 06:11:55 AM,0.04,in,A
08/14/2018 04:52:10 AM,08/14/2018 04:52:25 AM,0.04,in,A
08/14/2018 03:06:03 AM,08/14/2018 03:06:25 AM,0.00,in,A
08/13/2018 08:14:54 PM,08/13/2018 08:14:55 PM,0.04,in,A
08/13/2018 08:13:09 PM,08/13/2018 08:13:25 PM,0.04,in,A
08/13/2018 03:08:01 PM,08/13/2018 03:08:25 PM,0.00,in,A
08/13/2018 03:09:58 AM,08/13/2018 03:10:25 AM,0.00,in,A
08/12/2018 03:11:55 PM,08/12/2018 03:12:25 PM,0.00,in,A
08/12/2018 03:13:52 AM,08/12/2018 03:13:55 AM,0.00,in,A
08/11/2018 03:15:50 PM,08/11/2018 03:15:55 PM,0.00,in,A
08/11/2018 03:17:47 AM,08/11/2018 03:17:55 AM,0.00,in,A
08/10/2018 03:19:44 PM,08/10/2018 03:19:55 PM,0.00,in,A
08/10/2018 03:21:41 AM,08/10/2018 03:21:55 AM,0.00,in,A
08/09/2018 03:35:59 PM,08/09/2018 03:36:25 PM,0.04,in,A
08/09/2018 03:23:39 PM,08/09/2018 03:23:55 PM,0.00,in,A
08/09/2018 03:08:41 PM,08/09/2018 03:08:55 PM,0.04,in,A
08/09/2018 03:07:07 PM,08/09/2018 03:07:25 PM,0.04,in,A
08/09/2018 03:05:23 PM,08/09/2018 03:05:25 PM,0.04,in,A
08/09/2018 02:52:09 PM,08/09/2018 02:52:25 PM,0.04,in,A
08/09/2018 02:47:31 PM,08/09/2018 02:47:55 PM,0.04,in,A
08/09/2018 02:44:34 PM,08/09/2018 02:44:55 PM,0.04,in,A
08/09/2018 03:25:36 AM,08/09/2018 03:25:55 AM,0.00,in,A
08/08/2018 03:27:33 PM,08/08/2018 03:27:55 PM,0.00,in,A
08/08/2018 03:29:30 AM,08/08/2018 03:29:55 AM,0.00,in,A
08/07/2018 03:31:28 PM,08/07/2018 03:31:55 PM,0.00,in,A
08/07/2018 08:51:56 AM,08/07/2018 08:52:25 AM,0.04,in,A
08/07/2018 08:21:10 AM,08/07/2018 08:21:25 AM,0.04,in,A
08/07/2018 08:08:15 AM,08/07/2018 08:08:25 AM,0.04,in,A
08/07/2018 07:42:50 AM,08/07/2018 07:42:55 AM,0.04,in,A
08/07/2018 07:03:03 AM,08/07/2018 07:03:25 AM,0.04,in,A
08/07/2018 06:41:48 AM,08/07/2018 06:41:55 AM,0.04,in,A
08/07/2018 06:24:57 AM,08/07/2018 06:25:25 AM,0.04,in,A
08/07/2018 03:33:25 AM,08/07/2018 03:33:55 AM,0.00,in,A
08/06/2018 03:35:22 PM,08/06/2018 03:35:25 PM,0.00,in,A
08/06/2018 03:37:19 AM,08/06/2018 03:37:25 AM,0.00,in,A
08/05/2018 03:39:17 PM,08/05/2018 03:39:25 PM,0.00,in,A
08/05/2018 03:41:14 AM,08/05/2018 03:41:25 AM,0.00,in,A
08/04/2018 03:43:11 PM,08/04/2018 03:43:25 PM,0.00,in,A
08/04/2018 03:45:08 AM,08/04/2018 03:45:25 AM,0.00,in,A
08/03/2018 03:47:05 PM,08/03/2018 03:47:25 PM,0.00,in,A
08/03/2018 03:49:03 AM,08/03/2018 03:49:25 AM,0.00,in,A
08/02/2018 03:51:00 PM,08/02/2018 03:51:25 PM,0.00,in,A
08/02/2018 03:52:57 AM,08/02/2018 03:53:25 AM,0.00,in,A
08/01/2018 03:54:54 PM,08/01/2018 03:54:55 PM,0.00,in,A
08/01/2018 03:56:51 AM,08/01/2018 03:56:55 AM,0.00,in,A
07/31/2018 03:58:49 PM,07/31/2018 03:58:55 PM,0.00,in,A
07/31/2018 04:00:46 AM,07/31/2018 04:00:55 AM,0.00,in,A
07/30/2018 04:02:43 PM,07/30/2018 04:02:55 PM,0.00,in,A
07/30/2018 04:04:40 AM,07/30/2018 04:04:55 AM,0.00,in,A
07/29/2018 04:06:38 PM,07/29/2018 04:06:55 PM,0.00,in,A
07/29/2018 05:43:33 AM,07/29/2018 05:43:55 AM,0.04,in,A
07/29/2018 05:13:55 AM,07/29/2018 05:14:25 AM,0.04,in,A
07/29/2018 05:03:45 AM,07/29/2018 05:03:55 AM,0.04,in,A
07/29/2018 04:08:35 AM,07/29/2018 04:08:55 AM,0.00,in,A
07/28/2018 04:10:32 PM,07/28/2018 04:10:55 PM,0.00,in,A
07/28/2018 04:12:29 AM,07/28/2018 04:12:55 AM,0.00,in,A
07/27/2018 04:14:27 PM,07/27/2018 04:14:55 PM,0.00,in,A
07/27/2018 04:16:24 AM,07/27/2018 04:16:25 AM,0.00,in,A
07/26/2018 04:18:21 PM,07/26/2018 04:18:25 PM,0.00,in,A
07/26/2018 11:04:23 AM,07/26/2018 11:04:25 AM,0.04,in,A
07/26/2018 10:56:40 AM,07/26/2018 10:56:55 AM,0.04,in,A
07/26/2018 10:54:01 AM,07/26/2018 10:54:25 AM,0.04,in,A
07/26/2018 10:50:46 AM,07/26/2018 10:50:55 AM,0.04,in,A
07/26/2018 10:44:19 AM,07/26/2018 10:44:25 AM,0.04,in,A
07/26/2018 10:41:13 AM,07/26/2018 10:41:25 AM,0.04,in,A
07/26/2018 10:38:07 AM,07/26/2018 10:38:25 AM,0.04,in,A
07/26/2018 10:35:17 AM,07/26/2018 10:35:25 AM,0.04,in,A
07/26/2018 10:33:51 AM,07/26/2018 10:33:55 AM,0.04,in,A
07/26/2018 10:32:43 AM,07/26/2018 10:32:55 AM,0.04,in,A
07/26/2018 10:30:02 AM,07/26/2018 10:30:25 AM,0.04,in,A
07/26/2018 10:23:06 AM,07/26/2018 10:23:25 AM,0.04,in,A
07/26/2018 04:20:19 AM,07/26/2018 04:20:25 AM,0.00,in,A
07/25/2018 04:22:16 PM,07/25/2018 04:22:25 PM,0.00,in,A
07/24/2018 04:26:10 PM,07/24/2018 04:26:25 PM,0.00,in,A
07/24/2018 04:28:08 AM,07/24/2018 04:28:25 AM,0.00,in,A
07/23/2018 04:30:05 PM,07/23/2018 04:30:25 PM,0.00,in,A
07/23/2018 04:32:02 AM,07/23/2018 04:32:25 AM,0.00,in,A
07/22/2018 04:33:59 PM,07/22/2018 04:34:25 PM,0.00,in,A
07/22/2018 04:35:56 AM,07/22/2018 04:36:25 AM,0.00,in,A
07/21/2018 04:37:54 PM,07/21/2018 04:37:55 PM,0.00,in,A
07/21/2018 04:39:51 AM,07/21/2018 04:39:55 AM,0.00,in,A
07/20/2018 04:41:48 PM,07/20/2018 04:41:55 PM,0.00,in,A
07/20/2018 04:43:45 AM,07/20/2018 04:43:55 AM,0.00,in,A
07/19/2018 04:45:42 PM,07/19/2018 04:45:55 PM,0.00,in,A
07/19/2018 03:29:37 PM,07/19/2018 03:29:55 PM,0.04,in,A
07/19/2018 03:28:54 PM,07/19/2018 03:28:55 PM,0.04,in,A
07/19/2018 03:28:16 PM,07/19/2018 03:28:25 PM,0.04,in,A
07/19/2018 03:27:47 PM,07/19/2018 03:27:55 PM,0.04,in,A
07/19/2018 03:27:13 PM,07/19/2018 03:27:25 PM,0.04,in,A
07/19/2018 03:26:16 PM,07/19/2018 03:26:25 PM,0.04,in,A
07/19/2018 03:25:23 PM,07/19/2018 03:25:25 PM,0.04,in,A
07/19/2018 03:24:38 PM,07/19/2018 03:24:55 PM,0.04,in,A
07/19/2018 03:23:20 PM,07/19/2018 03:23:25 PM,0.04,in,A
07/19/2018 03:22:03 PM,07/19/2018 03:22:25 PM,0.04,in,A
07/19/2018 03:19:21 PM,07/19/2018 03:19:25 PM,0.04,in,A
07/19/2018 04:47:40 AM,07/19/2018 04:47:55 AM,0.00,in,A
07/18/2018 04:49:37 PM,07/18/2018 04:49:55 PM,0.00,in,A
07/18/2018 04:51:34 AM,07/18/2018 04:51:55 AM,0.00,in,A
07/18/2018 01:15:00 AM,07/18/2018 01:15:25 AM,0.04,in,A
07/17/2018 07:26:23 PM,07/17/2018 07:26:25 PM,0.04,in,A
07/17/2018 06:43:56 PM,07/17/2018 06:44:25 PM,0.04,in,A
07/17/2018 06:32:36 PM,07/17/2018 06:32:55 PM,0.04,in,A
07/17/2018 06:27:20 PM,07/17/2018 06:27:25 PM,0.04,in,A
07/17/2018 06:24:14 PM,07/17/2018 06:24:25 PM,0.08,in,A
07/17/2018 06:21:08 PM,07/17/2018 06:21:25 PM,0.04,in,A
07/17/2018 06:20:05 PM,07/17/2018 06:20:25 PM,0.04,in,A
07/17/2018 06:19:11 PM,07/17/2018 06:19:25 PM,0.08,in,A
07/17/2018 06:17:36 PM,07/17/2018 06:17:55 PM,0.04,in,A
07/17/2018 06:16:51 PM,07/17/2018 06:16:55 PM,0.04,in,A
07/17/2018 06:15:57 PM,07/17/2018 06:16:25 PM,0.04,in,A
07/17/2018 06:15:09 PM,07/17/2018 06:15:25 PM,0.04,in,A
07/17/2018 06:14:35 PM,07/17/2018 06:14:55 PM,0.04,in,A
07/17/2018 06:13:23 PM,07/17/2018 06:13:25 PM,0.04,in,A
07/17/2018 06:12:32 PM,07/17/2018 06:12:55 PM,0.04,in,A
07/17/2018 06:11:38 PM,07/17/2018 06:11:55 PM,0.04,in,A
07/17/2018 06:10:42 PM,07/17/2018 06:10:55 PM,0.04,in,A
07/17/2018 06:09:45 PM,07/17/2018 06:09:55 PM,0.04,in,A
07/17/2018 06:08:58 PM,07/17/2018 06:09:25 PM,0.04,in,A
07/17/2018 06:08:10 PM,07/17/2018 06:08:25 PM,0.04,in,A
07/17/2018 06:07:31 PM,07/17/2018 06:07:55 PM,0.04,in,A
07/17/2018 06:06:53 PM,07/17/2018 06:06:55 PM,0.04,in,A
07/17/2018 06:06:19 PM,07/17/2018 06:06:25 PM,0.04,in,A
07/17/2018 06:05:45 PM,07/17/2018 06:05:55 PM,0.04,in,A
07/17/2018 06:05:09 PM,07/17/2018 06:05:25 PM,0.04,in,A
07/17/2018 06:03:54 PM,07/17/2018 06:03:55 PM,0.04,in,A
07/17/2018 06:02:58 PM,07/17/2018 06:03:25 PM,0.04,in,A
07/17/2018 06:02:27 PM,07/17/2018 06:02:55 PM,0.04,in,A
07/17/2018 06:01:59 PM,07/17/2018 06:02:25 PM,0.04,in,A
07/17/2018 06:01:24 PM,07/17/2018 06:01:25 PM,0.04,in,A
07/17/2018 06:00:54 PM,07/17/2018 06:00:55 PM,0.04,in,A
07/17/2018 06:00:12 PM,07/17/2018 06:00:25 PM,0.04,in,A
07/17/2018 05:59:41 PM,07/17/2018 05:59:55 PM,0.04,in,A
07/17/2018 05:59:13 PM,07/17/2018 05:59:25 PM,0.04,in,A
07/17/2018 05:58:45 PM,07/17/2018 05:58:55 PM,0.04,in,A
07/17/2018 05:58:19 PM,07/17/2018 05:58:25 PM,0.04,in,A
07/17/2018 05:57:50 PM,07/17/2018 05:57:55 PM,0.04,in,A
07/17/2018 05:57:23 PM,07/17/2018 05:57:25 PM,0.04,in,A
07/17/2018 05:57:01 PM,07/17/2018 05:57:25 PM,0.04,in,A
07/17/2018 05:56:39 PM,07/17/2018 05:56:55 PM,0.04,in,A
07/17/2018 05:56:14 PM,07/17/2018 05:56:25 PM,0.04,in,A
07/17/2018 05:55:52 PM,07/17/2018 05:55:55 PM,0.04,in,A
07/17/2018 05:55:27 PM,07/17/2018 05:55:55 PM,0.04,in,A
07/17/2018 05:55:00 PM,07/17/2018 05:55:25 PM,0.04,in,A
07/17/2018 05:54:32 PM,07/17/2018 05:54:55 PM,0.04,in,A
07/17/2018 05:54:05 PM,07/17/2018 05:54:25 PM,0.04,in,A
07/17/2018 05:53:38 PM,07/17/2018 05:53:55 PM,0.04,in,A
07/17/2018 05:53:08 PM,07/17/2018 05:53:25 PM,0.04,in,A
07/17/2018 05:52:29 PM,07/17/2018 05:52:55 PM,0.04,in,A
07/17/2018 05:51:16 PM,07/17/2018 05:51:25 PM,0.04,in,A
07/17/2018 05:48:30 PM,07/17/2018 05:48:55 PM,0.04,in,A
07/17/2018 05:44:35 PM,07/17/2018 05:44:55 PM,0.04,in,A
07/17/2018 04:53:32 PM,07/17/2018 04:53:55 PM,0.00,in,A
07/17/2018 04:55:29 AM,07/17/2018 04:55:55 AM,0.00,in,A
07/16/2018 08:51:54 PM,07/16/2018 08:51:55 PM,0.04,in,A
07/16/2018 04:57:26 PM,07/16/2018 04:57:55 PM,0.00,in,A
07/16/2018 04:59:24 AM,07/16/2018 04:59:25 AM,0.00,in,A
07/15/2018 05:01:21 PM,07/15/2018 05:01:25 PM,0.00,in,A
07/15/2018 05:03:18 AM,07/15/2018 05:03:25 AM,0.00,in,A
07/14/2018 05:05:15 PM,07/14/2018 05:05:25 PM,0.00,in,A
07/14/2018 03:18:22 PM,07/14/2018 03:18:25 PM,0.04,in,A
07/14/2018 02:56:53 PM,07/14/2018 02:56:55 PM,0.04,in,A
07/14/2018 02:53:39 PM,07/14/2018 02:53:55 PM,0.04,in,A
07/14/2018 02:51:57 PM,07/14/2018 02:52:25 PM,0.04,in,A
07/14/2018 02:49:23 PM,07/14/2018 02:49:25 PM,0.04,in,A
07/14/2018 02:45:38 PM,07/14/2018 02:45:55 PM,0.04,in,A
07/14/2018 02:44:05 PM,07/14/2018 02:44:25 PM,0.04,in,A
07/14/2018 02:43:06 PM,07/14/2018 02:43:25 PM,0.04,in,A
07/14/2018 02:41:53 PM,07/14/2018 02:41:55 PM,0.04,in,A
07/14/2018 02:40:21 PM,07/14/2018 02:40:25 PM,0.04,in,A
07/14/2018 02:38:48 PM,07/14/2018 02:38:55 PM,0.04,in,A
07/14/2018 02:36:46 PM,07/14/2018 02:36:55 PM,0.04,in,A
07/14/2018 02:28:58 PM,07/14/2018 02:29:25 PM,0.04,in,A
07/14/2018 02:26:00 PM,07/14/2018 02:26:25 PM,0.04,in,A
07/14/2018 02:22:58 PM,07/14/2018 02:23:25 PM,0.04,in,A
07/14/2018 02:20:05 PM,07/14/2018 02:20:25 PM,0.04,in,A
07/14/2018 02:17:44 PM,07/14/2018 02:17:55 PM,0.04,in,A
07/14/2018 05:07:13 AM,07/14/2018 05:07:25 AM,0.00,in,A
07/13/2018 05:09:10 PM,07/13/2018 05:09:25 PM,0.00,in,A
07/13/2018 05:11:07 AM,07/13/2018 05:11:25 AM,0.00,in,A
07/12/2018 05:13:04 PM,07/12/2018 05:13:25 PM,0.00,in,A
07/12/2018 05:15:01 AM,07/12/2018 05:15:25 AM,0.00,in,A
07/11/2018 05:16:59 PM,07/11/2018 05:17:25 PM,0.00,in,A
07/11/2018 05:18:56 AM,07/11/2018 05:19:25 AM,0.00,in,A
07/10/2018 05:20:53 PM,07/10/2018 05:20:55 PM,0.00,in,A
07/10/2018 05:22:50 AM,07/10/2018 05:22:55 AM,0.00,in,A
07/09/2018 05:24:47 PM,07/09/2018 05:24:55 PM,0.00,in,A
07/09/2018 05:26:44 AM,07/09/2018 05:26:55 AM,0.00,in,A
07/08/2018 05:28:42 PM,07/08/2018 05:28:55 PM,0.00,in,A
07/08/2018 05:30:39 AM,07/08/2018 05:30:55 AM,0.00,in,A
07/07/2018 05:32:36 PM,07/07/2018 05:32:55 PM,0.00,in,A
07/07/2018 05:34:33 AM,07/07/2018 05:34:55 AM,0.00,in,A
07/06/2018 05:36:30 PM,07/06/2018 05:36:55 PM,0.00,in,A
07/06/2018 05:38:28 AM,07/06/2018 05:38:55 AM,0.00,in,A
07/05/2018 05:40:25 PM,07/05/2018 05:40:55 PM,0.00,in,A
07/05/2018 04:57:14 PM,07/05/2018 04:57:25 PM,0.04,in,A
07/05/2018 04:54:23 PM,07/05/2018 04:54:25 PM,0.04,in,A
07/05/2018 04:52:34 PM,07/05/2018 04:52:55 PM,0.04,in,A
07/05/2018 05:42:22 AM,07/05/2018 05:42:25 AM,0.00,in,A
07/04/2018 05:44:19 PM,07/04/2018 05:44:25 PM,0.00,in,A
07/04/2018 05:46:17 AM,07/04/2018 05:46:25 AM,0.00,in,A
07/03/2018 05:48:14 PM,07/03/2018 05:48:25 PM,0.00,in,A
07/03/2018 05:50:11 AM,07/03/2018 05:50:25 AM,0.00,in,A
07/02/2018 05:52:08 PM,07/02/2018 05:52:25 PM,0.00,in,A
07/02/2018 05:54:05 AM,07/02/2018 05:54:25 AM,0.00,in,A
07/01/2018 05:56:02 PM,07/01/2018 05:56:25 PM,0.00,in,A
07/01/2018 08:13:35 AM,07/01/2018 08:13:55 AM,0.04,in,A
07/01/2018 07:35:51 AM,07/01/2018 07:35:55 AM,0.04,in,A
07/01/2018 07:25:58 AM,07/01/2018 07:26:25 AM,0.04,in,A
07/01/2018 07:16:20 AM,07/01/2018 07:16:25 AM,0.04,in,A
07/01/2018 07:02:58 AM,07/01/2018 07:03:25 AM,0.04,in,A
07/01/2018 06:51:58 AM,07/01/2018 06:52:25 AM,0.04,in,A
07/01/2018 06:42:12 AM,07/01/2018 06:42:25 AM,0.04,in,A
07/01/2018 06:30:12 AM,07/01/2018 06:30:25 AM,0.04,in,A
07/01/2018 06:15:36 AM,07/01/2018 06:15:55 AM,0.04,in,A
07/01/2018 05:58:00 AM,07/01/2018 05:58:25 AM,0.00,in,A
07/01/2018 05:48:07 AM,07/01/2018 05:48:25 AM,0.04,in,A
07/01/2018 05:13:51 AM,07/01/2018 05:13:55 AM,0.04,in,A
07/01/2018 04:55:21 AM,07/01/2018 04:55:25 AM,0.04,in,A
07/01/2018 04:42:13 AM,07/01/2018 04:42:25 AM,0.04,in,A
07/01/2018 04:24:31 AM,07/01/2018 04:24:55 AM,0.04,in,A
06/30/2018 05:59:57 PM,06/30/2018 06:00:25 PM,0.00,in,A
06/30/2018 06:01:54 AM,06/30/2018 06:01:55 AM,0.00,in,A
06/29/2018 06:03:51 PM,06/29/2018 06:03:55 PM,0.00,in,A
06/29/2018 06:05:49 AM,06/29/2018 06:05:55 AM,0.00,in,A
06/28/2018 06:07:46 PM,06/28/2018 06:07:55 PM,0.00,in,A
06/28/2018 06:09:43 AM,06/28/2018 06:09:55 AM,0.00,in,A
06/27/2018 06:11:40 PM,06/27/2018 06:11:55 PM,0.00,in,A
06/27/2018 06:13:38 AM,06/27/2018 06:13:55 AM,0.00,in,A
06/26/2018 06:15:35 PM,06/26/2018 06:15:55 PM,0.00,in,A
06/26/2018 01:26:55 PM,06/26/2018 01:27:25 PM,0.04,in,A
06/26/2018 01:23:53 PM,06/26/2018 01:23:55 PM,0.04,in,A
06/26/2018 01:21:32 PM,06/26/2018 01:21:55 PM,0.04,in,A
06/26/2018 01:20:20 PM,06/26/2018 01:20:25 PM,0.04,in,A
06/26/2018 01:19:36 PM,06/26/2018 01:19:55 PM,0.04,in,A
06/26/2018 01:18:43 PM,06/26/2018 01:18:55 PM,0.04,in,A
06/26/2018 01:17:46 PM,06/26/2018 01:17:56 PM,0.04,in,A
06/26/2018 01:13:05 PM,06/26/2018 01:13:26 PM,0.04,in,A
06/26/2018 06:17:32 AM,06/26/2018 06:17:55 AM,0.00,in,A
06/25/2018 06:19:29 PM,06/25/2018 06:19:55 PM,0.00,in,A
06/25/2018 08:00:26 AM,06/25/2018 08:00:55 AM,0.04,in,A
06/25/2018 07:18:45 AM,06/25/2018 07:18:55 AM,0.08,in,A
06/25/2018 06:45:34 AM,06/25/2018 06:45:55 AM,0.04,in,A
06/25/2018 06:21:27 AM,06/25/2018 06:21:55 AM,0.00,in,A
06/24/2018 06:23:24 PM,06/24/2018 06:23:25 PM,0.00,in,A
06/24/2018 01:55:11 PM,06/24/2018 01:55:25 PM,0.04,in,A
06/24/2018 06:25:21 AM,06/24/2018 06:25:25 AM,0.00,in,A
06/23/2018 06:27:18 PM,06/23/2018 06:27:25 PM,0.00,in,A
06/23/2018 06:29:15 AM,06/23/2018 06:29:25 AM,0.00,in,A
06/22/2018 06:31:13 PM,06/22/2018 06:31:25 PM,0.00,in,A
06/22/2018 10:33:37 AM,06/22/2018 10:33:55 AM,0.04,in,A
06/22/2018 06:33:10 AM,06/22/2018 06:33:25 AM,0.00,in,A
06/21/2018 06:35:07 PM,06/21/2018 06:35:25 PM,0.00,in,A
06/21/2018 01:03:14 PM,06/21/2018 01:03:25 PM,0.04,in,A
06/20/2018 06:39:02 PM,06/20/2018 06:39:25 PM,0.00,in,A
06/20/2018 06:40:59 AM,06/20/2018 06:41:25 AM,0.00,in,A
06/19/2018 06:42:56 PM,06/19/2018 06:43:25 PM,0.00,in,A
06/19/2018 02:06:35 PM,06/19/2018 02:06:55 PM,0.04,in,A
06/19/2018 02:05:03 PM,06/19/2018 02:05:25 PM,0.04,in,A
06/19/2018 02:02:03 PM,06/19/2018 02:02:25 PM,0.04,in,A
06/19/2018 02:00:31 PM,06/19/2018 02:00:55 PM,0.04,in,A
06/19/2018 01:58:38 PM,06/19/2018 01:58:55 PM,0.08,in,A
06/19/2018 01:53:28 PM,06/19/2018 01:53:55 PM,0.04,in,A
06/19/2018 01:51:15 PM,06/19/2018 01:51:25 PM,0.04,in,A
06/19/2018 01:48:29 PM,06/19/2018 01:48:55 PM,0.08,in,A
06/19/2018 01:45:51 PM,06/19/2018 01:45:55 PM,0.04,in,A
06/19/2018 01:45:17 PM,06/19/2018 01:45:25 PM,0.04,in,A
06/19/2018 01:44:42 PM,06/19/2018 01:44:56 PM,0.04,in,A
06/19/2018 01:44:02 PM,06/19/2018 01:44:25 PM,0.04,in,A
06/19/2018 01:43:24 PM,06/19/2018 01:43:26 PM,0.04,in,A
06/19/2018 01:42:40 PM,06/19/2018 01:42:55 PM,0.04,in,A
06/19/2018 01:41:48 PM,06/19/2018 01:41:55 PM,0.04,in,A
06/19/2018 01:40:56 PM,06/19/2018 01:41:26 PM,0.04,in,A
06/19/2018 01:39:48 PM,06/19/2018 01:39:56 PM,0.04,in,A
06/19/2018 01:38:11 PM,06/19/2018 01:38:25 PM,0.04,in,A
06/19/2018 01:36:15 PM,06/19/2018 01:36:25 PM,0.04,in,A
06/19/2018 01:35:08 PM,06/19/2018 01:35:26 PM,0.04,in,A
06/19/2018 06:44:54 AM,06/19/2018 06:44:55 AM,0.00,in,A
06/18/2018 06:46:51 PM,06/18/2018 06:46:55 PM,0.00,in,A
06/18/2018 06:48:48 AM,06/18/2018 06:48:55 AM,0.00,in,A
06/17/2018 06:50:45 PM,06/17/2018 06:50:55 PM,0.00,in,A
06/17/2018 06:52:43 AM,06/17/2018 06:52:55 AM,0.00,in,A
06/16/2018 06:54:40 PM,06/16/2018 06:54:55 PM,0.00,in,A
06/16/2018 06:56:37 AM,06/16/2018 06:56:55 AM,0.00,in,A
06/15/2018 06:58:34 PM,06/15/2018 06:58:55 PM,0.00,in,A
06/15/2018 07:00:31 AM,06/15/2018 07:00:55 AM,0.00,in,A
06/14/2018 07:02:29 PM,06/14/2018 07:02:55 PM,0.00,in,A
06/13/2018 07:06:23 PM,06/13/2018 07:06:25 PM,0.00,in,A
06/13/2018 07:08:20 AM,06/13/2018 07:08:25 AM,0.00,in,A
06/12/2018 07:10:17 PM,06/12/2018 07:10:25 PM,0.00,in,A
06/12/2018 07:12:15 AM,06/12/2018 07:12:25 AM,0.00,in,A
06/12/2018 01:42:18 AM,06/12/2018 01:42:25 AM,0.04,in,A
06/12/2018 01:21:37 AM,06/12/2018 01:21:55 AM,0.04,in,A
06/12/2018 01:16:21 AM,06/12/2018 01:16:25 AM,0.04,in,A
06/12/2018 01:12:47 AM,06/12/2018 01:12:55 AM,0.04,in,A
06/12/2018 01:10:04 AM,06/12/2018 01:10:25 AM,0.04,in,A
06/12/2018 01:08:05 AM,06/12/2018 01:08:25 AM,0.04,in,A
06/12/2018 01:06:03 AM,06/12/2018 01:06:25 AM,0.04,in,A
06/12/2018 01:04:09 AM,06/12/2018 01:04:25 AM,0.04,in,A
06/11/2018 07:14:12 PM,06/11/2018 07:14:25 PM,0.00,in,A
06/11/2018 07:16:09 AM,06/11/2018 07:16:25 AM,0.00,in,A
06/10/2018 07:18:06 PM,06/10/2018 07:18:25 PM,0.00,in,A
06/10/2018 07:20:03 AM,06/10/2018 07:20:25 AM,0.00,in,A
06/09/2018 07:22:01 PM,06/09/2018 07:22:25 PM,0.00,in,A
06/09/2018 07:23:58 AM,06/09/2018 07:24:25 AM,0.00,in,A
06/08/2018 07:25:55 PM,06/08/2018 07:26:25 PM,0.00,in,A
06/08/2018 07:27:52 AM,06/08/2018 07:27:55 AM,0.00,in,A
06/07/2018 07:29:49 PM,06/07/2018 07:29:55 PM,0.00,in,A
06/07/2018 07:31:47 AM,06/07/2018 07:31:55 AM,0.00,in,A
06/06/2018 07:33:44 PM,06/06/2018 07:33:55 PM,0.00,in,A
06/06/2018 07:35:41 AM,06/06/2018 07:35:55 AM,0.00,in,A
06/05/2018 07:37:38 PM,06/05/2018 07:37:55 PM,0.00,in,A
06/05/2018 07:39:35 AM,06/05/2018 07:39:55 AM,0.00,in,A
06/04/2018 07:41:32 PM,06/04/2018 07:41:55 PM,0.00,in,A
06/04/2018 07:43:30 AM,06/04/2018 07:43:55 AM,0.00,in,A
06/03/2018 07:45:27 PM,06/03/2018 07:45:55 PM,0.00,in,A
06/03/2018 07:47:24 AM,06/03/2018 07:47:25 AM,0.00,in,A
06/02/2018 07:49:21 PM,06/02/2018 07:49:25 PM,0.00,in,A
06/02/2018 07:51:19 AM,06/02/2018 07:51:25 AM,0.00,in,A
06/02/2018 05:22:42 AM,06/02/2018 05:22:56 AM,0.04,in,A
06/01/2018 07:53:16 PM,06/01/2018 07:53:25 PM,0.00,in,A
05/31/2018 07:57:10 PM,05/31/2018 07:57:25 PM,0.00,in,A
05/31/2018 07:59:08 AM,05/31/2018 07:59:25 AM,0.00,in,A
05/30/2018 08:01:05 PM,05/30/2018 08:01:25 PM,0.00,in,A
05/30/2018 08:03:02 AM,05/30/2018 08:03:25 AM,0.00,in,A
05/30/2018 02:27:50 AM,05/30/2018 02:27:55 AM,0.08,in,A
05/30/2018 12:29:35 AM,05/30/2018 12:29:55 AM,0.04,in,A
05/30/2018 12:28:03 AM,05/30/2018 12:28:25 AM,0.04,in,A
05/30/2018 12:26:27 AM,05/30/2018 12:26:55 AM,0.04,in,A
05/30/2018 12:24:51 AM,05/30/2018 12:24:56 AM,0.04,in,A
05/30/2018 12:22:53 AM,05/30/2018 12:22:55 AM,0.04,in,A
05/29/2018 08:04:59 PM,05/29/2018 08:05:25 PM,0.00,in,A
05/29/2018 07:05:01 PM,05/29/2018 07:05:25 PM,0.04,in,A
05/29/2018 08:06:56 AM,05/29/2018 08:07:25 AM,0.00,in,A
05/28/2018 08:08:54 PM,05/28/2018 08:08:55 PM,0.00,in,A
05/28/2018 08:10:51 AM,05/28/2018 08:10:55 AM,0.00,in,A
05/27/2018 08:12:48 PM,05/27/2018 08:12:55 PM,0.00,in,A
05/27/2018 08:14:45 AM,05/27/2018 08:14:55 AM,0.00,in,A
05/26/2018 08:16:43 PM,05/26/2018 08:16:55 PM,0.00,in,A
05/26/2018 08:18:40 AM,05/26/2018 08:18:55 AM,0.00,in,A
05/25/2018 08:20:37 PM,05/25/2018 08:20:55 PM,0.00,in,A
05/25/2018 08:22:34 AM,05/25/2018 08:22:55 AM,0.04,in,A
05/25/2018 05:58:43 AM,05/25/2018 05:58:55 AM,0.04,in,A
05/25/2018 05:49:52 AM,05/25/2018 05:49:56 AM,0.08,in,A
05/25/2018 05:46:33 AM,05/25/2018 05:46:56 AM,0.08,in,A
05/25/2018 05:44:10 AM,05/25/2018 05:44:26 AM,0.04,in,A
05/25/2018 05:43:21 AM,05/25/2018 05:43:26 AM,0.04,in,A
05/25/2018 05:42:27 AM,05/25/2018 05:42:56 AM,0.04,in,A
05/25/2018 05:41:32 AM,05/25/2018 05:41:55 AM,0.04,in,A
05/25/2018 05:40:25 AM,05/25/2018 05:40:55 AM,0.04,in,A
05/25/2018 05:38:31 AM,05/25/2018 05:38:56 AM,0.04,in,A
05/25/2018 05:35:12 AM,05/25/2018 05:35:26 AM,0.04,in,A
05/25/2018 05:31:54 AM,05/25/2018 05:31:55 AM,0.04,in,A
05/25/2018 05:30:10 AM,05/25/2018 05:30:26 AM,0.04,in,A
05/25/2018 05:18:03 AM,05/25/2018 05:18:25 AM,0.04,in,A
05/25/2018 04:45:14 AM,05/25/2018 04:45:25 AM,0.04,in,A
05/25/2018 04:42:13 AM,05/25/2018 04:42:25 AM,0.04,in,A
05/25/2018 04:40:30 AM,05/25/2018 04:40:56 AM,0.04,in,A
05/25/2018 04:18:11 AM,05/25/2018 04:18:25 AM,0.04,in,A
05/25/2018 04:02:20 AM,05/25/2018 04:02:25 AM,0.04,in,A
05/25/2018 03:11:53 AM,05/25/2018 03:11:56 AM,0.04,in,A
05/25/2018 02:23:59 AM,05/25/2018 02:24:25 AM,0.04,in,A
05/25/2018 02:18:13 AM,05/25/2018 02:18:25 AM,0.04,in,A
05/24/2018 10:05:41 PM,05/24/2018 10:05:55 PM,0.04,in,A
05/24/2018 09:03:33 PM,05/24/2018 09:03:55 PM,0.04,in,A
05/24/2018 08:35:46 PM,05/24/2018 08:35:55 PM,0.04,in,A
05/24/2018 08:24:32 PM,05/24/2018 08:24:55 PM,0.00,in,A
05/24/2018 08:14:05 PM,05/24/2018 08:14:25 PM,0.04,in,A
05/24/2018 08:26:29 AM,05/24/2018 08:26:55 AM,0.00,in,A
05/23/2018 08:28:26 PM,05/23/2018 08:28:55 PM,0.00,in,A
05/23/2018 08:30:24 AM,05/23/2018 08:30:25 AM,0.00,in,A
05/22/2018 08:32:21 PM,05/22/2018 08:32:25 PM,0.00,in,A
05/21/2018 11:07:21 PM,05/21/2018 11:07:25 PM,0.00,in,A
05/21/2018 11:10:13 AM,05/21/2018 11:10:25 AM,0.00,in,A
05/20/2018 11:13:05 PM,05/20/2018 11:13:25 PM,0.00,in,A
05/20/2018 09:36:32 AM,05/20/2018 09:36:55 AM,0.04,in,A
05/20/2018 09:07:16 AM,05/20/2018 09:07:25 AM,0.04,in,A
05/20/2018 08:25:57 AM,05/20/2018 08:26:25 AM,0.08,in,A
05/20/2018 07:55:43 AM,05/20/2018 07:55:55 AM,0.04,in,A
05/20/2018 07:52:21 AM,05/20/2018 07:52:25 AM,0.04,in,A
05/20/2018 07:49:44 AM,05/20/2018 07:49:55 AM,0.04,in,A
05/20/2018 07:48:54 AM,05/20/2018 07:48:55 AM,0.08,in,A
05/20/2018 07:47:30 AM,05/20/2018 07:47:55 AM,0.04,in,A
05/20/2018 07:46:47 AM,05/20/2018 07:46:55 AM,0.04,in,A
05/20/2018 07:45:30 AM,05/20/2018 07:45:55 AM,0.04,in,A
05/20/2018 07:44:16 AM,05/20/2018 07:44:25 AM,0.04,in,A
05/20/2018 07:41:32 AM,05/20/2018 07:41:55 AM,0.04,in,A
05/20/2018 07:37:41 AM,05/20/2018 07:37:55 AM,0.04,in,A
05/20/2018 07:33:42 AM,05/20/2018 07:33:55 AM,0.04,in,A
05/20/2018 07:31:03 AM,05/20/2018 07:31:25 AM,0.04,in,A
05/20/2018 07:26:39 AM,05/20/2018 07:26:55 AM,0.04,in,A
05/20/2018 07:22:54 AM,05/20/2018 07:22:55 AM,0.04,in,A
05/20/2018 07:19:48 AM,05/20/2018 07:19:55 AM,0.04,in,A
05/20/2018 06:52:08 AM,05/20/2018 06:52:25 AM,0.04,in,A
05/19/2018 11:18:12 PM,05/19/2018 11:18:25 PM,0.00,in,A
05/19/2018 11:20:09 AM,05/19/2018 11:20:25 AM,0.00,in,A
05/19/2018 08:40:09 AM,05/19/2018 08:40:25 AM,0.04,in,A
05/19/2018 08:18:38 AM,05/19/2018 08:18:55 AM,0.04,in,A
05/19/2018 07:58:59 AM,05/19/2018 07:59:25 AM,0.04,in,A
05/19/2018 07:34:45 AM,05/19/2018 07:34:55 AM,0.04,in,A
05/19/2018 05:42:58 AM,05/19/2018 05:43:25 AM,0.04,in,A
05/19/2018 05:12:07 AM,05/19/2018 05:12:25 AM,0.04,in,A
05/18/2018 11:22:07 PM,05/18/2018 11:22:25 PM,0.00,in,A
05/18/2018 11:24:04 AM,05/18/2018 11:24:25 AM,0.00,in,A
05/17/2018 11:26:01 PM,05/17/2018 11:26:25 PM,0.00,in,A
05/17/2018 11:27:58 AM,05/17/2018 11:28:25 AM,0.00,in,A
05/17/2018 03:01:38 AM,05/17/2018 03:01:55 AM,0.04,in,A
05/17/2018 02:54:16 AM,05/17/2018 02:54:25 AM,0.04,in,A
05/16/2018 11:29:55 PM,05/16/2018 11:30:25 PM,0.00,in,A
05/16/2018 11:31:53 AM,05/16/2018 11:31:55 AM,0.00,in,A
05/15/2018 11:33:50 PM,05/15/2018 11:33:55 PM,0.00,in,A
05/15/2018 11:35:47 AM,05/15/2018 11:35:55 AM,0.00,in,A
05/14/2018 11:37:44 PM,05/14/2018 11:37:55 PM,0.00,in,A
05/14/2018 10:05:10 PM,05/14/2018 10:05:25 PM,0.04,in,A
05/14/2018 11:39:42 AM,05/14/2018 11:39:55 AM,0.00,in,A
05/13/2018 11:41:39 PM,05/13/2018 11:41:55 PM,0.00,in,A
05/13/2018 11:43:36 AM,05/13/2018 11:43:55 AM,0.00,in,A
05/12/2018 11:45:33 PM,05/12/2018 11:45:55 PM,0.00,in,A
05/12/2018 11:47:30 AM,05/12/2018 11:47:55 AM,0.00,in,A
05/11/2018 11:49:28 PM,05/11/2018 11:49:55 PM,0.00,in,A
05/11/2018 07:50:35 AM,05/11/2018 07:50:55 AM,0.04,in,A
05/11/2018 07:25:44 AM,05/11/2018 07:25:55 AM,0.04,in,A
05/10/2018 11:53:22 PM,05/10/2018 11:53:25 PM,0.00,in,A
05/10/2018 11:55:19 AM,05/10/2018 11:55:25 AM,0.00,in,A
05/09/2018 11:57:16 PM,05/09/2018 11:57:25 PM,0.00,in,A
05/09/2018 12:01:11 AM,05/09/2018 12:01:25 AM,0.00,in,A
05/08/2018 12:03:08 PM,05/08/2018 12:03:25 PM,0.00,in,A
05/08/2018 12:05:05 AM,05/08/2018 12:05:25 AM,0.00,in,A
05/07/2018 12:07:03 PM,05/07/2018 12:07:25 PM,0.00,in,A
05/06/2018 12:10:57 PM,05/06/2018 12:11:25 PM,0.00,in,A
05/06/2018 12:12:54 AM,05/06/2018 12:12:55 AM,0.00,in,A
05/05/2018 12:14:51 PM,05/05/2018 12:14:55 PM,0.00,in,A
05/05/2018 12:16:48 AM,05/05/2018 12:16:55 AM,0.00,in,A
05/04/2018 12:18:46 PM,05/04/2018 12:18:55 PM,0.00,in,A
05/04/2018 12:20:43 AM,05/04/2018 12:20:55 AM,0.00,in,A
05/03/2018 11:40:59 PM,05/03/2018 11:41:25 PM,0.04,in,A
05/03/2018 11:38:21 PM,05/03/2018 11:38:25 PM,0.04,in,A
05/03/2018 11:34:36 PM,05/03/2018 11:34:55 PM,0.04,in,A
05/03/2018 11:33:35 PM,05/03/2018 11:33:55 PM,0.04,in,A
05/03/2018 11:31:57 PM,05/03/2018 11:32:25 PM,0.08,in,A
05/03/2018 12:22:40 PM,05/03/2018 12:22:55 PM,0.00,in,A
05/03/2018 12:24:37 AM,05/03/2018 12:24:55 AM,0.00,in,A
05/02/2018 10:04:51 PM,05/02/2018 10:04:55 PM,0.04,in,A
05/02/2018 09:56:30 PM,05/02/2018 09:56:55 PM,0.04,in,A
05/02/2018 09:43:30 PM,05/02/2018 09:43:55 PM,0.04,in,A
05/02/2018 09:30:38 PM,05/02/2018 09:30:56 PM,0.04,in,A
05/02/2018 09:27:07 PM,05/02/2018 09:27:26 PM,0.04,in,A
05/02/2018 09:25:42 PM,05/02/2018 09:25:56 PM,0.04,in,A
05/02/2018 09:24:30 PM,05/02/2018 09:24:56 PM,0.04,in,A
05/02/2018 09:22:26 PM,05/02/2018 09:22:56 PM,0.08,in,A
05/02/2018 09:20:53 PM,05/02/2018 09:20:56 PM,0.04,in,A
05/02/2018 09:20:08 PM,05/02/2018 09:20:26 PM,0.04,in,A
05/02/2018 06:44:35 AM,05/02/2018 06:44:55 AM,0.04,in,A
05/02/2018 12:28:32 AM,05/02/2018 12:28:55 AM,0.00,in,A
05/01/2018 12:29:00 PM,05/01/2018 12:29:25 PM,0.00,in,A
05/01/2018 12:27:56 PM,05/01/2018 12:28:25 PM,0.00,in,A
05/01/2018 12:27:47 PM,05/01/2018 12:27:55 PM,0.04,in,A
04/30/2018 08:23:06 AM,04/30/2018 08:23:25 AM,0.00,in,A
04/29/2018 08:25:03 PM,04/29/2018 08:25:25 PM,0.00,in,A
04/29/2018 08:27:00 AM,04/29/2018 08:27:25 AM,0.00,in,A
04/28/2018 08:28:57 PM,04/28/2018 08:29:25 PM,0.00,in,A
04/28/2018 08:30:54 AM,04/28/2018 08:30:55 AM,0.00,in,A
04/27/2018 08:32:51 PM,04/27/2018 08:32:55 PM,0.00,in,A
04/27/2018 08:34:49 AM,04/27/2018 08:34:55 AM,0.00,in,A
04/26/2018 08:36:45 PM,04/26/2018 08:36:55 PM,0.00,in,A
04/26/2018 08:38:42 AM,04/26/2018 08:38:55 AM,0.00,in,A
04/25/2018 08:40:39 PM,04/25/2018 08:40:55 PM,0.00,in,A
04/25/2018 07:04:33 PM,04/25/2018 07:04:55 PM,0.04,in,A
04/25/2018 04:27:36 PM,04/25/2018 04:27:55 PM,0.04,in,A
04/25/2018 03:51:26 PM,04/25/2018 03:51:55 PM,0.04,in,A
04/25/2018 03:01:13 PM,04/25/2018 03:01:25 PM,0.04,in,A
04/25/2018 02:21:09 PM,04/25/2018 02:21:25 PM,0.04,in,A
04/25/2018 01:48:30 PM,04/25/2018 01:48:55 PM,0.04,in,A
04/25/2018 01:23:33 PM,04/25/2018 01:23:55 PM,0.04,in,A
04/25/2018 12:43:33 PM,04/25/2018 12:43:55 PM,0.04,in,A
04/25/2018 08:42:36 AM,04/25/2018 08:42:55 AM,0.00,in,A
04/24/2018 08:44:33 PM,04/24/2018 08:44:55 PM,0.00,in,A
04/24/2018 08:46:30 AM,04/24/2018 08:46:55 AM,0.00,in,A
04/23/2018 08:48:27 PM,04/23/2018 08:48:55 PM,0.00,in,A
04/23/2018 08:50:24 AM,04/23/2018 08:50:25 AM,0.00,in,A
04/22/2018 08:52:21 PM,04/22/2018 08:52:25 PM,0.00,in,A
04/22/2018 12:11:09 PM,04/22/2018 12:11:25 PM,0.04,in,A
04/22/2018 10:28:04 AM,04/22/2018 10:28:25 AM,0.04,in,A
04/22/2018 10:02:37 AM,04/22/2018 10:02:55 AM,0.04,in,A
04/22/2018 09:09:26 AM,04/22/2018 09:09:55 AM,0.04,in,A
04/22/2018 08:54:18 AM,04/22/2018 08:54:25 AM,0.00,in,A
04/22/2018 07:31:02 AM,04/22/2018 07:31:25 AM,0.04,in,A
04/22/2018 06:01:26 AM,04/22/2018 06:01:55 AM,0.04,in,A
04/21/2018 08:56:15 PM,04/21/2018 08:56:25 PM,0.00,in,A
04/20/2018 09:02:06 AM,04/20/2018 09:02:25 AM,0.00,in,A
04/19/2018 09:04:03 PM,04/19/2018 09:04:25 PM,0.00,in,A
04/19/2018 09:06:00 AM,04/19/2018 09:06:25 AM,0.00,in,A
04/18/2018 09:07:57 PM,04/18/2018 09:08:25 PM,0.00,in,A
04/17/2018 09:11:50 PM,04/17/2018 09:11:55 PM,0.00,in,A
04/17/2018 09:13:47 AM,04/17/2018 09:13:55 AM,0.00,in,A
04/16/2018 09:17:41 AM,04/16/2018 09:17:55 AM,0.00,in,A
04/15/2018 09:19:37 PM,04/15/2018 09:19:55 PM,0.00,in,A
04/15/2018 09:21:34 AM,04/15/2018 09:21:55 AM,0.00,in,A
04/14/2018 09:23:30 PM,04/14/2018 09:23:55 PM,0.00,in,A
04/14/2018 09:25:27 AM,04/14/2018 09:25:55 AM,0.00,in,A
04/13/2018 09:27:24 PM,04/13/2018 09:27:57 PM,0.00,in,A
04/12/2018 09:31:18 PM,04/12/2018 09:31:54 PM,0.00,in,A
04/12/2018 09:33:15 AM,04/12/2018 09:33:35 AM,0.00,in,A
04/11/2018 09:35:12 PM,04/11/2018 09:35:33 PM,0.00,in,A
04/11/2018 09:37:09 AM,04/11/2018 09:37:40 AM,0.00,in,A
04/10/2018 09:39:06 PM,04/10/2018 09:39:10 PM,0.00,in,A
04/09/2018 09:44:56 AM,04/09/2018 09:45:22 AM,0.00,in,A
04/09/2018 09:20:25 AM,04/09/2018 09:20:54 AM,0.04,in,A
04/09/2018 08:34:55 AM,04/09/2018 08:35:25 AM,0.04,in,A
04/08/2018 09:46:52 PM,04/08/2018 09:47:00 PM,0.00,in,A
04/08/2018 04:39:09 PM,04/08/2018 04:39:12 PM,0.04,in,A
04/08/2018 12:37:07 PM,04/08/2018 12:37:12 PM,0.04,in,A
04/08/2018 09:48:49 AM,04/08/2018 09:49:16 AM,0.00,in,A
04/07/2018 09:50:46 PM,04/07/2018 09:51:07 PM,0.00,in,A
04/07/2018 09:52:42 AM,04/07/2018 09:52:51 AM,0.00,in,A
04/06/2018 09:54:39 PM,04/06/2018 09:55:03 PM,0.00,in,A
04/06/2018 09:56:35 AM,04/06/2018 09:56:51 AM,0.00,in,A
04/05/2018 09:58:32 PM,04/05/2018 09:58:43 PM,0.00,in,A
04/05/2018 10:00:29 AM,04/05/2018 10:00:58 AM,0.00,in,A
04/04/2018 10:02:26 PM,04/04/2018 10:02:40 PM,0.00,in,A
04/04/2018 10:04:23 AM,04/04/2018 10:04:25 AM,0.00,in,A
04/03/2018 10:06:19 PM,04/03/2018 10:06:25 PM,0.00,in,A
04/03/2018 10:08:15 AM,04/03/2018 10:08:25 AM,0.00,in,A
04/03/2018 08:16:29 AM,04/03/2018 08:16:55 AM,0.04,in,A
04/03/2018 06:30:56 AM,04/03/2018 06:31:25 AM,0.04,in,A
04/03/2018 04:39:10 AM,04/03/2018 04:39:25 AM,0.04,in,A
04/03/2018 02:41:44 AM,04/03/2018 02:41:55 AM,0.04,in,A
04/02/2018 11:17:29 PM,04/02/2018 11:17:55 PM,0.04,in,A
04/02/2018 10:10:12 PM,04/02/2018 10:10:25 PM,0.00,in,A
04/02/2018 08:18:51 PM,04/02/2018 08:18:55 PM,0.04,in,A
04/02/2018 06:36:48 PM,04/02/2018 06:36:55 PM,0.04,in,A
04/02/2018 05:36:20 PM,04/02/2018 05:36:25 PM,0.04,in,A
04/02/2018 04:50:09 PM,04/02/2018 04:50:25 PM,0.04,in,A
04/02/2018 04:14:42 PM,04/02/2018 04:14:55 PM,0.04,in,A
04/02/2018 03:07:18 PM,04/02/2018 03:07:25 PM,0.04,in,A
04/02/2018 01:40:40 PM,04/02/2018 01:40:55 PM,0.04,in,A
04/02/2018 10:12:08 AM,04/02/2018 10:12:25 AM,0.00,in,A
04/01/2018 10:14:05 PM,04/01/2018 10:14:25 PM,0.00,in,A
04/01/2018 10:16:01 AM,04/01/2018 10:16:25 AM,0.00,in,A
03/31/2018 10:17:58 PM,03/31/2018 10:18:25 PM,0.00,in,A
03/30/2018 10:21:52 PM,03/30/2018 10:21:55 PM,0.00,in,A
03/30/2018 10:23:49 AM,03/30/2018 10:23:55 AM,0.00,in,A
03/29/2018 10:25:45 PM,03/29/2018 10:25:55 PM,0.00,in,A
03/29/2018 10:27:42 AM,03/29/2018 10:27:55 AM,0.00,in,A
03/28/2018 10:29:39 PM,03/28/2018 10:29:55 PM,0.00,in,A
03/28/2018 06:54:36 PM,03/28/2018 06:54:55 PM,0.04,in,A
03/28/2018 03:04:00 PM,03/28/2018 03:04:25 PM,0.04,in,A
03/28/2018 10:31:36 AM,03/28/2018 10:31:55 AM,0.00,in,A
03/27/2018 10:33:32 PM,03/27/2018 10:33:55 PM,0.00,in,A
03/27/2018 10:35:29 AM,03/27/2018 10:35:55 AM,0.00,in,A
03/26/2018 11:03:05 PM,03/26/2018 11:03:25 PM,0.04,in,A
03/26/2018 10:59:05 PM,03/26/2018 10:59:25 PM,0.04,in,A
03/26/2018 10:43:58 PM,03/26/2018 10:44:25 PM,0.04,in,A
03/26/2018 10:37:26 PM,03/26/2018 10:37:55 PM,0.00,in,A
03/26/2018 07:00:07 PM,03/26/2018 07:00:25 PM,0.08,in,A
03/26/2018 11:05:01 AM,03/26/2018 11:05:25 AM,0.04,in,A
03/26/2018 10:39:23 AM,03/26/2018 10:39:25 AM,0.00,in,A
03/26/2018 10:35:22 AM,03/26/2018 10:35:25 AM,0.04,in,A
03/26/2018 10:03:30 AM,03/26/2018 10:03:55 AM,0.04,in,A
03/26/2018 09:21:19 AM,03/26/2018 09:21:25 AM,0.04,in,A
03/26/2018 09:09:38 AM,03/26/2018 09:09:55 AM,0.08,in,A
03/26/2018 08:54:28 AM,03/26/2018 08:54:55 AM,0.04,in,A
03/26/2018 08:43:02 AM,03/26/2018 08:43:25 AM,0.04,in,A
03/26/2018 08:35:00 AM,03/26/2018 08:35:25 AM,0.08,in,A
03/26/2018 08:26:47 AM,03/26/2018 08:26:55 AM,0.04,in,A
03/26/2018 08:23:34 AM,03/26/2018 08:24:23 AM,0.04,in,A
03/26/2018 08:18:41 AM,03/26/2018 08:18:55 AM,0.04,in,A
03/26/2018 08:14:43 AM,03/26/2018 08:14:55 AM,0.04,in,A
03/26/2018 08:05:33 AM,03/26/2018 08:05:55 AM,0.04,in,A
03/26/2018 07:55:09 AM,03/26/2018 07:55:25 AM,0.04,in,A
03/26/2018 07:42:22 AM,03/26/2018 07:42:25 AM,0.04,in,A
03/26/2018 07:40:35 AM,03/26/2018 07:40:55 AM,0.04,in,A
03/26/2018 07:37:47 AM,03/26/2018 07:37:55 AM,0.04,in,A
03/26/2018 07:34:13 AM,03/26/2018 07:34:25 AM,0.08,in,A
03/26/2018 07:26:40 AM,03/26/2018 07:26:55 AM,0.04,in,A
03/26/2018 07:20:35 AM,03/26/2018 07:20:55 AM,0.04,in,A
03/26/2018 07:16:57 AM,03/26/2018 07:17:25 AM,0.04,in,A
03/26/2018 07:15:14 AM,03/26/2018 07:15:25 AM,0.04,in,A
03/26/2018 07:12:24 AM,03/26/2018 07:12:25 AM,0.04,in,A
03/26/2018 07:03:35 AM,03/26/2018 07:03:55 AM,0.04,in,A
03/26/2018 06:55:24 AM,03/26/2018 06:55:25 AM,0.04,in,A
03/26/2018 06:47:30 AM,03/26/2018 06:47:55 AM,0.04,in,A
03/26/2018 06:23:39 AM,03/26/2018 06:23:55 AM,0.08,in,A
03/26/2018 05:20:04 AM,03/26/2018 05:20:25 AM,0.04,in,A
03/26/2018 05:18:39 AM,03/26/2018 05:18:55 AM,0.04,in,A
03/25/2018 10:41:20 PM,03/25/2018 10:41:25 PM,0.00,in,A
03/25/2018 10:43:17 AM,03/25/2018 10:43:25 AM,0.00,in,A
03/24/2018 10:45:13 PM,03/24/2018 10:45:25 PM,0.00,in,A
03/24/2018 10:47:10 AM,03/24/2018 10:47:25 AM,0.00,in,A
03/23/2018 10:49:07 PM,03/23/2018 10:49:25 PM,0.00,in,A
03/23/2018 10:51:04 AM,03/23/2018 10:51:25 AM,0.00,in,A
03/22/2018 10:53:01 PM,03/22/2018 10:53:25 PM,0.00,in,A
03/22/2018 10:54:58 AM,03/22/2018 10:55:25 AM,0.00,in,A
03/21/2018 10:56:54 PM,03/21/2018 10:56:55 PM,0.00,in,A
03/21/2018 10:58:51 AM,03/21/2018 10:58:55 AM,0.00,in,A
03/20/2018 11:00:48 PM,03/20/2018 11:00:55 PM,0.00,in,A
03/20/2018 11:02:44 AM,03/20/2018 11:02:55 AM,0.00,in,A
03/20/2018 09:16:44 AM,03/20/2018 09:16:55 AM,0.04,in,A
03/19/2018 11:04:41 PM,03/19/2018 11:04:55 PM,0.00,in,A
03/19/2018 11:06:38 AM,03/19/2018 11:06:55 AM,0.00,in,A
03/19/2018 11:02:42 AM,03/19/2018 11:02:55 AM,0.04,in,A
03/19/2018 10:40:03 AM,03/19/2018 10:40:25 AM,0.04,in,A
03/19/2018 10:23:07 AM,03/19/2018 10:23:25 AM,0.08,in,A
03/19/2018 10:03:44 AM,03/19/2018 10:03:56 AM,0.04,in,A
03/19/2018 09:56:54 AM,03/19/2018 09:56:56 AM,0.04,in,A
03/19/2018 09:51:37 AM,03/19/2018 09:51:55 AM,0.04,in,A
03/19/2018 09:46:03 AM,03/19/2018 09:46:25 AM,0.04,in,A
03/19/2018 09:41:29 AM,03/19/2018 09:41:56 AM,0.04,in,A
03/19/2018 09:37:10 AM,03/19/2018 09:37:25 AM,0.04,in,A
03/19/2018 09:32:39 AM,03/19/2018 09:32:56 AM,0.04,in,A
03/19/2018 09:27:50 AM,03/19/2018 09:27:55 AM,0.04,in,A
03/19/2018 09:23:52 AM,03/19/2018 09:23:55 AM,0.04,in,A
03/19/2018 09:19:18 AM,03/19/2018 09:19:25 AM,0.04,in,A
03/19/2018 09:13:43 AM,03/19/2018 09:13:55 AM,0.04,in,A
03/19/2018 09:07:47 AM,03/19/2018 09:07:55 AM,0.04,in,A
03/19/2018 09:01:16 AM,03/19/2018 09:01:25 AM,0.04,in,A
03/19/2018 08:53:56 AM,03/19/2018 08:54:25 AM,0.04,in,A
03/19/2018 08:46:55 AM,03/19/2018 08:46:55 AM,0.04,in,A
03/19/2018 08:40:46 AM,03/19/2018 08:40:55 AM,0.04,in,A
03/19/2018 08:34:19 AM,03/19/2018 08:34:26 AM,0.04,in,A
03/19/2018 08:27:17 AM,03/19/2018 08:27:25 AM,0.08,in,A
03/19/2018 08:14:14 AM,03/19/2018 08:14:26 AM,0.04,in,A
03/19/2018 08:06:13 AM,03/19/2018 08:06:25 AM,0.04,in,A
03/19/2018 08:01:03 AM,03/19/2018 08:01:25 AM,0.04,in,A
03/19/2018 07:56:04 AM,03/19/2018 07:56:25 AM,0.04,in,A
03/19/2018 07:50:48 AM,03/19/2018 07:50:55 AM,0.04,in,A
03/19/2018 07:46:33 AM,03/19/2018 07:46:55 AM,0.04,in,A
03/19/2018 07:42:23 AM,03/19/2018 07:42:25 AM,0.04,in,A
03/19/2018 07:37:34 AM,03/19/2018 07:37:55 AM,0.04,in,A
03/19/2018 07:31:08 AM,03/19/2018 07:31:25 AM,0.04,in,A
03/19/2018 07:24:09 AM,03/19/2018 07:24:25 AM,0.04,in,A
03/19/2018 07:16:59 AM,03/19/2018 07:17:25 AM,0.04,in,A
03/19/2018 07:09:05 AM,03/19/2018 07:09:25 AM,0.04,in,A
03/19/2018 07:00:34 AM,03/19/2018 07:00:55 AM,0.04,in,A
03/19/2018 06:50:30 AM,03/19/2018 06:50:55 AM,0.04,in,A
03/19/2018 06:38:27 AM,03/19/2018 06:38:55 AM,0.04,in,A
03/19/2018 06:10:23 AM,03/19/2018 06:10:25 AM,0.04,in,A
03/19/2018 02:57:57 AM,03/19/2018 02:58:25 AM,0.04,in,A
03/19/2018 02:39:31 AM,03/19/2018 02:39:56 AM,0.04,in,A
03/19/2018 02:20:27 AM,03/19/2018 02:20:55 AM,0.04,in,A
03/19/2018 02:09:18 AM,03/19/2018 02:09:25 AM,0.04,in,A
03/19/2018 01:53:12 AM,03/19/2018 01:53:25 AM,0.04,in,A
03/19/2018 01:37:20 AM,03/19/2018 01:37:25 AM,0.04,in,A
03/19/2018 01:15:33 AM,03/19/2018 01:15:55 AM,0.04,in,A
03/18/2018 11:08:35 PM,03/18/2018 11:08:55 PM,0.00,in,A
03/18/2018 11:10:32 AM,03/18/2018 11:10:55 AM,0.00,in,A
03/17/2018 11:12:29 PM,03/17/2018 11:12:55 PM,0.00,in,A
03/17/2018 11:14:26 AM,03/17/2018 11:14:55 AM,0.00,in,A
03/16/2018 11:16:22 PM,03/16/2018 11:16:25 PM,0.00,in,A
03/16/2018 11:18:19 AM,03/16/2018 11:18:25 AM,0.00,in,A
03/16/2018 10:40:07 AM,03/16/2018 10:40:25 AM,0.04,in,A
03/16/2018 06:37:06 AM,03/16/2018 06:37:25 AM,0.04,in,A
03/16/2018 05:58:38 AM,03/16/2018 05:58:55 AM,0.04,in,A
03/15/2018 11:20:16 PM,03/15/2018 11:20:25 PM,0.00,in,A
03/15/2018 11:22:13 AM,03/15/2018 11:22:25 AM,0.00,in,A
03/14/2018 11:24:09 PM,03/14/2018 11:24:25 PM,0.00,in,A
03/14/2018 11:26:06 AM,03/14/2018 11:26:25 AM,0.00,in,A
03/13/2018 11:28:03 PM,03/13/2018 11:28:25 PM,0.00,in,A
03/13/2018 11:29:59 AM,03/13/2018 11:30:25 AM,0.00,in,A
03/12/2018 11:31:56 PM,03/12/2018 11:32:25 PM,0.00,in,A
03/12/2018 11:33:52 AM,03/12/2018 11:33:55 AM,0.00,in,A
03/11/2018 11:35:49 PM,03/11/2018 11:35:55 PM,0.00,in,A
03/11/2018 11:37:46 AM,03/11/2018 11:37:55 AM,0.00,in,A
03/10/2018 10:41:39 AM,03/10/2018 10:41:55 AM,0.00,in,A
03/09/2018 10:43:35 PM,03/09/2018 10:43:55 PM,0.00,in,A
03/09/2018 10:45:33 AM,03/09/2018 10:45:55 AM,0.00,in,A
03/08/2018 10:47:29 PM,03/08/2018 10:47:55 PM,0.00,in,A
03/08/2018 10:49:25 AM,03/08/2018 10:49:55 AM,0.00,in,A
03/07/2018 10:51:22 PM,03/07/2018 10:51:25 PM,0.00,in,A
03/07/2018 10:53:18 AM,03/07/2018 10:53:25 AM,0.00,in,A
03/06/2018 10:55:15 PM,03/06/2018 10:55:25 PM,0.00,in,A
03/06/2018 10:57:11 AM,03/06/2018 10:57:25 AM,0.00,in,A
03/05/2018 10:59:08 PM,03/05/2018 10:59:25 PM,0.00,in,A
03/05/2018 11:01:05 AM,03/05/2018 11:01:25 AM,0.00,in,A
03/04/2018 11:03:02 PM,03/04/2018 11:03:25 PM,0.00,in,A
03/04/2018 11:04:59 AM,03/04/2018 11:05:25 AM,0.00,in,A
03/03/2018 11:06:55 PM,03/03/2018 11:07:25 PM,0.00,in,A
03/03/2018 11:08:52 AM,03/03/2018 11:08:55 AM,0.00,in,A
03/02/2018 11:10:49 PM,03/02/2018 11:10:55 PM,0.00,in,A
03/02/2018 11:12:45 AM,03/02/2018 11:12:55 AM,0.00,in,A
03/01/2018 11:14:42 PM,03/01/2018 11:14:55 PM,0.00,in,A
03/01/2018 11:16:39 AM,03/01/2018 11:16:55 AM,0.00,in,A
02/28/2018 11:18:35 PM,02/28/2018 11:18:55 PM,0.00,in,A
02/28/2018 11:20:32 AM,02/28/2018 11:20:55 AM,0.00,in,A
02/27/2018 11:22:29 PM,02/27/2018 11:22:55 PM,0.00,in,A
02/27/2018 11:24:26 AM,02/27/2018 11:24:55 AM,0.00,in,A
02/26/2018 11:26:22 PM,02/26/2018 11:26:25 PM,0.00,in,A
02/26/2018 11:28:19 AM,02/26/2018 11:28:25 AM,0.00,in,A
02/25/2018 11:30:15 PM,02/25/2018 11:30:25 PM,0.00,in,A
02/25/2018 11:32:12 AM,02/25/2018 11:32:25 AM,0.00,in,A
02/24/2018 11:34:08 PM,02/24/2018 11:34:25 PM,0.00,in,A
02/24/2018 03:10:37 PM,02/24/2018 03:10:55 PM,0.04,in,A
02/24/2018 12:10:19 PM,02/24/2018 12:10:25 PM,0.04,in,A
02/24/2018 11:36:05 AM,02/24/2018 11:36:25 AM,0.00,in,A
02/24/2018 04:15:14 AM,02/24/2018 04:15:25 AM,0.04,in,A
02/24/2018 02:04:57 AM,02/24/2018 02:05:25 AM,0.04,in,A
02/24/2018 12:54:30 AM,02/24/2018 12:54:55 AM,0.04,in,A
02/23/2018 11:38:01 PM,02/23/2018 11:38:25 PM,0.00,in,A
02/23/2018 10:38:53 PM,02/23/2018 10:38:55 PM,0.04,in,A
02/23/2018 09:33:17 PM,02/23/2018 09:33:25 PM,0.08,in,A
02/23/2018 11:39:58 AM,02/23/2018 11:40:25 AM,0.00,in,A
02/23/2018 10:13:25 AM,02/23/2018 10:13:55 AM,0.04,in,A
02/23/2018 03:00:32 AM,02/23/2018 03:00:55 AM,0.04,in,A
02/22/2018 11:41:54 PM,02/22/2018 11:41:55 PM,0.04,in,A
02/22/2018 08:45:55 PM,02/22/2018 08:46:25 PM,0.04,in,A
02/22/2018 05:27:58 PM,02/22/2018 05:28:25 PM,0.04,in,A
02/22/2018 03:24:31 PM,02/22/2018 03:24:55 PM,0.04,in,A
02/22/2018 01:11:34 PM,02/22/2018 01:11:55 PM,0.04,in,A
02/22/2018 12:01:09 PM,02/22/2018 12:01:25 PM,0.04,in,A
02/22/2018 11:43:51 AM,02/22/2018 11:43:55 AM,0.00,in,A
02/21/2018 11:45:47 PM,02/21/2018 11:45:55 PM,0.00,in,A
02/21/2018 03:30:10 PM,02/21/2018 03:30:25 PM,0.04,in,A
02/21/2018 02:23:35 PM,02/21/2018 02:23:55 PM,0.04,in,A
02/21/2018 01:33:21 PM,02/21/2018 01:33:25 PM,0.04,in,A
02/21/2018 11:47:43 AM,02/21/2018 11:47:55 AM,0.00,in,A
02/20/2018 11:51:36 AM,02/20/2018 11:51:55 AM,0.00,in,A
02/20/2018 10:46:51 AM,02/20/2018 10:46:55 AM,0.04,in,A
02/20/2018 10:02:40 AM,02/20/2018 10:02:55 AM,0.04,in,A
02/20/2018 09:52:22 AM,02/20/2018 09:52:25 AM,0.08,in,A
02/20/2018 08:52:49 AM,02/20/2018 08:52:55 AM,0.04,in,A
02/20/2018 08:07:22 AM,02/20/2018 08:07:25 AM,0.04,in,A
02/20/2018 03:12:59 AM,02/20/2018 03:13:25 AM,0.04,in,A
02/20/2018 12:39:52 AM,02/20/2018 12:39:55 AM,0.04,in,A
02/20/2018 12:18:59 AM,02/20/2018 12:19:25 AM,0.04,in,A
02/20/2018 12:14:57 AM,02/20/2018 12:15:25 AM,0.04,in,A
02/20/2018 12:08:30 AM,02/20/2018 12:08:56 AM,0.04,in,A
02/20/2018 12:04:10 AM,02/20/2018 12:08:54 AM,0.04,in,A
02/19/2018 11:54:20 PM,02/19/2018 11:54:25 PM,0.04,in,A
02/19/2018 11:53:33 PM,02/19/2018 11:53:55 PM,0.00,in,A
02/19/2018 11:50:56 PM,02/19/2018 11:51:25 PM,0.04,in,A
02/19/2018 08:00:07 PM,02/19/2018 08:00:25 PM,0.04,in,A
02/19/2018 11:55:29 AM,02/19/2018 11:55:55 AM,0.00,in,A
02/18/2018 11:57:26 PM,02/18/2018 11:57:55 PM,0.00,in,A
02/18/2018 11:59:23 AM,02/18/2018 11:59:25 AM,0.00,in,A
02/18/2018 12:01:19 AM,02/18/2018 12:01:25 AM,0.00,in,A
02/17/2018 12:03:16 PM,02/17/2018 12:03:25 PM,0.00,in,A
02/17/2018 10:38:27 AM,02/17/2018 10:38:55 AM,0.04,in,A
02/17/2018 07:09:03 AM,02/17/2018 07:09:25 AM,0.04,in,A
02/17/2018 12:05:12 AM,02/17/2018 12:05:25 AM,0.00,in,A
02/16/2018 12:07:08 PM,02/16/2018 12:07:25 PM,0.00,in,A
02/16/2018 12:09:05 AM,02/16/2018 12:09:25 AM,0.00,in,A
02/15/2018 12:11:02 PM,02/15/2018 12:11:25 PM,0.00,in,A
02/15/2018 12:12:58 AM,02/15/2018 12:13:25 AM,0.00,in,A
02/14/2018 12:14:55 PM,02/14/2018 12:15:25 PM,0.00,in,A
02/14/2018 12:16:51 AM,02/14/2018 12:16:55 AM,0.00,in,A
02/13/2018 12:18:47 PM,02/13/2018 12:18:55 PM,0.00,in,A
02/13/2018 12:20:44 AM,02/13/2018 12:20:55 AM,0.00,in,A
02/12/2018 12:22:40 PM,02/12/2018 12:22:55 PM,0.00,in,A
02/12/2018 12:24:36 AM,02/12/2018 12:24:55 AM,0.00,in,A
02/11/2018 12:26:33 PM,02/11/2018 12:26:55 PM,0.00,in,A
02/11/2018 12:28:29 AM,02/11/2018 12:28:55 AM,0.00,in,A
02/10/2018 12:30:25 PM,02/10/2018 12:30:55 PM,0.00,in,A
02/10/2018 12:32:21 AM,02/10/2018 12:32:25 AM,0.00,in,A
02/09/2018 12:34:17 PM,02/09/2018 12:34:25 PM,0.00,in,A
02/09/2018 12:36:13 AM,02/09/2018 12:36:25 AM,0.00,in,A
02/08/2018 12:38:10 PM,02/08/2018 12:38:25 PM,0.00,in,A
02/08/2018 12:40:06 AM,02/08/2018 12:40:25 AM,0.00,in,A
02/07/2018 12:42:02 PM,02/07/2018 12:42:25 PM,0.00,in,A
02/07/2018 12:43:58 AM,02/07/2018 12:44:25 AM,0.00,in,A
02/06/2018 12:45:54 PM,02/06/2018 12:45:55 PM,0.00,in,A
02/06/2018 12:47:50 AM,02/06/2018 12:47:55 AM,0.00,in,A
02/05/2018 12:49:46 PM,02/05/2018 12:49:55 PM,0.00,in,A
02/05/2018 12:51:42 AM,02/05/2018 12:51:55 AM,0.00,in,A
02/04/2018 12:53:38 PM,02/04/2018 12:53:55 PM,0.00,in,A
02/04/2018 12:55:35 AM,02/04/2018 01:04:42 AM,0.00,in,A
02/03/2018 12:57:31 PM,02/03/2018 12:57:55 PM,0.00,in,A
02/03/2018 12:59:28 AM,02/03/2018 12:59:55 AM,0.00,in,A
02/02/2018 01:01:24 PM,02/02/2018 01:01:25 PM,0.00,in,A
02/02/2018 01:03:20 AM,02/02/2018 01:03:25 AM,0.00,in,A
02/01/2018 01:05:16 PM,02/01/2018 01:05:25 PM,0.00,in,A
02/01/2018 01:07:13 AM,02/01/2018 01:07:25 AM,0.00,in,A
01/31/2018 01:09:10 PM,01/31/2018 01:09:25 PM,0.00,in,A
01/31/2018 01:11:06 AM,01/31/2018 01:11:25 AM,0.00,in,A
01/30/2018 01:13:03 PM,01/30/2018 01:13:25 PM,0.00,in,A
01/30/2018 01:14:59 AM,01/30/2018 01:15:25 AM,0.00,in,A
01/29/2018 01:18:51 AM,01/29/2018 01:18:55 AM,0.00,in,A
01/28/2018 01:20:48 PM,01/28/2018 01:20:55 PM,0.00,in,A
01/28/2018 01:22:44 AM,01/28/2018 01:22:55 AM,0.00,in,A
01/27/2018 01:24:40 PM,01/27/2018 01:24:55 PM,0.00,in,A
01/27/2018 01:26:37 AM,01/27/2018 01:26:55 AM,0.00,in,A
01/26/2018 01:28:34 PM,01/26/2018 01:28:55 PM,0.00,in,A
01/26/2018 01:30:31 AM,01/26/2018 01:30:55 AM,0.00,in,A
01/25/2018 01:32:27 PM,01/25/2018 01:32:55 PM,0.00,in,A
01/25/2018 01:34:24 AM,01/25/2018 01:34:25 AM,0.00,in,A
01/24/2018 01:36:20 PM,01/24/2018 01:36:25 PM,0.00,in,A
01/24/2018 01:38:16 AM,01/24/2018 11:34:59 AM,0.00,in,A
01/23/2018 01:40:12 PM,01/24/2018 11:34:59 AM,0.00,in,A
01/23/2018 12:03:56 PM,01/24/2018 11:34:59 AM,0.04,in,A
01/23/2018 01:42:09 AM,01/24/2018 11:34:59 AM,0.00,in,A
01/22/2018 01:44:05 PM,01/24/2018 11:34:59 AM,0.00,in,A
01/22/2018 01:46:02 AM,01/24/2018 11:34:59 AM,0.00,in,A
01/21/2018 01:47:58 PM,01/24/2018 11:34:59 AM,0.00,in,A
01/21/2018 01:49:55 AM,01/24/2018 11:34:59 AM,0.00,in,A
01/20/2018 01:53:48 AM,01/24/2018 11:34:59 AM,0.00,in,A
01/19/2018 01:55:44 PM,01/24/2018 11:34:59 AM,0.00,in,A
01/19/2018 01:57:40 AM,01/24/2018 11:34:59 AM,0.00,in,A
01/18/2018 01:59:37 PM,01/24/2018 11:34:59 AM,0.00,in,A
01/18/2018 02:01:33 AM,01/24/2018 11:34:59 AM,0.00,in,A
01/17/2018 02:03:29 PM,01/24/2018 11:34:59 AM,0.00,in,A
01/17/2018 02:05:25 AM,01/24/2018 11:34:59 AM,0.00,in,A
01/16/2018 02:07:20 PM,01/24/2018 11:34:59 AM,0.00,in,A
01/16/2018 02:09:16 AM,01/24/2018 11:34:59 AM,0.00,in,A
01/15/2018 02:11:12 PM,01/24/2018 11:34:59 AM,0.00,in,A
01/15/2018 02:13:08 AM,01/24/2018 11:34:59 AM,0.00,in,A
01/14/2018 02:15:04 PM,01/24/2018 11:34:59 AM,0.00,in,A
01/14/2018 12:11:25 PM,01/24/2018 11:34:59 AM,0.04,in,A
01/14/2018 02:17:00 AM,01/24/2018 11:34:59 AM,0.00,in,A
01/13/2018 02:18:56 PM,01/24/2018 11:34:59 AM,0.00,in,A
01/13/2018 02:20:52 AM,01/24/2018 11:34:59 AM,0.00,in,A
01/12/2018 02:22:48 PM,01/24/2018 11:34:59 AM,0.00,in,A
01/12/2018 02:24:44 AM,01/24/2018 11:34:59 AM,0.00,in,A
01/11/2018 02:26:41 PM,01/24/2018 11:34:59 AM,0.00,in,A
01/11/2018 08:01:38 AM,01/24/2018 11:34:59 AM,0.04,in,A
01/11/2018 07:40:29 AM,01/24/2018 11:34:59 AM,0.04,in,A
01/11/2018 07:25:00 AM,01/24/2018 11:34:59 AM,0.04,in,A
01/11/2018 07:19:51 AM,01/24/2018 11:34:59 AM,0.04,in,A
01/11/2018 07:15:43 AM,01/24/2018 11:34:59 AM,0.04,in,A
01/11/2018 07:11:14 AM,01/24/2018 11:34:59 AM,0.04,in,A
01/11/2018 06:51:54 AM,01/24/2018 11:34:59 AM,0.04,in,A
01/11/2018 06:35:43 AM,01/24/2018 11:34:59 AM,0.04,in,A
01/11/2018 05:32:57 AM,01/24/2018 11:34:59 AM,0.04,in,A
01/11/2018 04:27:36 AM,01/24/2018 11:34:59 AM,0.04,in,A
01/11/2018 02:28:37 AM,01/24/2018 11:34:59 AM,0.00,in,A
01/10/2018 02:30:34 PM,01/24/2018 11:34:59 AM,0.00,in,A
01/10/2018 02:32:30 AM,01/24/2018 11:34:59 AM,0.00,in,A
01/09/2018 02:34:27 PM,01/24/2018 11:34:59 AM,0.00,in,A
01/09/2018 10:38:31 AM,01/24/2018 11:34:59 AM,0.04,in,A
01/09/2018 02:36:23 AM,01/24/2018 11:34:59 AM,0.00,in,A
01/08/2018 02:38:19 PM,01/24/2018 11:34:59 AM,0.00,in,A
01/08/2018 02:40:15 AM,01/24/2018 11:34:59 AM,0.00,in,A
01/07/2018 03:01:39 PM,01/24/2018 11:34:59 AM,0.04,in,A
01/07/2018 02:42:12 PM,01/24/2018 11:34:59 AM,0.00,in,A
01/07/2018 01:31:16 PM,01/24/2018 11:34:59 AM,0.04,in,A
01/07/2018 12:11:15 PM,01/24/2018 11:34:59 AM,0.04,in,A
01/07/2018 11:15:47 AM,01/24/2018 11:34:59 AM,0.04,in,A
01/07/2018 08:15:56 AM,01/24/2018 11:34:59 AM,0.04,in,A
01/07/2018 02:44:08 AM,01/24/2018 11:34:59 AM,0.00,in,A
01/06/2018 02:46:04 PM,01/24/2018 11:34:59 AM,0.00,in,A
01/06/2018 02:48:00 AM,01/24/2018 11:34:59 AM,0.00,in,A
01/05/2018 02:49:56 PM,01/24/2018 11:34:59 AM,0.00,in,A
01/05/2018 02:51:52 AM,01/24/2018 11:34:58 AM,0.00,in,A
01/04/2018 02:55:44 AM,01/24/2018 11:34:58 AM,0.00,in,A
01/03/2018 02:57:40 PM,01/24/2018 11:34:58 AM,0.00,in,A
01/03/2018 02:59:36 AM,01/24/2018 11:34:58 AM,0.00,in,A
01/02/2018 03:01:32 PM,01/24/2018 11:34:58 AM,0.00,in,A
01/02/2018 03:03:28 AM,01/24/2018 11:34:58 AM,0.00,in,AN
01/01/2018 03:07:19 AM,01/01/2018 03:07:25 AM,0.00,in,A
12/31/2017 03:09:15 PM,12/31/2017 03:09:25 PM,0.00,in,A
12/31/2017 03:11:10 AM,12/31/2017 03:11:25 AM,0.00,in,A
12/30/2017 03:13:06 PM,12/30/2017 03:13:25 PM,0.00,in,A
12/29/2017 03:16:59 PM,12/29/2017 03:17:25 PM,0.00,in,A
12/29/2017 03:18:55 AM,12/29/2017 03:19:25 AM,0.00,in,A
12/28/2017 03:20:51 PM,12/28/2017 03:20:55 PM,0.00,in,A
12/27/2017 03:24:43 PM,12/27/2017 03:24:55 PM,0.00,in,A
12/27/2017 03:26:39 AM,12/27/2017 03:26:55 AM,0.00,in,A
12/26/2017 03:28:35 PM,12/26/2017 03:28:55 PM,0.00,in,A
12/26/2017 03:30:31 AM,12/26/2017 03:30:55 AM,0.00,in,A
12/25/2017 03:32:27 PM,12/25/2017 03:32:55 PM,0.00,in,A
12/25/2017 03:34:24 AM,12/25/2017 03:34:25 AM,0.00,in,A
12/24/2017 03:36:20 PM,12/24/2017 03:36:25 PM,0.00,in,A
12/23/2017 03:40:13 PM,12/23/2017 03:40:25 PM,0.00,in,A
12/23/2017 03:42:09 AM,12/23/2017 03:42:25 AM,0.00,in,A
12/22/2017 03:44:06 PM,12/22/2017 03:44:25 PM,0.00,in,A
12/22/2017 03:46:03 AM,12/22/2017 03:46:25 AM,0.00,in,A
12/21/2017 03:47:59 PM,12/21/2017 03:48:25 PM,0.00,in,A
12/21/2017 03:49:56 AM,12/21/2017 03:50:25 AM,0.00,in,A
12/20/2017 03:51:53 PM,12/20/2017 03:51:55 PM,0.00,in,A
12/19/2017 03:55:47 PM,12/19/2017 03:55:55 PM,0.00,in,A
12/19/2017 03:57:43 AM,12/19/2017 03:57:55 AM,0.00,in,A
12/18/2017 03:59:40 PM,12/18/2017 03:59:55 PM,0.00,in,A
12/17/2017 04:03:34 PM,12/17/2017 04:03:55 PM,0.00,in,A
12/17/2017 07:44:41 AM,12/17/2017 07:44:55 AM,0.04,in,A
12/17/2017 07:00:46 AM,12/17/2017 07:00:55 AM,0.04,in,A
12/17/2017 06:36:53 AM,12/17/2017 06:36:55 AM,0.04,in,A
12/17/2017 06:11:38 AM,12/17/2017 06:11:55 AM,0.04,in,A
12/17/2017 05:50:36 AM,12/17/2017 05:50:55 AM,0.04,in,A
12/17/2017 05:32:03 AM,12/17/2017 05:32:25 AM,0.04,in,A
12/17/2017 05:17:11 AM,12/17/2017 05:17:25 AM,0.04,in,A
12/17/2017 04:47:42 AM,12/17/2017 04:47:55 AM,0.04,in,A
12/17/2017 04:05:30 AM,12/17/2017 04:05:55 AM,0.00,in,A
12/16/2017 04:09:24 AM,12/16/2017 04:09:25 AM,0.00,in,A
12/15/2017 04:11:20 PM,12/15/2017 04:11:25 PM,0.00,in,A
12/15/2017 04:13:17 AM,12/15/2017 04:13:25 AM,0.00,in,A
12/14/2017 04:15:14 PM,12/14/2017 04:15:25 PM,0.00,in,A
12/14/2017 04:17:10 AM,12/14/2017 04:17:25 AM,0.00,in,A
12/13/2017 04:19:07 PM,12/13/2017 04:19:25 PM,0.00,in,A
12/13/2017 04:21:04 AM,12/13/2017 04:21:25 AM,0.00,in,A
12/12/2017 04:23:00 PM,12/12/2017 04:23:25 PM,0.00,in,A
12/12/2017 04:24:57 AM,12/12/2017 04:25:25 AM,0.00,in,A
12/11/2017 04:26:53 PM,12/11/2017 04:26:55 PM,0.00,in,A
12/11/2017 04:28:50 AM,12/11/2017 04:28:55 AM,0.00,in,A
12/10/2017 04:30:47 PM,12/10/2017 04:30:55 PM,0.00,in,A
12/10/2017 04:32:43 AM,12/10/2017 04:32:55 AM,0.00,in,A
12/09/2017 04:34:40 PM,12/09/2017 04:34:55 PM,0.00,in,A
12/09/2017 04:36:36 AM,12/09/2017 04:36:55 AM,0.00,in,A
12/08/2017 04:38:33 PM,12/08/2017 04:38:55 PM,0.00,in,A
12/08/2017 04:40:29 AM,12/08/2017 04:40:55 AM,0.00,in,A
12/07/2017 04:44:21 AM,12/07/2017 04:44:25 AM,0.00,in,A
12/06/2017 04:46:18 PM,12/06/2017 04:46:25 PM,0.00,in,A
12/06/2017 04:48:15 AM,12/06/2017 04:48:25 AM,0.00,in,A
12/05/2017 04:50:12 PM,12/05/2017 04:50:25 PM,0.00,in,A
12/05/2017 04:52:08 AM,12/05/2017 04:52:25 AM,0.00,in,A
12/04/2017 04:54:05 PM,12/04/2017 04:54:25 PM,0.00,in,A
12/04/2017 04:56:02 AM,12/04/2017 04:56:25 AM,0.00,in,A
12/03/2017 04:57:59 PM,12/03/2017 04:58:25 PM,0.00,in,A
12/03/2017 04:59:56 AM,12/03/2017 05:00:25 AM,0.00,in,A
12/02/2017 05:01:53 PM,12/02/2017 05:01:55 PM,0.00,in,A
12/01/2017 05:05:46 PM,12/01/2017 05:05:55 PM,0.00,in,A
12/01/2017 05:07:43 AM,12/01/2017 05:07:55 AM,0.00,in,A
11/30/2017 05:09:39 PM,11/30/2017 05:09:55 PM,0.00,in,A
11/30/2017 05:11:36 AM,11/30/2017 05:11:55 AM,0.00,in,A
11/29/2017 05:13:33 PM,11/29/2017 05:13:55 PM,0.00,in,A
11/29/2017 05:15:30 AM,11/29/2017 05:15:55 AM,0.00,in,A
11/28/2017 05:17:27 PM,11/28/2017 05:17:55 PM,0.00,in,A
11/28/2017 05:19:24 AM,11/28/2017 05:19:25 AM,0.00,in,A
11/27/2017 05:21:21 PM,11/27/2017 05:21:25 PM,0.00,in,A
11/27/2017 05:23:18 AM,11/27/2017 05:23:25 AM,0.00,in,A
11/26/2017 05:25:15 PM,11/26/2017 05:25:25 PM,0.00,in,A
11/26/2017 05:27:11 AM,11/26/2017 05:27:25 AM,0.00,in,A
11/25/2017 05:29:08 PM,11/25/2017 05:29:25 PM,0.00,in,A
11/25/2017 05:31:05 AM,11/25/2017 05:31:25 AM,0.00,in,A
11/24/2017 05:33:02 PM,11/24/2017 05:33:25 PM,0.00,in,A
11/24/2017 05:34:59 AM,11/24/2017 05:35:25 AM,0.00,in,A
11/23/2017 05:36:56 PM,11/23/2017 05:37:25 PM,0.00,in,A
11/23/2017 05:38:52 AM,11/23/2017 05:38:55 AM,0.00,in,A
11/22/2017 05:40:49 PM,11/22/2017 05:40:55 PM,0.00,in,A
11/22/2017 05:42:45 AM,11/22/2017 05:42:55 AM,0.00,in,A
11/21/2017 05:44:42 PM,11/21/2017 05:44:55 PM,0.00,in,A
11/21/2017 05:46:39 AM,11/21/2017 05:46:55 AM,0.00,in,A
11/20/2017 05:48:36 PM,11/20/2017 05:48:55 PM,0.00,in,A
11/20/2017 05:50:33 AM,11/20/2017 05:50:55 AM,0.00,in,A
11/19/2017 05:52:29 PM,11/19/2017 05:52:55 PM,0.00,in,A
11/19/2017 05:54:26 AM,11/19/2017 05:54:55 AM,0.00,in,A
11/18/2017 05:56:23 PM,11/18/2017 05:56:25 PM,0.00,in,A
11/18/2017 09:53:29 AM,11/18/2017 09:53:55 AM,0.04,in,A
11/18/2017 09:15:04 AM,11/18/2017 09:15:25 AM,0.04,in,A
11/18/2017 06:25:41 AM,11/18/2017 06:25:55 AM,0.04,in,A
11/18/2017 05:58:20 AM,11/18/2017 05:58:25 AM,0.00,in,A
11/17/2017 06:02:14 AM,11/17/2017 06:02:25 AM,0.00,in,A
11/16/2017 06:04:11 PM,11/16/2017 06:04:25 PM,0.00,in,A
11/16/2017 06:06:07 AM,11/16/2017 06:06:25 AM,0.00,in,A
11/15/2017 06:08:05 PM,11/15/2017 06:08:25 PM,0.00,in,A
11/15/2017 06:10:01 AM,11/15/2017 06:10:25 AM,0.00,in,A
11/14/2017 06:11:58 PM,11/14/2017 06:12:25 PM,0.00,in,A
11/14/2017 06:13:55 AM,11/14/2017 06:14:25 AM,0.00,in,A
11/13/2017 06:15:52 PM,11/13/2017 06:15:55 PM,0.00,in,A
11/13/2017 06:17:49 AM,11/13/2017 06:17:55 AM,0.00,in,A
11/12/2017 06:21:43 AM,11/12/2017 06:21:55 AM,0.04,in,A
11/11/2017 09:17:54 PM,11/11/2017 09:17:55 PM,0.04,in,A
11/11/2017 06:23:39 PM,11/11/2017 06:23:55 PM,0.00,in,A
11/11/2017 06:15:15 PM,11/11/2017 06:15:25 PM,0.04,in,A
11/11/2017 04:23:44 PM,11/11/2017 04:23:55 PM,0.04,in,A
11/11/2017 02:34:27 PM,11/11/2017 02:34:55 PM,0.04,in,A
11/11/2017 06:25:37 AM,11/11/2017 06:25:55 AM,0.00,in,A
11/10/2017 06:27:33 PM,11/10/2017 06:27:55 PM,0.00,in,A
11/09/2017 06:31:26 PM,11/09/2017 06:31:55 PM,0.00,in,A
11/09/2017 06:33:23 AM,11/09/2017 06:33:25 AM,0.00,in,A
11/08/2017 06:35:19 PM,11/08/2017 06:35:25 PM,0.00,in,A
11/08/2017 06:37:16 AM,11/08/2017 06:37:25 AM,0.00,in,A
11/07/2017 06:41:10 AM,11/07/2017 06:41:22 AM,0.00,in,A
11/06/2017 06:45:03 AM,11/06/2017 06:45:46 AM,0.00,in,A
11/05/2017 06:47:00 PM,11/05/2017 06:47:15 PM,0.00,in,A
11/05/2017 06:48:57 AM,11/05/2017 06:49:21 AM,0.00,in,A
11/04/2017 07:50:54 PM,11/04/2017 07:51:24 PM,0.00,in,A
11/04/2017 07:52:51 AM,11/04/2017 07:52:57 AM,0.00,in,A
11/03/2017 07:54:48 PM,11/03/2017 07:54:58 PM,0.00,in,A
11/03/2017 07:56:45 AM,11/03/2017 07:56:49 AM,0.00,in,A
11/02/2017 07:58:41 PM,11/02/2017 07:58:56 PM,0.00,in,A
11/01/2017 08:02:35 PM,11/01/2017 08:03:05 PM,0.00,in,A
11/01/2017 08:04:33 AM,11/01/2017 08:04:51 AM,0.00,in,A
10/31/2017 08:06:29 PM,10/31/2017 08:06:31 PM,0.00,in,A
10/31/2017 08:08:26 AM,10/31/2017 08:08:27 AM,0.00,in,A
10/30/2017 08:10:23 PM,10/30/2017 08:10:24 PM,0.00,in,A
10/30/2017 08:12:20 AM,10/30/2017 08:12:51 AM,0.00,in,A
10/29/2017 08:14:17 PM,10/29/2017 08:14:58 PM,0.00,in,A
10/29/2017 08:16:13 AM,10/29/2017 08:16:42 AM,0.00,in,A
10/28/2017 08:18:10 PM,10/28/2017 08:18:57 PM,0.00,in,A
10/28/2017 08:20:06 AM,10/28/2017 08:20:29 AM,0.00,in,A
10/27/2017 08:22:04 PM,10/27/2017 08:22:08 PM,0.00,in,A
10/27/2017 08:24:00 AM,10/27/2017 08:24:30 AM,0.00,in,A
10/26/2017 08:25:58 PM,10/26/2017 08:26:21 PM,0.00,in,A
10/26/2017 08:27:54 AM,10/26/2017 08:28:16 AM,0.00,in,A
10/25/2017 08:29:52 PM,10/25/2017 08:30:11 PM,0.00,in,A
10/24/2017 08:33:45 PM,10/24/2017 08:33:50 PM,0.00,in,A
10/24/2017 08:35:43 AM,10/24/2017 08:36:17 AM,0.00,in,A
10/23/2017 08:37:39 PM,10/23/2017 08:37:59 PM,0.00,in,A
10/23/2017 08:39:36 AM,10/23/2017 08:39:46 AM,0.00,in,A
10/22/2017 08:41:34 PM,10/22/2017 08:41:51 PM,0.00,in,A
10/22/2017 08:43:31 AM,10/22/2017 08:43:42 AM,0.04,in,A
10/22/2017 04:19:22 AM,10/22/2017 04:19:49 AM,0.04,in,A
10/22/2017 03:57:19 AM,10/22/2017 03:57:30 AM,0.04,in,A
10/22/2017 03:33:41 AM,10/22/2017 03:33:55 AM,0.04,in,A
10/22/2017 03:14:40 AM,10/22/2017 03:14:44 AM,0.08,in,A
10/22/2017 02:46:31 AM,10/22/2017 02:46:46 AM,0.04,in,A
10/22/2017 02:29:47 AM,10/22/2017 02:29:58 AM,0.04,in,A
10/22/2017 02:09:30 AM,10/22/2017 02:09:34 AM,0.08,in,A
10/22/2017 01:45:16 AM,10/22/2017 01:45:24 AM,0.04,in,A
10/22/2017 01:36:13 AM,10/22/2017 01:36:46 AM,0.04,in,A
10/22/2017 01:28:33 AM,10/22/2017 01:28:53 AM,0.04,in,A
10/22/2017 01:20:20 AM,10/22/2017 01:20:25 AM,0.04,in,A
10/22/2017 01:12:44 AM,10/22/2017 01:12:46 AM,0.04,in,A
10/22/2017 01:06:50 AM,10/22/2017 01:07:06 AM,0.04,in,A
10/22/2017 12:59:17 AM,10/22/2017 12:59:59 AM,0.08,in,A
10/22/2017 12:38:19 AM,10/22/2017 12:54:42 AM,0.04,in,A
10/22/2017 12:22:15 AM,10/22/2017 12:22:53 AM,0.04,in,A
10/22/2017 12:05:55 AM,10/22/2017 12:05:56 AM,0.04,in,A
10/21/2017 11:47:36 PM,10/21/2017 11:47:47 PM,0.04,in,A
10/21/2017 11:37:33 PM,10/21/2017 11:37:58 PM,0.04,in,A
10/21/2017 11:22:01 PM,10/21/2017 11:22:47 PM,0.04,in,A
10/21/2017 11:02:11 PM,10/21/2017 11:02:15 PM,0.04,in,A
10/21/2017 10:50:25 PM,10/21/2017 10:50:28 PM,0.04,in,A
10/21/2017 10:25:30 PM,10/21/2017 10:25:45 PM,0.08,in,A
10/21/2017 09:31:27 PM,10/21/2017 09:31:39 PM,0.04,in,A
10/21/2017 09:30:23 PM,10/21/2017 09:30:29 PM,0.12,in,A
10/21/2017 09:28:47 PM,10/21/2017 09:28:59 PM,0.04,in,A
10/21/2017 09:27:24 PM,10/21/2017 09:27:58 PM,0.04,in,A
10/21/2017 09:25:56 PM,10/21/2017 09:26:07 PM,0.04,in,A
10/21/2017 09:24:36 PM,10/21/2017 09:24:48 PM,0.04,in,A
10/21/2017 09:23:37 PM,10/21/2017 09:23:41 PM,0.04,in,A
10/21/2017 09:22:18 PM,10/21/2017 09:22:28 PM,0.04,in,A
10/21/2017 09:20:52 PM,10/21/2017 09:21:21 PM,0.08,in,A
10/21/2017 09:16:25 PM,10/21/2017 09:16:45 PM,0.04,in,A
10/21/2017 09:15:20 PM,10/21/2017 09:15:28 PM,0.04,in,A
10/21/2017 09:11:00 PM,10/21/2017 09:11:28 PM,0.04,in,A
10/21/2017 09:06:58 PM,10/21/2017 09:07:18 PM,0.04,in,A
10/21/2017 09:05:16 PM,10/21/2017 09:05:55 PM,0.04,in,A
10/21/2017 08:59:52 PM,10/21/2017 09:00:19 PM,0.04,in,A
10/21/2017 08:57:15 PM,10/21/2017 08:57:37 PM,0.04,in,A
10/21/2017 08:54:52 PM,10/21/2017 08:55:09 PM,0.08,in,A
10/21/2017 08:51:04 PM,10/21/2017 08:51:26 PM,0.08,in,A
10/21/2017 08:48:43 PM,10/21/2017 08:49:16 PM,0.04,in,A
10/21/2017 08:47:38 PM,10/21/2017 08:47:47 PM,0.04,in,A
10/21/2017 08:48:23 AM,10/21/2017 08:48:45 AM,0.00,in,A
10/20/2017 08:51:16 PM,10/20/2017 08:51:20 PM,0.00,in,A
10/20/2017 08:54:09 AM,10/20/2017 08:54:36 AM,0.00,in,A
10/19/2017 08:57:00 PM,10/19/2017 08:57:25 PM,0.00,in,A
10/19/2017 08:59:53 AM,10/19/2017 09:00:24 AM,0.00,in,A
10/18/2017 09:02:45 PM,10/18/2017 09:03:21 PM,0.00,in,A
10/18/2017 09:05:37 AM,10/18/2017 09:05:50 AM,0.00,in,A
10/17/2017 09:08:30 PM,10/17/2017 09:08:48 PM,0.00,in,A
10/17/2017 09:11:22 AM,10/17/2017 09:11:23 AM,0.00,in,A
10/16/2017 09:14:14 PM,10/16/2017 09:14:56 PM,0.00,in,A
10/16/2017 09:17:06 AM,10/16/2017 09:17:20 AM,0.00,in,A
10/15/2017 09:19:59 PM,10/15/2017 09:20:29 PM,0.00,in,A
10/15/2017 09:22:51 AM,10/15/2017 09:23:00 AM,0.00,in,A
10/14/2017 09:25:43 PM,10/14/2017 09:26:13 PM,0.00,in,A
10/14/2017 08:15:15 PM,10/14/2017 08:15:32 PM,0.04,in,A
10/14/2017 07:58:06 PM,10/14/2017 07:58:29 PM,0.04,in,A
10/14/2017 07:39:50 PM,10/14/2017 07:40:14 PM,0.08,in,A
10/14/2017 06:06:42 PM,10/14/2017 06:07:00 PM,0.04,in,A
10/14/2017 06:05:47 PM,10/14/2017 06:05:50 PM,0.04,in,A
10/14/2017 06:04:40 PM,10/14/2017 06:04:46 PM,0.08,in,A
10/14/2017 06:02:47 PM,10/14/2017 06:02:53 PM,0.04,in,A
10/14/2017 09:28:35 AM,10/14/2017 09:28:50 AM,0.00,in,A
10/13/2017 09:31:28 PM,10/13/2017 09:31:43 PM,0.00,in,A
10/13/2017 09:34:20 AM,10/13/2017 09:34:52 AM,0.00,in,A
10/12/2017 09:37:12 PM,10/12/2017 09:37:14 PM,0.00,in,A
10/12/2017 09:40:05 AM,10/12/2017 09:40:20 AM,0.00,in,A
10/11/2017 09:42:57 PM,10/11/2017 09:43:05 PM,0.00,in,A
10/11/2017 09:45:50 AM,10/11/2017 09:46:16 AM,0.00,in,A
10/10/2017 09:48:42 PM,10/10/2017 09:48:55 PM,0.00,in,A
10/10/2017 03:03:46 PM,10/10/2017 03:03:55 PM,0.04,in,A
10/10/2017 02:46:09 PM,10/10/2017 02:46:25 PM,0.04,in,A
10/10/2017 09:51:34 AM,10/10/2017 09:51:55 AM,0.00,in,A
10/09/2017 11:30:43 PM,10/09/2017 11:30:55 PM,0.04,in,A
10/09/2017 11:23:31 PM,10/09/2017 11:23:55 PM,0.04,in,A
10/09/2017 11:18:03 PM,10/09/2017 11:18:25 PM,0.04,in,A
10/09/2017 11:15:37 PM,10/09/2017 11:15:55 PM,0.08,in,A
10/09/2017 11:08:01 PM,10/09/2017 11:08:25 PM,0.04,in,A
10/09/2017 11:05:03 PM,10/09/2017 11:05:25 PM,0.04,in,A
10/09/2017 11:02:30 PM,10/09/2017 11:02:55 PM,0.04,in,A
10/09/2017 10:56:37 PM,10/09/2017 10:56:55 PM,0.04,in,A
10/09/2017 10:46:26 PM,10/09/2017 10:46:55 PM,0.04,in,A
10/09/2017 10:15:57 PM,10/09/2017 10:16:25 PM,0.04,in,A
10/09/2017 09:57:19 PM,10/09/2017 09:57:25 PM,0.04,in,A
10/09/2017 09:54:27 PM,10/09/2017 09:54:55 PM,0.00,in,A
10/09/2017 09:57:19 AM,10/09/2017 09:57:25 AM,0.00,in,A
10/08/2017 10:00:11 PM,10/08/2017 10:00:25 PM,0.00,in,A
10/08/2017 10:03:03 AM,10/08/2017 10:03:25 AM,0.00,in,A
10/07/2017 10:05:56 PM,10/07/2017 10:06:25 PM,0.00,in,A
10/07/2017 10:08:48 AM,10/07/2017 10:08:55 AM,0.00,in,A
10/07/2017 06:47:37 AM,10/07/2017 06:47:55 AM,0.08,in,A
10/07/2017 03:01:51 AM,10/07/2017 03:01:55 AM,0.04,in,A
10/07/2017 02:14:38 AM,10/07/2017 02:14:55 AM,0.04,in,A
10/07/2017 02:00:22 AM,10/07/2017 02:00:25 AM,0.04,in,A
10/07/2017 01:53:30 AM,10/07/2017 01:53:55 AM,0.04,in,A
10/07/2017 01:47:01 AM,10/07/2017 01:47:25 AM,0.04,in,A
10/07/2017 01:15:30 AM,10/07/2017 01:15:55 AM,0.04,in,A
10/07/2017 12:38:48 AM,10/07/2017 12:38:55 AM,0.04,in,A
10/06/2017 10:11:40 PM,10/06/2017 10:11:55 PM,0.00,in,A
10/06/2017 10:14:33 AM,10/06/2017 10:14:55 AM,0.04,in,A
10/06/2017 01:56:16 AM,10/06/2017 01:56:25 AM,0.04,in,A
10/05/2017 10:17:25 PM,10/05/2017 10:17:55 PM,0.00,in,A
10/05/2017 10:20:18 AM,10/05/2017 10:20:25 AM,0.00,in,A
10/05/2017 06:27:37 AM,10/05/2017 06:27:55 AM,0.04,in,A
10/05/2017 04:23:12 AM,10/05/2017 04:23:25 AM,0.04,in,A
10/05/2017 03:04:24 AM,10/05/2017 03:04:25 AM,0.04,in,A
10/04/2017 11:05:39 PM,10/04/2017 11:05:55 PM,0.04,in,A
10/04/2017 10:23:10 PM,10/04/2017 10:23:25 PM,0.00,in,A
10/04/2017 09:27:19 PM,10/04/2017 09:27:25 PM,0.04,in,A
10/04/2017 09:08:40 PM,10/04/2017 09:08:55 PM,0.04,in,A
10/04/2017 02:05:21 PM,10/04/2017 02:05:25 PM,0.04,in,A
10/04/2017 01:48:07 PM,10/04/2017 01:48:25 PM,0.04,in,A
10/04/2017 01:32:29 PM,10/04/2017 01:32:55 PM,0.04,in,A
10/04/2017 01:24:34 PM,10/04/2017 01:24:55 PM,0.04,in,A
10/04/2017 01:18:42 PM,10/04/2017 01:18:55 PM,0.04,in,A
10/04/2017 01:15:35 PM,10/04/2017 01:15:55 PM,0.04,in,A
10/04/2017 01:12:25 PM,10/04/2017 01:12:55 PM,0.04,in,A
10/04/2017 01:08:35 PM,10/04/2017 01:08:55 PM,0.04,in,A
10/04/2017 01:05:14 PM,10/04/2017 01:05:25 PM,0.04,in,A
10/04/2017 01:02:57 PM,10/04/2017 01:03:25 PM,0.04,in,A
10/04/2017 01:01:06 PM,10/04/2017 01:01:25 PM,0.04,in,A
10/04/2017 12:59:26 PM,10/04/2017 12:59:55 PM,0.04,in,A
10/04/2017 12:57:54 PM,10/04/2017 12:57:55 PM,0.04,in,A
10/04/2017 12:56:50 PM,10/04/2017 12:56:55 PM,0.04,in,A
10/04/2017 12:55:40 PM,10/04/2017 12:55:55 PM,0.04,in,A
10/04/2017 12:54:50 PM,10/04/2017 12:54:55 PM,0.04,in,A
10/04/2017 12:54:03 PM,10/04/2017 12:54:25 PM,0.04,in,A
10/04/2017 12:53:14 PM,10/04/2017 12:53:25 PM,0.04,in,A
10/04/2017 12:52:23 PM,10/04/2017 12:52:25 PM,0.04,in,A
10/04/2017 12:51:33 PM,10/04/2017 12:51:55 PM,0.04,in,A
10/04/2017 12:50:26 PM,10/04/2017 12:50:55 PM,0.04,in,A
10/04/2017 12:48:21 PM,10/04/2017 12:48:25 PM,0.04,in,A
10/04/2017 12:39:46 PM,10/04/2017 12:39:55 PM,0.04,in,A
10/04/2017 10:26:02 AM,10/04/2017 10:26:25 AM,0.00,in,A
10/04/2017 09:42:29 AM,10/04/2017 09:42:55 AM,0.04,in,A
10/04/2017 08:33:33 AM,10/04/2017 08:33:55 AM,0.04,in,A
10/04/2017 07:29:58 AM,10/04/2017 07:30:25 AM,0.04,in,A
10/04/2017 07:18:30 AM,10/04/2017 07:18:55 AM,0.04,in,A
10/03/2017 10:28:55 PM,10/03/2017 10:29:25 PM,0.00,in,A
10/03/2017 10:31:47 AM,10/03/2017 10:31:55 AM,0.00,in,A
10/02/2017 10:34:40 PM,10/02/2017 10:34:55 PM,0.00,in,A
10/02/2017 10:37:32 AM,10/02/2017 10:37:55 AM,0.00,in,A
10/01/2017 10:40:24 PM,10/01/2017 10:40:25 PM,0.00,in,A
10/01/2017 10:43:17 AM,10/01/2017 10:43:25 AM,0.00,in,A
09/30/2017 10:46:09 PM,09/30/2017 10:46:25 PM,0.00,in,A
09/30/2017 10:49:02 AM,09/30/2017 10:49:25 AM,0.00,in,A
09/29/2017 10:51:54 PM,09/29/2017 10:51:55 PM,0.00,in,A
09/29/2017 10:54:46 AM,09/29/2017 10:54:55 AM,0.00,in,A
09/28/2017 10:57:39 PM,09/28/2017 10:57:55 PM,0.00,in,A
09/28/2017 11:00:31 AM,09/28/2017 11:00:55 AM,0.00,in,A
09/27/2017 11:03:23 PM,09/27/2017 11:03:25 PM,0.00,in,A
09/27/2017 11:06:15 AM,09/27/2017 11:06:25 AM,0.00,in,A
09/26/2017 11:09:08 PM,09/26/2017 11:09:25 PM,0.00,in,A
09/26/2017 11:12:00 AM,09/26/2017 11:12:25 AM,0.00,in,A
09/26/2017 07:39:09 AM,09/26/2017 07:39:25 AM,0.04,in,A
09/26/2017 07:21:53 AM,09/26/2017 07:21:55 AM,0.04,in,A
09/26/2017 07:10:36 AM,09/26/2017 07:10:55 AM,0.04,in,A
09/26/2017 06:11:48 AM,09/26/2017 06:11:55 AM,0.04,in,A
09/26/2017 03:49:15 AM,09/26/2017 03:49:25 AM,0.04,in,A
09/25/2017 11:14:53 PM,09/25/2017 11:14:55 PM,0.00,in,A
09/25/2017 11:17:45 AM,09/25/2017 11:17:55 AM,0.00,in,A
09/24/2017 11:20:37 PM,09/24/2017 11:20:55 PM,0.00,in,A
09/24/2017 11:23:30 AM,09/24/2017 11:23:55 AM,0.00,in,A
09/23/2017 11:26:22 PM,09/23/2017 11:26:25 PM,0.00,in,A
09/23/2017 11:29:15 AM,09/23/2017 11:29:25 AM,0.00,in,A
09/22/2017 11:32:07 PM,09/22/2017 11:32:25 PM,0.00,in,A
09/22/2017 11:34:59 AM,09/22/2017 11:35:25 AM,0.00,in,A
09/21/2017 11:37:52 PM,09/21/2017 11:37:55 PM,0.00,in,A
09/21/2017 11:40:45 AM,09/21/2017 11:40:55 AM,0.00,in,A
09/20/2017 11:43:37 PM,09/20/2017 11:43:55 PM,0.00,in,A
09/20/2017 11:46:29 AM,09/20/2017 11:46:55 AM,0.00,in,A
09/19/2017 11:49:22 PM,09/19/2017 11:49:25 PM,0.00,in,A
09/19/2017 11:52:14 AM,09/19/2017 11:52:25 AM,0.00,in,A
09/18/2017 11:55:06 PM,09/18/2017 11:55:25 PM,0.00,in,A
09/18/2017 12:46:37 PM,09/18/2017 12:46:55 PM,0.04,in,A
09/18/2017 12:02:27 PM,09/18/2017 12:02:55 PM,0.04,in,A
09/18/2017 11:57:59 AM,09/18/2017 11:58:25 AM,0.00,in,A
09/18/2017 11:37:39 AM,09/18/2017 11:37:55 AM,0.04,in,A
09/18/2017 11:24:43 AM,09/18/2017 11:24:55 AM,0.04,in,A
09/18/2017 11:17:08 AM,09/18/2017 11:17:25 AM,0.04,in,A
09/18/2017 12:00:51 AM,09/18/2017 12:00:55 AM,0.00,in,A
09/17/2017 12:03:43 PM,09/17/2017 12:03:55 PM,0.00,in,A
09/17/2017 07:25:42 AM,09/17/2017 07:25:55 AM,0.04,in,A
09/17/2017 06:42:18 AM,09/17/2017 06:42:25 AM,0.04,in,A
09/17/2017 06:34:24 AM,09/17/2017 06:34:25 AM,0.04,in,A
09/17/2017 06:22:11 AM,09/17/2017 06:22:25 AM,0.04,in,A
09/17/2017 05:34:13 AM,09/17/2017 05:34:25 AM,0.04,in,A
09/17/2017 05:27:24 AM,09/17/2017 05:27:25 AM,0.04,in,A
09/17/2017 05:20:20 AM,09/17/2017 05:20:25 AM,0.04,in,A
09/17/2017 05:01:46 AM,09/17/2017 05:01:55 AM,0.04,in,A
09/17/2017 04:44:11 AM,09/17/2017 04:44:25 AM,0.04,in,A
09/17/2017 04:34:30 AM,09/17/2017 04:34:55 AM,0.04,in,A
09/17/2017 04:25:53 AM,09/17/2017 04:25:55 AM,0.04,in,A
09/17/2017 04:18:50 AM,09/17/2017 04:18:55 AM,0.04,in,A
09/17/2017 04:05:43 AM,09/17/2017 04:05:55 AM,0.04,in,A
09/17/2017 04:00:03 AM,09/17/2017 04:00:25 AM,0.04,in,A
09/17/2017 03:55:31 AM,09/17/2017 03:55:55 AM,0.04,in,A
09/17/2017 03:52:59 AM,09/17/2017 03:53:25 AM,0.04,in,A
09/17/2017 03:50:14 AM,09/17/2017 03:50:26 AM,0.04,in,A
09/17/2017 03:48:47 AM,09/17/2017 03:48:55 AM,0.04,in,A
09/17/2017 03:47:12 AM,09/17/2017 03:47:25 AM,0.04,in,A
09/17/2017 03:46:14 AM,09/17/2017 03:46:25 AM,0.04,in,A
09/17/2017 03:41:11 AM,09/17/2017 03:41:25 AM,0.04,in,A
09/17/2017 02:07:16 AM,09/17/2017 02:07:25 AM,0.04,in,A
09/17/2017 02:03:02 AM,09/17/2017 02:03:25 AM,0.04,in,A
09/17/2017 01:27:43 AM,09/17/2017 01:27:55 AM,0.04,in,A
09/17/2017 01:00:49 AM,09/17/2017 01:00:55 AM,0.08,in,A
09/17/2017 12:06:36 AM,09/17/2017 12:06:55 AM,0.00,in,A
09/16/2017 12:09:28 PM,09/16/2017 12:09:55 PM,0.00,in,A
09/16/2017 12:12:21 AM,09/16/2017 12:12:25 AM,0.00,in,A
09/15/2017 12:15:13 PM,09/15/2017 12:15:25 PM,0.00,in,A
09/15/2017 12:18:05 AM,09/15/2017 12:18:25 AM,0.00,in,A
09/14/2017 12:20:58 PM,09/14/2017 12:21:25 PM,0.00,in,A
09/14/2017 12:23:50 AM,09/14/2017 12:23:55 AM,0.00,in,A
09/13/2017 12:26:43 PM,09/13/2017 12:26:55 PM,0.00,in,A
09/13/2017 12:29:35 AM,09/13/2017 12:29:55 AM,0.00,in,A
09/12/2017 12:32:27 PM,09/12/2017 12:32:55 PM,0.00,in,A
09/12/2017 12:35:20 AM,09/12/2017 12:35:25 AM,0.00,in,A
09/11/2017 12:38:12 PM,09/11/2017 12:38:25 PM,0.00,in,A
09/11/2017 12:41:04 AM,09/11/2017 12:41:25 AM,0.00,in,A
09/10/2017 12:43:57 PM,09/10/2017 12:44:25 PM,0.00,in,A
09/10/2017 12:46:49 AM,09/10/2017 12:55:04 AM,0.00,in,A
09/09/2017 12:49:41 PM,09/09/2017 12:49:55 PM,0.00,in,A
09/09/2017 12:52:34 AM,09/09/2017 12:52:55 AM,0.00,in,A
09/08/2017 12:55:26 PM,09/08/2017 12:55:55 PM,0.00,in,A
09/08/2017 12:58:19 AM,09/08/2017 12:58:25 AM,0.00,in,A
09/07/2017 01:01:11 PM,09/07/2017 01:01:25 PM,0.00,in,A
09/07/2017 01:04:03 AM,09/07/2017 01:04:25 AM,0.00,in,A
09/06/2017 01:06:55 PM,09/06/2017 01:07:25 PM,0.00,in,A
09/06/2017 01:09:48 AM,09/06/2017 01:09:55 AM,0.00,in,A
09/05/2017 01:12:40 PM,09/05/2017 01:12:55 PM,0.00,in,A
09/05/2017 01:15:32 AM,09/05/2017 01:15:55 AM,0.00,in,A
09/04/2017 01:18:25 PM,09/04/2017 01:18:55 PM,0.00,in,A
09/04/2017 01:21:17 AM,09/04/2017 01:21:25 AM,0.00,in,A
09/03/2017 01:24:10 PM,09/03/2017 01:24:25 PM,0.00,in,A
09/03/2017 01:27:02 AM,09/03/2017 01:27:25 AM,0.00,in,A
09/02/2017 01:29:54 PM,09/02/2017 01:29:55 PM,0.00,in,A
09/02/2017 01:32:47 AM,09/02/2017 01:32:55 AM,0.00,in,A
09/01/2017 01:35:39 PM,09/01/2017 01:35:55 PM,0.00,in,A
09/01/2017 01:38:31 AM,09/01/2017 01:38:55 AM,0.00,in,A
08/31/2017 01:41:24 PM,08/31/2017 01:41:25 PM,0.00,in,A
08/31/2017 01:44:16 AM,08/31/2017 01:44:25 AM,0.00,in,A
08/30/2017 01:47:08 PM,08/30/2017 01:47:25 PM,0.00,in,A
08/30/2017 01:50:01 AM,08/30/2017 01:50:25 AM,0.00,in,A
08/29/2017 01:52:53 PM,08/29/2017 01:52:55 PM,0.00,in,A
08/29/2017 01:55:45 AM,08/29/2017 01:55:55 AM,0.00,in,A
08/28/2017 01:58:38 PM,08/28/2017 01:58:55 PM,0.00,in,A
08/28/2017 02:01:30 AM,08/28/2017 02:01:55 AM,0.00,in,A
08/27/2017 02:04:23 PM,08/27/2017 02:04:25 PM,0.00,in,A
08/27/2017 12:44:57 PM,08/27/2017 12:45:25 PM,0.04,in,A
08/27/2017 12:41:38 PM,08/27/2017 12:41:55 PM,0.04,in,A
08/27/2017 12:32:52 PM,08/27/2017 12:32:55 PM,0.04,in,A
08/27/2017 11:31:15 AM,08/27/2017 11:31:25 AM,0.04,in,A
08/27/2017 11:24:56 AM,08/27/2017 11:25:25 AM,0.04,in,A
08/27/2017 02:07:15 AM,08/27/2017 02:07:25 AM,0.00,in,A
08/26/2017 02:10:07 PM,08/26/2017 02:10:25 PM,0.00,in,A
08/26/2017 02:13:00 AM,08/26/2017 02:13:25 AM,0.00,in,A
08/25/2017 02:15:52 PM,08/25/2017 02:15:55 PM,0.00,in,A
08/25/2017 02:18:44 AM,08/25/2017 02:18:55 AM,0.00,in,A
08/24/2017 02:21:37 PM,08/24/2017 02:21:55 PM,0.00,in,A
08/24/2017 02:24:29 AM,08/24/2017 02:24:55 AM,0.00,in,A
08/23/2017 02:27:21 PM,08/23/2017 02:27:25 PM,0.00,in,A
08/23/2017 02:30:14 AM,08/23/2017 02:30:25 AM,0.00,in,A
08/22/2017 02:33:06 PM,08/22/2017 02:33:25 PM,0.00,in,A
08/22/2017 12:46:49 PM,08/22/2017 12:46:55 PM,0.04,in,A
08/22/2017 04:16:59 AM,08/22/2017 04:17:26 AM,0.04,in,A
08/22/2017 04:04:22 AM,08/22/2017 04:04:26 AM,0.04,in,A
08/22/2017 03:54:39 AM,08/22/2017 03:54:56 AM,0.04,in,A
08/22/2017 03:51:17 AM,08/22/2017 03:51:26 AM,0.04,in,A
08/22/2017 03:50:04 AM,08/22/2017 03:50:25 AM,0.04,in,A
08/22/2017 03:48:55 AM,08/22/2017 03:48:56 AM,0.04,in,A
08/22/2017 03:46:29 AM,08/22/2017 03:46:56 AM,0.04,in,A
08/22/2017 03:44:46 AM,08/22/2017 03:44:56 AM,0.04,in,A
08/22/2017 03:40:58 AM,08/22/2017 03:41:26 AM,0.04,in,A
08/22/2017 03:34:05 AM,08/22/2017 03:34:26 AM,0.08,in,A
08/22/2017 03:24:36 AM,08/22/2017 03:24:56 AM,0.04,in,A
08/22/2017 03:22:08 AM,08/22/2017 03:22:26 AM,0.04,in,A
08/22/2017 03:19:56 AM,08/22/2017 03:20:26 AM,0.04,in,A
08/22/2017 03:18:05 AM,08/22/2017 03:18:26 AM,0.08,in,A
08/22/2017 03:12:52 AM,08/22/2017 03:12:55 AM,0.04,in,A
08/22/2017 03:10:19 AM,08/22/2017 03:10:26 AM,0.08,in,A
08/22/2017 03:05:03 AM,08/22/2017 03:05:26 AM,0.04,in,A
08/22/2017 02:57:57 AM,08/22/2017 02:58:26 AM,0.04,in,A
08/22/2017 02:42:48 AM,08/22/2017 02:42:56 AM,0.04,in,A
08/22/2017 02:41:42 AM,08/22/2017 02:41:56 AM,0.04,in,A
08/22/2017 02:40:47 AM,08/22/2017 02:40:56 AM,0.04,in,A
08/22/2017 02:39:47 AM,08/22/2017 02:39:56 AM,0.04,in,A
08/22/2017 02:38:33 AM,08/22/2017 02:38:56 AM,0.04,in,A
08/22/2017 02:36:22 AM,08/22/2017 02:36:26 AM,0.08,in,A
08/22/2017 02:33:10 AM,08/22/2017 02:33:26 AM,0.08,in,A
08/22/2017 02:31:02 AM,08/22/2017 02:31:26 AM,0.04,in,A
08/22/2017 02:29:42 AM,08/22/2017 02:29:56 AM,0.04,in,A
08/22/2017 02:25:06 AM,08/22/2017 02:25:26 AM,0.04,in,A
08/22/2017 02:09:46 AM,08/22/2017 02:09:56 AM,0.04,in,A
08/22/2017 01:57:06 AM,08/22/2017 01:57:25 AM,0.08,in,A
08/22/2017 01:35:11 AM,08/22/2017 01:35:26 AM,0.04,in,A
08/22/2017 01:31:56 AM,08/22/2017 01:32:26 AM,0.04,in,A
08/22/2017 01:30:34 AM,08/22/2017 01:30:56 AM,0.08,in,A
08/22/2017 01:28:29 AM,08/22/2017 01:28:56 AM,0.04,in,A
08/22/2017 01:27:49 AM,08/22/2017 01:27:56 AM,0.04,in,A
08/22/2017 01:27:10 AM,08/22/2017 01:27:26 AM,0.04,in,A
08/22/2017 01:26:20 AM,08/22/2017 01:26:26 AM,0.08,in,A
08/22/2017 01:24:21 AM,08/22/2017 01:24:26 AM,0.04,in,A
08/22/2017 01:23:04 AM,08/22/2017 01:23:26 AM,0.04,in,A
08/22/2017 01:22:17 AM,08/22/2017 01:22:26 AM,0.04,in,A
08/22/2017 01:21:32 AM,08/22/2017 01:21:56 AM,0.04,in,A
08/22/2017 01:20:49 AM,08/22/2017 01:20:56 AM,0.04,in,A
08/22/2017 01:19:53 AM,08/22/2017 01:19:56 AM,0.04,in,A
08/22/2017 01:19:12 AM,08/22/2017 01:19:26 AM,0.04,in,A
08/22/2017 01:18:02 AM,08/22/2017 01:18:26 AM,0.04,in,A
08/22/2017 01:15:37 AM,08/22/2017 01:15:56 AM,0.04,in,A
08/22/2017 01:07:27 AM,08/22/2017 01:07:55 AM,0.04,in,A
08/22/2017 12:56:30 AM,08/22/2017 12:56:55 AM,0.04,in,A
08/22/2017 12:53:33 AM,08/22/2017 12:53:56 AM,0.04,in,A
08/22/2017 12:52:16 AM,08/22/2017 12:52:26 AM,0.04,in,A
08/22/2017 12:51:02 AM,08/22/2017 12:51:26 AM,0.08,in,A
08/22/2017 12:48:59 AM,08/22/2017 12:49:26 AM,0.04,in,A
08/22/2017 12:48:32 AM,08/22/2017 12:48:55 AM,0.04,in,A
08/22/2017 12:47:50 AM,08/22/2017 12:47:55 AM,0.04,in,A
08/22/2017 12:47:19 AM,08/22/2017 12:47:26 AM,0.04,in,A
08/22/2017 12:46:41 AM,08/22/2017 12:46:56 AM,0.04,in,A
08/22/2017 12:45:53 AM,08/22/2017 12:45:55 AM,0.08,in,A
08/22/2017 12:44:32 AM,08/22/2017 12:44:55 AM,0.04,in,A
08/22/2017 12:43:50 AM,08/22/2017 12:43:55 AM,0.12,in,A
08/22/2017 12:41:31 AM,08/22/2017 12:41:55 AM,0.04,in,A
08/22/2017 12:40:47 AM,08/22/2017 12:40:55 AM,0.04,in,A
08/22/2017 12:39:58 AM,08/22/2017 12:40:26 AM,0.04,in,A
08/22/2017 12:38:30 AM,08/22/2017 12:38:55 AM,0.04,in,A
08/22/2017 12:36:51 AM,08/22/2017 12:36:55 AM,0.04,in,A
08/22/2017 12:35:45 AM,08/22/2017 12:35:55 AM,0.08,in,A
08/22/2017 12:33:16 AM,08/22/2017 12:33:26 AM,0.04,in,A
08/22/2017 12:32:27 AM,08/22/2017 12:32:55 AM,0.04,in,A
08/22/2017 12:31:38 AM,08/22/2017 12:31:55 AM,0.04,in,A
08/22/2017 12:29:57 AM,08/22/2017 12:30:25 AM,0.04,in,A
08/22/2017 12:28:05 AM,08/22/2017 12:28:26 AM,0.04,in,A
08/22/2017 12:27:14 AM,08/22/2017 12:27:26 AM,0.04,in,A
08/22/2017 12:26:30 AM,08/22/2017 12:26:55 AM,0.08,in,A
08/22/2017 12:22:36 AM,08/22/2017 12:22:56 AM,0.08,in,A
08/22/2017 12:04:50 AM,08/22/2017 12:04:56 AM,0.04,in,A
08/21/2017 11:59:44 PM,08/21/2017 11:59:56 PM,0.04,in,A
08/21/2017 11:56:49 PM,08/21/2017 11:56:56 PM,0.04,in,A
08/21/2017 11:54:32 PM,08/21/2017 11:54:55 PM,0.04,in,A
08/21/2017 11:53:05 PM,08/21/2017 11:53:26 PM,0.04,in,A
08/21/2017 11:52:13 PM,08/21/2017 11:52:26 PM,0.04,in,A
08/21/2017 11:51:12 PM,08/21/2017 11:51:26 PM,0.04,in,A
08/21/2017 11:50:19 PM,08/21/2017 11:50:26 PM,0.04,in,A
08/21/2017 11:49:36 PM,08/21/2017 11:49:56 PM,0.04,in,A
08/21/2017 11:49:12 PM,08/21/2017 11:49:26 PM,0.04,in,A
08/21/2017 11:48:27 PM,08/21/2017 11:48:56 PM,0.04,in,A
08/21/2017 11:48:02 PM,08/21/2017 11:48:26 PM,0.04,in,A
08/21/2017 11:47:40 PM,08/21/2017 11:47:56 PM,0.04,in,A
08/21/2017 11:47:19 PM,08/21/2017 11:47:26 PM,0.08,in,A
08/21/2017 11:46:13 PM,08/21/2017 11:46:26 PM,0.04,in,A
08/21/2017 11:45:39 PM,08/21/2017 11:45:56 PM,0.04,in,A
08/21/2017 11:45:11 PM,08/21/2017 11:45:26 PM,0.08,in,A
08/21/2017 11:43:23 PM,08/21/2017 11:43:26 PM,0.04,in,A
08/21/2017 11:42:50 PM,08/21/2017 11:42:56 PM,0.04,in,A
08/21/2017 11:42:26 PM,08/21/2017 11:42:56 PM,0.04,in,A
08/21/2017 11:41:42 PM,08/21/2017 11:41:56 PM,0.04,in,A
08/21/2017 11:41:02 PM,08/21/2017 11:41:26 PM,0.04,in,A
08/21/2017 11:40:27 PM,08/21/2017 11:40:56 PM,0.04,in,A
08/21/2017 11:40:04 PM,08/21/2017 11:40:26 PM,0.04,in,A
08/21/2017 11:39:41 PM,08/21/2017 11:39:56 PM,0.04,in,A
08/21/2017 11:39:20 PM,08/21/2017 11:39:26 PM,0.04,in,A
08/21/2017 11:38:37 PM,08/21/2017 11:38:56 PM,0.04,in,A
08/21/2017 11:38:16 PM,08/21/2017 11:38:26 PM,0.04,in,A
08/21/2017 11:37:33 PM,08/21/2017 11:37:56 PM,0.04,in,A
08/21/2017 11:37:10 PM,08/21/2017 11:37:26 PM,0.04,in,A
08/21/2017 11:36:22 PM,08/21/2017 11:36:26 PM,0.04,in,A
08/21/2017 11:35:49 PM,08/21/2017 11:35:56 PM,0.04,in,A
08/21/2017 11:35:09 PM,08/21/2017 11:35:26 PM,0.04,in,A
08/21/2017 11:26:08 PM,08/21/2017 11:26:26 PM,0.04,in,A
08/21/2017 11:24:23 PM,08/21/2017 11:24:26 PM,0.04,in,A
08/21/2017 11:23:41 PM,08/21/2017 11:23:56 PM,0.04,in,A
08/21/2017 11:23:05 PM,08/21/2017 11:23:26 PM,0.04,in,A
08/21/2017 11:22:44 PM,08/21/2017 11:22:56 PM,0.04,in,A
08/21/2017 11:22:23 PM,08/21/2017 11:22:26 PM,0.04,in,A
08/21/2017 11:22:02 PM,08/21/2017 11:22:26 PM,0.04,in,A
08/21/2017 11:21:39 PM,08/21/2017 11:21:56 PM,0.04,in,A
08/21/2017 11:21:18 PM,08/21/2017 11:21:26 PM,0.04,in,A
08/21/2017 11:20:35 PM,08/21/2017 11:20:56 PM,0.08,in,A
08/21/2017 11:19:35 PM,08/21/2017 11:19:56 PM,0.04,in,AN
08/21/2017 11:16:19 PM,08/21/2017 11:16:26 PM,0.04,in,A
08/21/2017 11:15:57 PM,08/21/2017 11:16:26 PM,0.04,in,A
08/21/2017 11:15:35 PM,08/21/2017 11:15:56 PM,0.08,in,A
08/21/2017 11:14:45 PM,08/21/2017 11:14:56 PM,0.04,in,A
08/21/2017 11:14:10 PM,08/21/2017 11:14:26 PM,0.04,in,A
08/21/2017 11:12:35 PM,08/21/2017 11:12:57 PM,0.04,in,A
08/21/2017 11:11:29 PM,08/21/2017 11:11:56 PM,0.04,in,A
08/21/2017 11:10:43 PM,08/21/2017 11:10:56 PM,0.04,in,A
08/21/2017 11:10:09 PM,08/21/2017 11:10:26 PM,0.04,in,A
08/21/2017 11:09:33 PM,08/21/2017 11:09:56 PM,0.04,in,A
08/21/2017 11:09:03 PM,08/21/2017 11:09:26 PM,0.04,in,A
08/21/2017 11:08:36 PM,08/21/2017 11:08:56 PM,0.08,in,A
08/21/2017 11:07:44 PM,08/21/2017 11:07:56 PM,0.12,in,A
08/21/2017 11:06:01 PM,08/21/2017 11:06:26 PM,0.04,in,A
08/21/2017 11:05:22 PM,08/21/2017 11:05:26 PM,0.08,in,A
08/21/2017 11:04:22 PM,08/21/2017 11:04:26 PM,0.04,in,A
08/21/2017 11:03:49 PM,08/21/2017 11:03:56 PM,0.08,in,A
08/21/2017 11:02:35 PM,08/21/2017 11:02:56 PM,0.04,in,A
08/21/2017 11:00:18 PM,08/21/2017 11:00:26 PM,0.04,in,A
08/21/2017 10:57:55 PM,08/21/2017 10:58:26 PM,0.04,in,A
08/21/2017 10:53:24 PM,08/21/2017 10:53:26 PM,0.04,in,A
08/21/2017 10:50:00 PM,08/21/2017 10:50:26 PM,0.04,in,A
08/21/2017 10:43:21 PM,08/21/2017 10:43:26 PM,0.08,in,A
08/21/2017 10:33:19 PM,08/21/2017 10:33:27 PM,0.04,in,A
08/21/2017 10:30:54 PM,08/21/2017 10:30:56 PM,0.04,in,A
08/21/2017 10:29:11 PM,08/21/2017 10:29:26 PM,0.12,in,A
08/21/2017 02:38:52 PM,08/21/2017 02:38:55 PM,0.00,in,A
08/21/2017 10:34:20 AM,08/21/2017 10:34:25 AM,0.08,in,A
08/21/2017 10:31:59 AM,08/21/2017 10:32:26 AM,0.04,in,A
08/21/2017 10:29:44 AM,08/21/2017 10:29:56 AM,0.04,in,A
08/21/2017 10:28:10 AM,08/21/2017 10:28:25 AM,0.04,in,A
08/21/2017 10:27:06 AM,08/21/2017 10:27:25 AM,0.04,in,A
08/21/2017 10:20:35 AM,08/21/2017 10:20:55 AM,0.04,in,A
08/21/2017 10:17:52 AM,08/21/2017 10:17:56 AM,0.08,in,A
08/21/2017 10:14:33 AM,08/21/2017 10:14:55 AM,0.04,in,A
08/21/2017 10:12:01 AM,08/21/2017 10:12:25 AM,0.04,in,A
08/21/2017 10:08:45 AM,08/21/2017 10:08:56 AM,0.04,in,A
08/21/2017 10:05:22 AM,08/21/2017 10:05:26 AM,0.04,in,A
08/21/2017 10:02:32 AM,08/21/2017 10:02:56 AM,0.04,in,A
08/21/2017 09:02:14 AM,08/21/2017 09:02:25 AM,0.04,in,A
08/21/2017 08:51:50 AM,08/21/2017 08:51:55 AM,0.04,in,A
08/21/2017 08:50:20 AM,08/21/2017 08:50:25 AM,0.04,in,A
08/21/2017 02:41:45 AM,08/21/2017 02:41:55 AM,0.00,in,A
08/20/2017 02:44:37 PM,08/20/2017 02:44:55 PM,0.00,in,A
08/20/2017 02:47:29 AM,08/20/2017 02:47:55 AM,0.00,in,A
08/19/2017 02:50:22 PM,08/19/2017 02:50:25 PM,0.00,in,A
08/19/2017 02:53:14 AM,08/19/2017 02:53:25 AM,0.00,in,A
08/18/2017 02:56:07 PM,08/18/2017 02:56:25 PM,0.00,in,A
08/18/2017 02:58:59 AM,08/18/2017 02:59:25 AM,0.00,in,A
08/17/2017 03:01:51 PM,08/17/2017 03:01:55 PM,0.00,in,A
08/17/2017 03:04:44 AM,08/17/2017 03:04:55 AM,0.00,in,A
08/16/2017 06:50:34 PM,08/16/2017 06:50:55 PM,0.04,in,A
08/16/2017 06:34:22 PM,08/16/2017 06:34:25 PM,0.04,in,A
08/16/2017 05:21:11 PM,08/16/2017 05:21:25 PM,0.04,in,A
08/16/2017 05:17:41 PM,08/16/2017 05:17:55 PM,0.04,in,A
08/16/2017 03:07:36 PM,08/16/2017 03:07:55 PM,0.00,in,A
08/16/2017 06:26:37 AM,08/16/2017 06:26:55 AM,0.04,in,A
08/16/2017 05:57:34 AM,08/16/2017 05:57:55 AM,0.04,in,A
08/16/2017 05:51:34 AM,08/16/2017 05:51:55 AM,0.04,in,A
08/16/2017 05:50:41 AM,08/16/2017 05:50:55 AM,0.04,in,A
08/16/2017 03:10:28 AM,08/16/2017 03:10:55 AM,0.00,in,A
08/15/2017 03:13:21 PM,08/15/2017 03:13:25 PM,0.00,in,A
08/15/2017 03:16:13 AM,08/15/2017 03:16:25 AM,0.00,in,A
08/14/2017 03:19:06 PM,08/14/2017 03:19:25 PM,0.00,in,A
08/14/2017 03:21:58 AM,08/14/2017 03:22:25 AM,0.00,in,A
08/13/2017 03:24:51 PM,08/13/2017 03:24:55 PM,0.00,in,A
08/13/2017 03:27:43 AM,08/13/2017 03:27:55 AM,0.00,in,A
08/12/2017 03:30:35 PM,08/12/2017 03:30:55 PM,0.00,in,A
08/12/2017 03:33:28 AM,08/12/2017 03:33:55 AM,0.00,in,A
08/11/2017 03:36:20 PM,08/11/2017 03:36:25 PM,0.00,in,A
08/11/2017 03:39:12 AM,08/11/2017 03:39:25 AM,0.00,in,A
08/10/2017 03:42:05 PM,08/10/2017 03:42:25 PM,0.00,in,A
08/10/2017 03:44:57 AM,08/10/2017 03:45:25 AM,0.00,in,A
08/09/2017 05:21:43 PM,08/09/2017 05:21:55 PM,0.04,in,A
08/09/2017 03:50:42 AM,08/09/2017 03:50:55 AM,0.00,in,A
08/08/2017 03:53:34 PM,08/08/2017 03:53:55 PM,0.00,in,A
08/08/2017 03:56:27 AM,08/08/2017 03:56:55 AM,0.00,in,A
08/07/2017 03:59:19 PM,08/07/2017 03:59:25 PM,0.00,in,A
08/07/2017 04:02:11 AM,08/07/2017 04:02:25 AM,0.00,in,A
08/06/2017 04:05:04 PM,08/06/2017 04:05:25 PM,0.00,in,A
08/06/2017 04:07:56 AM,08/06/2017 04:08:25 AM,0.00,in,A
08/06/2017 12:18:35 AM,08/06/2017 12:18:55 AM,0.04,in,A
08/05/2017 11:49:00 PM,08/05/2017 11:49:25 PM,0.04,in,A
08/05/2017 11:39:20 PM,08/05/2017 11:39:25 PM,0.04,in,A
08/05/2017 11:30:32 PM,08/05/2017 11:30:56 PM,0.04,in,A
08/05/2017 11:24:57 PM,08/05/2017 11:25:25 PM,0.04,in,A
08/05/2017 11:19:50 PM,08/05/2017 11:19:56 PM,0.04,in,A
08/05/2017 11:16:30 PM,08/05/2017 11:16:55 PM,0.04,in,A
08/05/2017 11:14:18 PM,08/05/2017 11:14:26 PM,0.04,in,A
08/05/2017 11:12:18 PM,08/05/2017 11:12:26 PM,0.04,in,A
08/05/2017 11:10:53 PM,08/05/2017 11:10:56 PM,0.04,in,A
08/05/2017 11:09:41 PM,08/05/2017 11:09:55 PM,0.04,in,A
08/05/2017 11:08:53 PM,08/05/2017 11:08:56 PM,0.04,in,A
08/05/2017 11:08:03 PM,08/05/2017 11:08:26 PM,0.04,in,A
08/05/2017 11:07:09 PM,08/05/2017 11:07:26 PM,0.04,in,A
08/05/2017 11:06:06 PM,08/05/2017 11:06:26 PM,0.04,in,A
08/05/2017 11:03:51 PM,08/05/2017 11:03:56 PM,0.08,in,A
08/05/2017 10:48:08 PM,08/05/2017 10:48:26 PM,0.12,in,A
08/05/2017 10:37:17 PM,08/05/2017 10:37:26 PM,0.04,in,A
08/05/2017 10:35:30 PM,08/05/2017 10:35:56 PM,0.08,in,A
08/05/2017 10:32:18 PM,08/05/2017 10:32:26 PM,0.04,in,A
08/05/2017 10:30:31 PM,08/05/2017 10:30:56 PM,0.04,in,A
08/05/2017 10:28:46 PM,08/05/2017 10:28:56 PM,0.08,in,A
08/05/2017 10:24:08 PM,08/05/2017 10:24:26 PM,0.04,in,A
08/05/2017 10:21:06 PM,08/05/2017 10:21:26 PM,0.08,in,A
08/05/2017 10:17:08 PM,08/05/2017 10:17:26 PM,0.04,in,A
08/05/2017 10:14:08 PM,08/05/2017 10:14:26 PM,0.08,in,A
08/05/2017 10:10:02 PM,08/05/2017 10:10:26 PM,0.04,in,A
08/05/2017 10:08:47 PM,08/05/2017 10:08:56 PM,0.04,in,A
08/05/2017 10:07:41 PM,08/05/2017 10:07:56 PM,0.04,in,A
08/05/2017 10:06:38 PM,08/05/2017 10:06:56 PM,0.04,in,A
08/05/2017 10:05:23 PM,08/05/2017 10:05:26 PM,0.04,in,A
08/05/2017 10:03:14 PM,08/05/2017 10:03:26 PM,0.04,in,A
08/05/2017 10:01:08 PM,08/05/2017 10:01:26 PM,0.04,in,A
08/05/2017 09:57:12 PM,08/05/2017 09:57:26 PM,0.04,in,A
08/05/2017 09:53:02 PM,08/05/2017 09:53:26 PM,0.04,in,A
08/05/2017 09:50:24 PM,08/05/2017 09:50:26 PM,0.08,in,A
08/05/2017 09:46:51 PM,08/05/2017 09:46:56 PM,0.04,in,A
08/05/2017 09:44:22 PM,08/05/2017 09:44:26 PM,0.08,in,A
08/05/2017 09:38:16 PM,08/05/2017 09:38:26 PM,0.04,in,A
08/05/2017 09:35:55 PM,08/05/2017 09:36:26 PM,0.12,in,A
08/05/2017 09:27:17 PM,08/05/2017 09:27:26 PM,0.04,in,A
08/05/2017 09:23:53 PM,08/05/2017 09:23:56 PM,0.08,in,A
08/05/2017 09:14:59 PM,08/05/2017 09:15:26 PM,0.04,in,A
08/05/2017 09:05:59 PM,08/05/2017 09:06:26 PM,0.04,in,A
08/05/2017 09:01:17 PM,08/05/2017 09:01:26 PM,0.04,in,A
08/05/2017 08:21:21 PM,08/05/2017 08:21:26 PM,0.04,in,A
08/05/2017 08:16:33 PM,08/05/2017 08:16:56 PM,0.04,in,A
08/05/2017 03:13:36 PM,08/05/2017 03:13:55 PM,0.04,in,A
08/05/2017 02:41:52 PM,08/05/2017 02:41:55 PM,0.04,in,A
08/05/2017 01:26:49 PM,08/05/2017 01:26:55 PM,0.08,in,A
08/05/2017 11:23:10 AM,08/05/2017 11:23:25 AM,0.04,in,A
08/05/2017 11:06:47 AM,08/05/2017 11:06:55 AM,0.04,in,A
08/05/2017 10:48:42 AM,08/05/2017 10:48:55 AM,0.04,in,A
08/05/2017 10:35:24 AM,08/05/2017 10:35:25 AM,0.04,in,A
08/05/2017 10:25:08 AM,08/05/2017 10:25:25 AM,0.12,in,A
08/05/2017 09:49:42 AM,08/05/2017 09:49:55 AM,0.04,in,A
08/05/2017 09:36:15 AM,08/05/2017 09:36:25 AM,0.04,in,A
08/05/2017 09:24:37 AM,08/05/2017 09:24:55 AM,0.04,in,A
08/05/2017 09:12:25 AM,08/05/2017 09:12:55 AM,0.04,in,A
08/05/2017 08:57:26 AM,08/05/2017 08:57:55 AM,0.04,in,A
08/05/2017 04:13:41 AM,08/05/2017 04:13:55 AM,0.00,in,A
08/04/2017 04:16:33 PM,08/04/2017 04:16:55 PM,0.00,in,A
08/04/2017 04:19:26 AM,08/04/2017 04:19:55 AM,0.00,in,A
08/03/2017 04:22:18 PM,08/03/2017 04:22:25 PM,0.00,in,A
08/03/2017 04:25:10 AM,08/03/2017 04:25:25 AM,0.00,in,A
08/02/2017 04:28:03 PM,08/02/2017 04:28:25 PM,0.00,in,A
08/02/2017 04:30:56 AM,08/02/2017 04:31:25 AM,0.00,in,A
08/01/2017 04:33:48 PM,08/01/2017 04:33:55 PM,0.00,in,A
08/01/2017 04:36:40 AM,08/01/2017 04:36:55 AM,0.00,in,A
07/31/2017 04:39:32 PM,07/31/2017 04:39:55 PM,0.00,in,A
07/31/2017 04:42:25 AM,07/31/2017 04:42:55 AM,0.00,in,A
07/30/2017 04:45:18 PM,07/30/2017 04:45:25 PM,0.00,in,A
07/30/2017 04:48:10 AM,07/30/2017 04:48:25 AM,0.00,in,A
07/29/2017 04:51:02 PM,07/29/2017 04:51:25 PM,0.00,in,A
07/29/2017 04:53:55 AM,07/29/2017 04:53:55 AM,0.00,in,A
07/28/2017 04:56:47 PM,07/28/2017 04:56:55 PM,0.00,in,A
07/28/2017 04:59:39 AM,07/28/2017 04:59:55 AM,0.00,in,A
07/27/2017 05:02:32 PM,07/27/2017 05:02:55 PM,0.00,in,A
07/27/2017 05:38:13 AM,07/27/2017 05:38:25 AM,0.04,in,A
07/27/2017 04:42:05 AM,07/27/2017 04:42:25 AM,0.04,in,A
07/27/2017 04:40:49 AM,07/27/2017 04:40:55 AM,0.04,in,A
07/27/2017 04:38:52 AM,07/27/2017 04:38:55 AM,0.04,in,A
07/27/2017 04:35:36 AM,07/27/2017 04:35:55 AM,0.04,in,A
07/27/2017 04:34:52 AM,07/27/2017 04:34:56 AM,0.04,in,A
07/27/2017 04:34:05 AM,07/27/2017 04:34:25 AM,0.04,in,A
07/27/2017 04:32:56 AM,07/27/2017 04:33:25 AM,0.04,in,A
07/27/2017 04:32:05 AM,07/27/2017 04:32:26 AM,0.12,in,A
07/27/2017 04:28:59 AM,07/27/2017 04:29:25 AM,0.04,in,A
07/27/2017 04:27:51 AM,07/27/2017 04:27:56 AM,0.04,in,A
07/27/2017 04:26:35 AM,07/27/2017 04:26:55 AM,0.04,in,A
07/27/2017 04:25:36 AM,07/27/2017 04:25:56 AM,0.04,in,A
07/27/2017 04:24:52 AM,07/27/2017 04:24:55 AM,0.04,in,A
07/27/2017 04:24:06 AM,07/27/2017 04:24:26 AM,0.04,in,A
07/27/2017 04:22:59 AM,07/27/2017 04:23:25 AM,0.04,in,A
07/27/2017 04:21:26 AM,07/27/2017 04:21:56 AM,0.04,in,A
07/27/2017 04:19:59 AM,07/27/2017 04:20:25 AM,0.04,in,A
07/27/2017 04:18:23 AM,07/27/2017 04:18:26 AM,0.04,in,A
07/27/2017 04:17:30 AM,07/27/2017 04:17:56 AM,0.04,in,A
07/27/2017 04:16:58 AM,07/27/2017 04:17:26 AM,0.04,in,A
07/27/2017 04:15:01 AM,07/27/2017 04:15:26 AM,0.04,in,A
07/27/2017 04:11:57 AM,07/27/2017 04:12:26 AM,0.04,in,A
07/27/2017 04:08:57 AM,07/27/2017 04:09:26 AM,0.04,in,A
07/27/2017 04:06:20 AM,07/27/2017 04:06:26 AM,0.04,in,A
07/27/2017 04:04:58 AM,07/27/2017 04:05:26 AM,0.04,in,A
07/27/2017 04:03:56 AM,07/27/2017 04:04:26 AM,0.04,in,A
07/27/2017 04:02:50 AM,07/27/2017 04:02:56 AM,0.04,in,A
07/27/2017 04:01:56 AM,07/27/2017 04:02:25 AM,0.04,in,A
07/27/2017 04:01:00 AM,07/27/2017 04:01:26 AM,0.04,in,A
07/27/2017 04:00:03 AM,07/27/2017 04:00:26 AM,0.04,in,A
07/27/2017 03:55:55 AM,07/27/2017 03:55:56 AM,0.04,in,A
07/27/2017 03:54:20 AM,07/27/2017 03:54:26 AM,0.04,in,A
07/27/2017 03:53:31 AM,07/27/2017 03:53:56 AM,0.04,in,A
07/27/2017 03:53:07 AM,07/27/2017 03:53:26 AM,0.04,in,A
07/27/2017 03:52:23 AM,07/27/2017 03:52:26 AM,0.04,in,A
07/27/2017 03:52:02 AM,07/27/2017 03:52:26 AM,0.08,in,A
07/27/2017 03:51:18 AM,07/27/2017 03:51:26 AM,0.04,in,A
07/27/2017 03:51:11 AM,07/27/2017 03:51:26 AM,0.04,in,A
07/27/2017 03:50:28 AM,07/27/2017 03:50:56 AM,0.04,in,A
07/27/2017 03:49:59 AM,07/27/2017 03:50:25 AM,0.04,in,A
07/27/2017 03:49:37 AM,07/27/2017 03:49:56 AM,0.08,in,A
07/27/2017 03:48:53 AM,07/27/2017 03:48:56 AM,0.04,in,A
07/27/2017 03:48:05 AM,07/27/2017 03:48:26 AM,0.04,in,A
07/27/2017 03:47:30 AM,07/27/2017 03:47:56 AM,0.04,in,A
07/27/2017 03:46:58 AM,07/27/2017 03:47:26 AM,0.04,in,A
07/27/2017 03:46:28 AM,07/27/2017 03:46:56 AM,0.04,in,A
07/27/2017 03:46:07 AM,07/27/2017 03:46:26 AM,0.04,in,A
07/27/2017 03:45:23 AM,07/27/2017 03:45:26 AM,0.04,in,A
07/27/2017 03:44:58 AM,07/27/2017 03:45:26 AM,0.04,in,A
07/27/2017 03:44:36 AM,07/27/2017 03:44:56 AM,0.04,in,A
07/27/2017 03:44:14 AM,07/27/2017 03:44:26 AM,0.04,in,A
07/27/2017 03:43:52 AM,07/27/2017 03:43:55 AM,0.04,in,A
07/27/2017 03:43:02 AM,07/27/2017 03:43:26 AM,0.04,in,A
07/27/2017 03:42:17 AM,07/27/2017 03:42:26 AM,0.04,in,A
07/27/2017 03:41:52 AM,07/27/2017 03:41:56 AM,0.04,in,A
07/27/2017 03:40:37 AM,07/27/2017 03:40:56 AM,0.04,in,A
07/27/2017 03:39:11 AM,07/27/2017 03:39:26 AM,0.04,in,A
07/27/2017 03:37:51 AM,07/27/2017 03:37:56 AM,0.04,in,A
07/27/2017 03:35:56 AM,07/27/2017 03:36:25 AM,0.04,in,A
07/27/2017 03:33:52 AM,07/27/2017 03:33:56 AM,0.04,in,A
07/27/2017 03:32:20 AM,07/27/2017 03:32:26 AM,0.04,in,A
07/27/2017 03:31:24 AM,07/27/2017 03:31:26 AM,0.04,in,A
07/27/2017 03:31:03 AM,07/27/2017 03:31:26 AM,0.04,in,A
07/27/2017 03:30:20 AM,07/27/2017 03:30:26 AM,0.08,in,A
07/27/2017 03:29:36 AM,07/27/2017 03:29:56 AM,0.04,in,A
07/27/2017 03:29:11 AM,07/27/2017 03:29:26 AM,0.04,in,A
07/27/2017 03:28:46 AM,07/27/2017 03:28:56 AM,0.08,in,A
07/27/2017 03:27:57 AM,07/27/2017 03:28:26 AM,0.08,in,A
07/27/2017 03:27:07 AM,07/27/2017 03:27:26 AM,0.04,in,A
07/27/2017 03:26:42 AM,07/27/2017 03:26:56 AM,0.04,in,A
07/27/2017 03:26:10 AM,07/27/2017 03:26:26 AM,0.04,in,A
07/27/2017 03:25:49 AM,07/27/2017 03:25:56 AM,0.04,in,A
07/27/2017 03:24:59 AM,07/27/2017 03:25:26 AM,0.04,in,A
07/27/2017 03:24:15 AM,07/27/2017 03:24:26 AM,0.04,in,A
07/27/2017 03:23:34 AM,07/27/2017 03:23:56 AM,0.08,in,A
07/27/2017 03:22:24 AM,07/27/2017 03:22:26 AM,0.04,in,A
07/27/2017 03:21:52 AM,07/27/2017 03:21:56 AM,0.04,in,A
07/27/2017 03:21:06 AM,07/27/2017 03:21:26 AM,0.04,in,A
07/27/2017 02:57:21 AM,07/27/2017 02:57:26 AM,0.04,in,A
07/27/2017 02:54:15 AM,07/27/2017 02:54:26 AM,0.08,in,A
07/27/2017 02:51:13 AM,07/27/2017 02:51:26 AM,0.04,in,A
07/27/2017 02:50:20 AM,07/27/2017 02:50:26 AM,0.04,in,A
07/27/2017 02:49:48 AM,07/27/2017 02:49:56 AM,0.12,in,A
07/27/2017 02:48:42 AM,07/27/2017 02:48:56 AM,0.04,in,A
07/27/2017 02:47:42 AM,07/27/2017 02:47:56 AM,0.04,in,A
07/27/2017 02:46:59 AM,07/27/2017 02:47:26 AM,0.08,in,A
07/27/2017 02:45:50 AM,07/27/2017 02:45:56 AM,0.04,in,A
07/27/2017 02:45:04 AM,07/27/2017 02:45:26 AM,0.12,in,A
07/27/2017 02:43:42 AM,07/27/2017 02:43:56 AM,0.04,in,A
07/27/2017 02:42:58 AM,07/27/2017 02:43:26 AM,0.12,in,A
07/27/2017 02:38:12 AM,07/27/2017 02:38:26 AM,0.04,in,A
07/27/2017 02:36:16 AM,07/27/2017 02:36:26 AM,0.04,in,A
07/27/2017 02:35:09 AM,07/27/2017 02:35:26 AM,0.12,in,A
07/27/2017 02:33:15 AM,07/27/2017 02:33:26 AM,0.04,in,A
07/27/2017 02:32:39 AM,07/27/2017 02:32:56 AM,0.04,in,A
07/27/2017 02:32:05 AM,07/27/2017 02:32:26 AM,0.04,in,A
07/27/2017 02:31:37 AM,07/27/2017 02:31:56 AM,0.04,in,A
07/27/2017 02:31:02 AM,07/27/2017 02:31:26 AM,0.04,in,A
07/27/2017 02:30:25 AM,07/27/2017 02:30:56 AM,0.08,in,A
07/27/2017 02:29:08 AM,07/27/2017 02:29:26 AM,0.08,in,A
07/27/2017 02:28:10 AM,07/27/2017 02:28:26 AM,0.08,in,A
07/27/2017 02:27:14 AM,07/27/2017 02:27:26 AM,0.04,in,A
07/27/2017 02:26:44 AM,07/27/2017 02:26:56 AM,0.04,in,A
07/27/2017 02:26:19 AM,07/27/2017 02:26:27 AM,0.08,in,A
07/27/2017 02:25:22 AM,07/27/2017 02:25:26 AM,0.04,in,A
07/27/2017 02:24:56 AM,07/27/2017 02:25:26 AM,0.04,in,A
07/27/2017 02:24:33 AM,07/27/2017 02:24:56 AM,0.08,in,A
07/27/2017 02:23:39 AM,07/27/2017 02:23:56 AM,0.08,in,A
07/27/2017 02:22:37 AM,07/27/2017 02:22:57 AM,0.04,in,A
07/27/2017 02:09:32 AM,07/27/2017 02:09:56 AM,0.04,in,A
07/27/2017 02:05:41 AM,07/27/2017 02:05:56 AM,0.04,in,A
07/27/2017 12:36:31 AM,07/27/2017 12:36:55 AM,0.08,in,A
07/27/2017 12:30:36 AM,07/27/2017 12:30:55 AM,0.04,in,A
07/27/2017 12:29:54 AM,07/27/2017 12:29:55 AM,0.04,in,A
07/27/2017 12:29:15 AM,07/27/2017 12:29:25 AM,0.04,in,A
07/27/2017 12:28:28 AM,07/27/2017 12:28:56 AM,0.04,in,A
07/27/2017 12:24:10 AM,07/27/2017 12:24:25 AM,0.08,in,A
07/27/2017 12:14:54 AM,07/27/2017 12:14:56 AM,0.04,in,A
07/27/2017 12:13:29 AM,07/27/2017 12:13:56 AM,0.04,in,A
07/27/2017 12:11:37 AM,07/27/2017 12:11:56 AM,0.04,in,A
07/27/2017 12:05:39 AM,07/27/2017 12:05:56 AM,0.04,in,A
07/26/2017 11:50:17 PM,07/26/2017 11:50:25 PM,0.04,in,A
07/26/2017 11:25:20 PM,07/26/2017 11:25:25 PM,0.04,in,A
07/26/2017 11:01:15 PM,07/26/2017 11:01:26 PM,0.04,in,A
07/26/2017 10:52:28 PM,07/26/2017 10:52:56 PM,0.08,in,A
07/26/2017 10:46:02 PM,07/26/2017 10:46:26 PM,0.08,in,A
07/26/2017 07:26:41 PM,07/26/2017 07:26:55 PM,0.04,in,A
07/26/2017 07:22:37 PM,07/26/2017 07:22:55 PM,0.04,in,A
07/26/2017 07:18:38 PM,07/26/2017 07:18:55 PM,0.04,in,A
07/26/2017 07:15:18 PM,07/26/2017 07:15:25 PM,0.04,in,A
07/26/2017 07:10:17 PM,07/26/2017 07:10:25 PM,0.04,in,A
07/26/2017 07:01:05 PM,07/26/2017 07:01:25 PM,0.04,in,A
07/26/2017 05:32:04 PM,07/26/2017 05:32:25 PM,0.04,in,A
07/26/2017 05:08:17 PM,07/26/2017 05:08:25 PM,0.00,in,A
07/26/2017 05:11:10 AM,07/26/2017 05:11:25 AM,0.00,in,A
07/25/2017 05:14:02 PM,07/25/2017 05:14:25 PM,0.00,in,A
07/25/2017 05:16:55 AM,07/25/2017 05:16:55 AM,0.00,in,A
07/24/2017 05:19:47 PM,07/24/2017 05:19:55 PM,0.00,in,A
07/24/2017 05:22:39 AM,07/24/2017 05:22:55 AM,0.00,in,A
07/23/2017 05:25:32 PM,07/23/2017 05:25:55 PM,0.00,in,A
07/23/2017 05:28:24 AM,07/23/2017 05:28:25 AM,0.00,in,A
07/23/2017 01:15:11 AM,07/23/2017 01:15:25 AM,0.04,in,A
07/23/2017 12:10:44 AM,07/23/2017 12:10:55 AM,0.04,in,A
07/22/2017 11:21:36 PM,07/22/2017 11:21:55 PM,0.04,in,A
07/22/2017 10:57:16 PM,07/22/2017 10:57:26 PM,0.04,in,A
07/22/2017 10:49:34 PM,07/22/2017 10:49:56 PM,0.04,in,A
07/22/2017 10:43:40 PM,07/22/2017 10:43:55 PM,0.04,in,A
07/22/2017 10:40:07 PM,07/22/2017 10:40:26 PM,0.04,in,A
07/22/2017 10:34:19 PM,07/22/2017 10:34:26 PM,0.04,in,A
07/22/2017 10:31:11 PM,07/22/2017 10:31:26 PM,0.12,in,A
07/22/2017 10:22:17 PM,07/22/2017 10:22:26 PM,0.12,in,A
07/22/2017 10:16:54 PM,07/22/2017 10:16:56 PM,0.04,in,A
07/22/2017 10:15:15 PM,07/22/2017 10:15:26 PM,0.04,in,A
07/22/2017 10:13:41 PM,07/22/2017 10:13:56 PM,0.04,in,A
07/22/2017 10:12:07 PM,07/22/2017 10:12:26 PM,0.08,in,A
07/22/2017 10:08:30 PM,07/22/2017 10:08:56 PM,0.04,in,A
07/22/2017 10:05:50 PM,07/22/2017 10:05:56 PM,0.04,in,A
07/22/2017 10:03:19 PM,07/22/2017 10:03:25 PM,0.04,in,A
07/22/2017 10:02:25 PM,07/22/2017 10:02:26 PM,0.04,in,A
07/22/2017 10:01:05 PM,07/22/2017 10:01:25 PM,0.04,in,A
07/22/2017 10:00:20 PM,07/22/2017 10:00:25 PM,0.04,in,A
07/22/2017 09:59:43 PM,07/22/2017 09:59:55 PM,0.04,in,A
07/22/2017 09:58:56 PM,07/22/2017 09:59:25 PM,0.04,in,A
07/22/2017 09:58:02 PM,07/22/2017 09:58:25 PM,0.04,in,A
07/22/2017 09:56:53 PM,07/22/2017 09:56:55 PM,0.04,in,A
07/22/2017 09:55:35 PM,07/22/2017 09:55:55 PM,0.04,in,A
07/22/2017 09:54:30 PM,07/22/2017 09:54:55 PM,0.04,in,A
07/22/2017 09:53:42 PM,07/22/2017 09:53:55 PM,0.04,in,A
07/22/2017 09:52:58 PM,07/22/2017 09:53:25 PM,0.04,in,A
07/22/2017 09:52:09 PM,07/22/2017 09:52:25 PM,0.04,in,A
07/22/2017 09:51:13 PM,07/22/2017 09:51:25 PM,0.04,in,A
07/22/2017 09:50:02 PM,07/22/2017 09:50:25 PM,0.04,in,A
07/22/2017 09:49:02 PM,07/22/2017 09:49:25 PM,0.04,in,A
07/22/2017 09:48:11 PM,07/22/2017 09:48:26 PM,0.04,in,A
07/22/2017 09:46:50 PM,07/22/2017 09:46:55 PM,0.04,in,A
07/22/2017 09:45:39 PM,07/22/2017 09:45:55 PM,0.04,in,A
07/22/2017 09:44:05 PM,07/22/2017 09:44:25 PM,0.04,in,A
07/22/2017 09:42:55 PM,07/22/2017 09:42:55 PM,0.04,in,A
07/22/2017 09:41:45 PM,07/22/2017 09:41:55 PM,0.04,in,A
07/22/2017 09:40:53 PM,07/22/2017 09:40:55 PM,0.04,in,A
07/22/2017 09:39:57 PM,07/22/2017 09:40:25 PM,0.04,in,A
07/22/2017 09:38:36 PM,07/22/2017 09:38:55 PM,0.04,in,A
07/22/2017 09:36:51 PM,07/22/2017 09:36:55 PM,0.04,in,A
07/22/2017 09:35:22 PM,07/22/2017 09:35:25 PM,0.04,in,A
07/22/2017 09:33:33 PM,07/22/2017 09:33:55 PM,0.04,in,A
07/22/2017 09:31:58 PM,07/22/2017 09:32:25 PM,0.04,in,A
07/22/2017 09:30:04 PM,07/22/2017 09:30:25 PM,0.04,in,A
07/22/2017 09:28:06 PM,07/22/2017 09:28:25 PM,0.04,in,A
07/22/2017 09:24:30 PM,07/22/2017 09:24:55 PM,0.04,in,A
07/22/2017 09:22:40 PM,07/22/2017 09:22:55 PM,0.04,in,A
07/22/2017 05:31:15 PM,07/22/2017 05:31:25 PM,0.00,in,A
07/22/2017 05:34:08 AM,07/22/2017 05:34:25 AM,0.00,in,A
07/21/2017 05:37:00 PM,07/21/2017 05:37:25 PM,0.00,in,A
07/21/2017 05:39:53 AM,07/21/2017 05:39:55 AM,0.00,in,A
07/20/2017 05:42:45 PM,07/20/2017 05:42:55 PM,0.00,in,A
07/20/2017 05:45:37 AM,07/20/2017 05:45:55 AM,0.00,in,A
07/19/2017 05:48:30 PM,07/19/2017 05:48:55 PM,0.00,in,A
07/19/2017 05:51:22 AM,07/19/2017 05:51:25 AM,0.00,in,A
07/18/2017 05:54:15 PM,07/18/2017 05:54:25 PM,0.00,in,A
07/18/2017 05:57:07 AM,07/18/2017 05:57:25 AM,0.00,in,A
07/17/2017 05:59:59 PM,07/17/2017 06:00:25 PM,0.00,in,A
07/17/2017 06:02:52 AM,07/17/2017 06:02:55 AM,0.00,in,A
07/16/2017 06:05:44 PM,07/16/2017 06:05:55 PM,0.00,in,A
07/16/2017 06:08:37 AM,07/16/2017 06:08:55 AM,0.00,in,A
07/15/2017 06:11:29 PM,07/15/2017 06:11:55 PM,0.00,in,A
07/15/2017 06:14:21 AM,07/15/2017 06:14:25 AM,0.00,in,A
07/14/2017 06:17:14 PM,07/14/2017 06:17:25 PM,0.00,in,A
07/14/2017 06:20:06 AM,07/14/2017 06:20:25 AM,0.00,in,A
07/14/2017 12:37:57 AM,07/14/2017 12:38:25 AM,0.04,in,A
07/13/2017 10:39:47 PM,07/13/2017 10:39:55 PM,0.04,in,A
07/13/2017 10:15:58 PM,07/13/2017 10:16:25 PM,0.04,in,A
07/13/2017 09:55:14 PM,07/13/2017 09:55:25 PM,0.04,in,A
07/13/2017 08:48:33 PM,07/13/2017 08:48:55 PM,0.04,in,A
07/13/2017 08:40:46 PM,07/13/2017 08:40:55 PM,0.04,in,A
07/13/2017 08:35:34 PM,07/13/2017 08:35:55 PM,0.04,in,A
07/13/2017 06:22:59 PM,07/13/2017 06:23:25 PM,0.00,in,A
07/13/2017 08:39:59 AM,07/13/2017 08:40:25 AM,0.04,in,A
07/13/2017 08:33:45 AM,07/13/2017 08:33:55 AM,0.04,in,A
07/13/2017 08:26:21 AM,07/13/2017 08:26:25 AM,0.04,in,A
07/13/2017 06:25:51 AM,07/13/2017 06:25:55 AM,0.00,in,A
07/12/2017 06:28:43 PM,07/12/2017 06:28:55 PM,0.00,in,A
07/12/2017 06:31:36 AM,07/12/2017 06:31:55 AM,0.00,in,A
07/11/2017 06:34:28 PM,07/11/2017 06:34:55 PM,0.00,in,A
07/11/2017 06:37:21 AM,07/11/2017 06:37:25 AM,0.00,in,A
07/10/2017 06:40:13 PM,07/10/2017 06:40:25 PM,0.00,in,A
07/10/2017 06:43:06 AM,07/10/2017 06:43:25 AM,0.00,in,A
07/09/2017 06:45:58 PM,07/09/2017 06:46:25 PM,0.00,in,A
07/09/2017 06:48:51 AM,07/09/2017 06:48:55 AM,0.00,in,A
07/08/2017 06:51:43 PM,07/08/2017 06:51:55 PM,0.00,in,A
07/08/2017 06:54:35 AM,07/08/2017 06:54:55 AM,0.00,in,A
07/07/2017 06:57:27 PM,07/07/2017 06:57:55 PM,0.00,in,A
07/07/2017 07:00:20 AM,07/07/2017 07:00:25 AM,0.00,in,A
07/06/2017 07:03:12 PM,07/06/2017 07:03:25 PM,0.00,in,A
07/05/2017 07:08:57 PM,07/05/2017 07:09:25 PM,0.00,in,A
07/05/2017 07:11:50 AM,07/05/2017 07:11:56 AM,0.00,in,A
07/05/2017 01:09:19 AM,07/05/2017 01:09:25 AM,0.04,in,A
07/04/2017 07:14:42 PM,07/04/2017 07:14:55 PM,0.00,in,A
07/04/2017 10:22:19 AM,07/04/2017 10:22:25 AM,0.04,in,A
07/04/2017 09:28:36 AM,07/04/2017 09:28:55 AM,0.04,in,A
07/04/2017 09:12:36 AM,07/04/2017 09:12:55 AM,0.04,in,A
07/04/2017 08:58:48 AM,07/04/2017 08:58:55 AM,0.04,in,A
07/04/2017 08:42:46 AM,07/04/2017 08:42:55 AM,0.04,in,A
07/04/2017 08:26:49 AM,07/04/2017 08:26:55 AM,0.04,in,A
07/04/2017 08:17:18 AM,07/04/2017 08:17:26 AM,0.04,in,A
07/04/2017 08:11:55 AM,07/04/2017 08:12:25 AM,0.04,in,A
07/04/2017 07:54:05 AM,07/04/2017 07:54:25 AM,0.04,in,A
07/04/2017 07:31:54 AM,07/04/2017 07:31:55 AM,0.04,in,A
07/04/2017 07:17:35 AM,07/04/2017 07:17:55 AM,0.00,in,A
07/03/2017 07:20:27 PM,07/03/2017 07:20:55 PM,0.00,in,A
07/03/2017 07:23:19 AM,07/03/2017 07:23:25 AM,0.00,in,A
07/02/2017 07:26:11 PM,07/02/2017 07:26:25 PM,0.00,in,A
07/02/2017 07:29:04 AM,07/02/2017 07:29:25 AM,0.00,in,A
07/01/2017 07:31:56 PM,07/01/2017 07:32:25 PM,0.00,in,A
07/01/2017 07:34:49 AM,07/01/2017 07:34:55 AM,0.00,in,A
06/30/2017 07:37:41 PM,06/30/2017 07:37:55 PM,0.00,in,A
06/30/2017 07:40:33 AM,06/30/2017 07:40:55 AM,0.00,in,A
06/30/2017 05:12:47 AM,06/30/2017 05:12:55 AM,0.08,in,A
06/30/2017 04:49:56 AM,06/30/2017 04:50:25 AM,0.04,in,A
06/30/2017 04:41:48 AM,06/30/2017 04:41:55 AM,0.04,in,A
06/30/2017 04:31:53 AM,06/30/2017 04:31:55 AM,0.04,in,A
06/30/2017 04:19:53 AM,06/30/2017 04:19:55 AM,0.04,in,A
06/30/2017 04:09:37 AM,06/30/2017 04:09:55 AM,0.04,in,A
06/30/2017 03:59:18 AM,06/30/2017 03:59:25 AM,0.04,in,A
06/30/2017 03:46:25 AM,06/30/2017 03:46:55 AM,0.04,in,A
06/30/2017 03:28:53 AM,06/30/2017 03:28:56 AM,0.04,in,A
06/30/2017 03:21:55 AM,06/30/2017 03:22:25 AM,0.04,in,A
06/30/2017 03:19:37 AM,06/30/2017 03:19:55 AM,0.04,in,A
06/30/2017 03:18:13 AM,06/30/2017 03:18:25 AM,0.04,in,A
06/30/2017 03:16:32 AM,06/30/2017 03:16:55 AM,0.08,in,A
06/30/2017 03:11:45 AM,06/30/2017 03:11:55 AM,0.04,in,A
06/30/2017 03:09:16 AM,06/30/2017 03:09:25 AM,0.04,in,A
06/30/2017 03:06:24 AM,06/30/2017 03:06:25 AM,0.04,in,A
06/30/2017 03:03:28 AM,06/30/2017 03:03:55 AM,0.04,in,A
06/30/2017 02:59:22 AM,06/30/2017 02:59:25 AM,0.08,in,A
06/30/2017 02:34:05 AM,06/30/2017 02:34:25 AM,0.04,in,A
06/30/2017 02:10:37 AM,06/30/2017 02:10:56 AM,0.04,in,A
06/30/2017 02:08:01 AM,06/30/2017 02:08:25 AM,0.04,in,A
06/30/2017 02:06:51 AM,06/30/2017 02:06:55 AM,0.04,in,A
06/30/2017 02:04:20 AM,06/30/2017 02:04:25 AM,0.04,in,A
06/30/2017 02:03:05 AM,06/30/2017 02:03:25 AM,0.04,in,A
06/30/2017 02:02:13 AM,06/30/2017 02:02:25 AM,0.04,in,A
06/30/2017 02:01:43 AM,06/30/2017 02:01:56 AM,0.04,in,A
06/30/2017 02:01:13 AM,06/30/2017 02:01:25 AM,0.08,in,A
06/30/2017 02:00:11 AM,06/30/2017 02:00:25 AM,0.04,in,A
06/30/2017 01:59:34 AM,06/30/2017 01:59:56 AM,0.04,in,A
06/30/2017 01:58:49 AM,06/30/2017 01:58:55 AM,0.04,in,A
06/30/2017 01:57:49 AM,06/30/2017 01:57:56 AM,0.04,in,A
06/30/2017 01:56:54 AM,06/30/2017 01:56:55 AM,0.04,in,A
06/30/2017 01:55:55 AM,06/30/2017 01:56:25 AM,0.04,in,A
06/30/2017 01:54:32 AM,06/30/2017 01:54:55 AM,0.04,in,A
06/30/2017 01:53:22 AM,06/30/2017 01:53:25 AM,0.04,in,A
06/30/2017 01:52:17 AM,06/30/2017 01:52:25 AM,0.04,in,A
06/30/2017 01:51:20 AM,06/30/2017 01:51:26 AM,0.04,in,A
06/29/2017 07:43:26 PM,06/29/2017 07:43:55 PM,0.00,in,A
06/29/2017 10:35:57 AM,06/29/2017 10:36:25 AM,0.04,in,A
06/29/2017 10:23:14 AM,06/29/2017 10:23:25 AM,0.04,in,A
06/29/2017 10:19:38 AM,06/29/2017 10:19:56 AM,0.04,in,A
06/29/2017 10:17:22 AM,06/29/2017 10:17:25 AM,0.04,in,A
06/29/2017 10:16:00 AM,06/29/2017 10:16:25 AM,0.08,in,A
06/29/2017 10:13:06 AM,06/29/2017 10:13:25 AM,0.04,in,A
06/29/2017 10:11:45 AM,06/29/2017 10:11:56 AM,0.04,in,A
06/29/2017 10:10:36 AM,06/29/2017 10:10:55 AM,0.08,in,A
06/29/2017 10:05:04 AM,06/29/2017 10:05:25 AM,0.04,in,A
06/29/2017 10:00:20 AM,06/29/2017 10:00:25 AM,0.04,in,A
06/29/2017 09:51:58 AM,06/29/2017 09:52:25 AM,0.04,in,A
06/29/2017 09:13:11 AM,06/29/2017 09:13:25 AM,0.04,in,A
06/29/2017 08:57:22 AM,06/29/2017 08:57:25 AM,0.04,in,A
06/29/2017 08:51:19 AM,06/29/2017 08:51:25 AM,0.04,in,A
06/29/2017 08:42:10 AM,06/29/2017 08:42:25 AM,0.04,in,A
06/29/2017 08:36:11 AM,06/29/2017 08:36:25 AM,0.04,in,A
06/29/2017 08:21:26 AM,06/29/2017 08:21:55 AM,0.04,in,A
06/29/2017 08:11:15 AM,06/29/2017 08:11:25 AM,0.04,in,A
06/29/2017 08:04:38 AM,06/29/2017 08:04:55 AM,0.04,in,A
06/29/2017 08:00:27 AM,06/29/2017 08:00:56 AM,0.04,in,A
06/29/2017 07:57:21 AM,06/29/2017 07:57:25 AM,0.04,in,A
06/29/2017 07:54:15 AM,06/29/2017 07:54:25 AM,0.04,in,A
06/29/2017 07:52:06 AM,06/29/2017 07:52:25 AM,0.04,in,A
06/29/2017 07:50:40 AM,06/29/2017 07:50:55 AM,0.04,in,A
06/29/2017 07:49:27 AM,06/29/2017 07:49:55 AM,0.04,in,A
06/29/2017 07:48:36 AM,06/29/2017 07:48:56 AM,0.08,in,A
06/29/2017 07:47:24 AM,06/29/2017 07:47:26 AM,0.04,in,A
06/29/2017 07:47:01 AM,06/29/2017 07:47:26 AM,0.04,in,A
06/29/2017 07:46:41 AM,06/29/2017 07:46:56 AM,0.04,in,A
06/29/2017 07:46:18 AM,06/29/2017 07:46:26 AM,0.00,in,A
06/29/2017 07:45:55 AM,06/29/2017 07:46:26 AM,0.04,in,A
06/29/2017 07:45:31 AM,06/29/2017 07:45:56 AM,0.04,in,A
06/29/2017 07:45:04 AM,06/29/2017 07:45:26 AM,0.04,in,A
06/29/2017 07:44:37 AM,06/29/2017 07:44:56 AM,0.04,in,A
06/29/2017 07:44:11 AM,06/29/2017 07:44:26 AM,0.04,in,A
06/29/2017 07:43:49 AM,06/29/2017 07:43:56 AM,0.16,in,A
06/29/2017 07:41:06 AM,06/29/2017 07:41:26 AM,0.04,in,A
06/29/2017 07:40:27 AM,06/29/2017 07:40:56 AM,0.04,in,A
06/29/2017 07:39:42 AM,06/29/2017 07:39:56 AM,0.04,in,A
06/29/2017 07:38:59 AM,06/29/2017 07:39:26 AM,0.04,in,A
06/29/2017 07:37:50 AM,06/29/2017 07:37:56 AM,0.04,in,A
06/28/2017 07:52:03 AM,06/28/2017 07:52:25 AM,0.00,in,A
06/27/2017 07:54:55 PM,06/27/2017 07:55:25 PM,0.00,in,A
06/27/2017 07:57:48 AM,06/27/2017 07:57:55 AM,0.00,in,A
06/26/2017 08:00:40 PM,06/26/2017 08:00:55 PM,0.00,in,A
06/26/2017 08:03:32 AM,06/26/2017 08:03:55 AM,0.00,in,A
06/25/2017 08:06:25 PM,06/25/2017 08:06:55 PM,0.00,in,A
06/25/2017 08:09:17 AM,06/25/2017 08:09:25 AM,0.00,in,A
06/24/2017 08:12:10 PM,06/24/2017 08:12:25 PM,0.00,in,A
06/24/2017 08:15:02 AM,06/24/2017 08:15:25 AM,0.00,in,A
06/23/2017 08:17:54 PM,06/23/2017 08:17:55 PM,0.00,in,A
06/23/2017 08:20:47 AM,06/23/2017 08:20:55 AM,0.00,in,A
06/22/2017 08:23:39 PM,06/22/2017 08:23:55 PM,0.00,in,A
06/22/2017 08:26:32 AM,06/22/2017 08:26:55 AM,0.00,in,A
06/21/2017 08:29:24 PM,06/21/2017 08:29:25 PM,0.00,in,A
06/21/2017 08:32:16 AM,06/21/2017 08:32:25 AM,0.00,in,A
06/20/2017 08:35:09 PM,06/20/2017 08:35:25 PM,0.00,in,A
06/20/2017 08:38:01 AM,06/20/2017 08:38:25 AM,0.00,in,A
06/19/2017 08:40:54 PM,06/19/2017 08:40:55 PM,0.00,in,A
06/19/2017 08:43:46 AM,06/19/2017 08:43:55 AM,0.00,in,A
06/18/2017 08:46:38 PM,06/18/2017 08:46:55 PM,0.00,in,A
06/18/2017 08:49:31 AM,06/18/2017 08:49:55 AM,0.00,in,A
06/18/2017 03:35:43 AM,06/18/2017 03:35:55 AM,0.04,in,A
06/18/2017 02:34:45 AM,06/18/2017 02:34:55 AM,0.04,in,A
06/18/2017 02:18:03 AM,06/18/2017 02:18:25 AM,0.04,in,A
06/18/2017 01:38:23 AM,06/18/2017 01:38:25 AM,0.04,in,A
06/18/2017 01:24:57 AM,06/18/2017 01:25:25 AM,0.04,in,A
06/18/2017 12:55:24 AM,06/18/2017 12:55:25 AM,0.04,in,A
06/17/2017 09:41:19 PM,06/17/2017 09:41:25 PM,0.08,in,A
06/17/2017 09:36:00 PM,06/17/2017 09:36:26 PM,0.04,in,A
06/17/2017 09:25:12 PM,06/17/2017 09:25:26 PM,0.04,in,A
06/17/2017 08:52:23 PM,06/17/2017 08:52:25 PM,0.00,in,A
06/17/2017 01:24:00 PM,06/17/2017 01:24:25 PM,0.04,in,A
06/17/2017 08:55:16 AM,06/17/2017 08:55:25 AM,0.00,in,A
06/17/2017 01:31:51 AM,06/17/2017 01:31:55 AM,0.08,in,A
06/17/2017 01:25:21 AM,06/17/2017 01:25:25 AM,0.04,in,A
06/17/2017 01:23:29 AM,06/17/2017 01:23:55 AM,0.04,in,A
06/17/2017 01:22:15 AM,06/17/2017 01:22:25 AM,0.04,in,A
06/17/2017 01:20:08 AM,06/17/2017 01:20:25 AM,0.04,in,A
06/17/2017 01:18:10 AM,06/17/2017 01:18:25 AM,0.04,in,A
06/17/2017 01:16:30 AM,06/17/2017 01:16:55 AM,0.04,in,A
06/17/2017 01:15:29 AM,06/17/2017 01:15:55 AM,0.04,in,A
06/17/2017 01:14:37 AM,06/17/2017 01:14:55 AM,0.12,in,A
06/17/2017 01:11:23 AM,06/17/2017 01:11:26 AM,0.04,in,A
06/17/2017 01:10:39 AM,06/17/2017 01:10:55 AM,0.04,in,A
06/17/2017 01:09:58 AM,06/17/2017 01:10:25 AM,0.04,in,A
06/17/2017 01:09:21 AM,06/17/2017 01:09:25 AM,0.04,in,A
06/17/2017 01:08:42 AM,06/17/2017 01:08:55 AM,0.04,in,A
06/17/2017 01:08:00 AM,06/17/2017 01:08:25 AM,0.04,in,A
06/17/2017 01:07:16 AM,06/17/2017 01:07:26 AM,0.04,in,A
06/17/2017 01:06:37 AM,06/17/2017 01:06:55 AM,0.04,in,A
06/17/2017 01:05:49 AM,06/17/2017 01:05:56 AM,0.04,in,A
06/17/2017 01:05:08 AM,06/17/2017 01:05:25 AM,0.04,in,A
06/17/2017 01:04:36 AM,06/17/2017 01:04:56 AM,0.08,in,A
06/17/2017 01:03:18 AM,06/17/2017 01:03:26 AM,0.04,in,A
06/17/2017 01:02:35 AM,06/17/2017 01:02:56 AM,0.04,in,A
06/17/2017 01:01:44 AM,06/17/2017 01:01:56 AM,0.04,in,A
06/17/2017 01:00:50 AM,06/17/2017 01:00:56 AM,0.04,in,A
06/17/2017 12:59:53 AM,06/17/2017 12:59:56 AM,0.04,in,A
06/17/2017 12:58:54 AM,06/17/2017 12:58:56 AM,0.08,in,A
06/17/2017 12:56:37 AM,06/17/2017 12:56:56 AM,0.04,in,A
06/17/2017 12:55:34 AM,06/17/2017 12:55:56 AM,0.08,in,A
06/16/2017 08:57:49 PM,06/16/2017 08:57:55 PM,0.00,in,A
06/16/2017 08:59:46 AM,06/16/2017 08:59:55 AM,0.00,in,A
06/15/2017 09:01:44 PM,06/15/2017 09:01:55 PM,0.00,in,A
06/15/2017 09:03:41 AM,06/15/2017 09:03:55 AM,0.00,in,A
06/14/2017 09:05:38 PM,06/14/2017 09:05:55 PM,0.00,in,A
06/14/2017 09:07:35 AM,06/14/2017 09:07:55 AM,0.00,in,A
06/14/2017 07:24:56 AM,06/14/2017 07:25:25 AM,0.04,in,A
06/14/2017 06:45:03 AM,06/14/2017 06:45:25 AM,0.04,in,A
06/13/2017 09:09:32 PM,06/13/2017 09:09:55 PM,0.00,in,A
06/13/2017 09:11:30 AM,06/13/2017 09:11:55 AM,0.00,in,A
06/12/2017 09:13:27 PM,06/12/2017 09:13:55 PM,0.00,in,A
06/12/2017 09:15:24 AM,06/12/2017 09:15:25 AM,0.00,in,A
06/11/2017 09:19:19 AM,06/11/2017 09:19:25 AM,0.00,in,A
06/10/2017 09:21:16 PM,06/10/2017 09:21:25 PM,0.00,in,A
06/10/2017 09:23:13 AM,06/10/2017 09:23:25 AM,0.00,in,A
06/09/2017 09:25:11 PM,06/09/2017 09:25:25 PM,0.00,in,A
06/09/2017 09:27:08 AM,06/09/2017 09:27:25 AM,0.00,in,A
06/08/2017 09:29:05 PM,06/08/2017 09:29:25 PM,0.00,in,A
06/08/2017 09:31:02 AM,06/08/2017 09:31:25 AM,0.00,in,A
06/07/2017 09:32:59 PM,06/07/2017 09:33:25 PM,0.00,in,A
06/07/2017 09:34:57 AM,06/07/2017 09:35:25 AM,0.00,in,A
06/06/2017 09:36:54 PM,06/06/2017 09:36:55 PM,0.00,in,A
06/06/2017 09:38:51 AM,06/06/2017 09:38:55 AM,0.00,in,A
06/05/2017 09:40:48 PM,06/05/2017 09:40:55 PM,0.00,in,A
06/05/2017 09:42:45 AM,06/05/2017 09:42:55 AM,0.00,in,A
06/04/2017 09:44:43 PM,06/04/2017 09:44:55 PM,0.00,in,A
06/04/2017 04:03:59 PM,06/04/2017 04:04:25 PM,0.04,in,A
06/04/2017 03:31:16 PM,06/04/2017 03:31:25 PM,0.04,in,A
06/04/2017 03:04:52 PM,06/04/2017 03:04:55 PM,0.04,in,A
06/04/2017 02:59:14 PM,06/04/2017 02:59:25 PM,0.04,in,A
06/04/2017 02:58:08 PM,06/04/2017 02:58:25 PM,0.04,in,A
06/04/2017 02:57:15 PM,06/04/2017 02:57:25 PM,0.04,in,A
06/04/2017 02:56:31 PM,06/04/2017 02:56:55 PM,0.04,in,A
06/04/2017 02:55:27 PM,06/04/2017 02:55:55 PM,0.04,in,A
06/04/2017 02:54:23 PM,06/04/2017 02:54:25 PM,0.04,in,A
06/04/2017 02:53:38 PM,06/04/2017 02:53:55 PM,0.04,in,A
06/04/2017 02:52:53 PM,06/04/2017 02:52:56 PM,0.04,in,A
06/04/2017 02:51:48 PM,06/04/2017 02:51:55 PM,0.04,in,A
06/04/2017 02:50:38 PM,06/04/2017 02:50:55 PM,0.04,in,A
06/04/2017 02:49:40 PM,06/04/2017 02:49:55 PM,0.04,in,A
06/04/2017 02:48:37 PM,06/04/2017 02:48:55 PM,0.04,in,A
06/04/2017 02:47:14 PM,06/04/2017 02:47:25 PM,0.04,in,A
06/04/2017 02:45:16 PM,06/04/2017 02:45:25 PM,0.04,in,A
06/04/2017 02:42:46 PM,06/04/2017 02:42:55 PM,0.04,in,A
06/04/2017 02:39:46 PM,06/04/2017 02:39:55 PM,0.04,in,A
06/04/2017 02:36:41 PM,06/04/2017 02:36:55 PM,0.04,in,A
06/04/2017 09:46:40 AM,06/04/2017 09:46:55 AM,0.00,in,A
06/04/2017 06:14:23 AM,06/04/2017 06:14:25 AM,0.04,in,A
06/03/2017 09:48:37 PM,06/03/2017 09:48:55 PM,0.00,in,A
06/02/2017 09:52:32 PM,06/02/2017 09:52:55 PM,0.00,in,A
06/02/2017 09:54:29 AM,06/02/2017 09:54:55 AM,0.00,in,A
06/01/2017 09:56:26 PM,06/01/2017 09:56:55 PM,0.00,in,A
06/01/2017 09:58:24 AM,06/01/2017 09:58:25 AM,0.00,in,A
06/01/2017 06:36:04 AM,06/01/2017 06:36:25 AM,0.04,in,A
06/01/2017 06:19:27 AM,06/01/2017 06:19:55 AM,0.04,in,A
06/01/2017 05:53:59 AM,06/01/2017 05:54:25 AM,0.04,in,A
06/01/2017 05:25:16 AM,06/01/2017 05:25:25 AM,0.04,in,A
06/01/2017 04:59:11 AM,06/01/2017 04:59:25 AM,0.04,in,A
05/31/2017 10:00:21 PM,05/31/2017 10:00:25 PM,0.00,in,A
05/31/2017 02:29:35 PM,05/31/2017 02:29:55 PM,0.04,in,A
05/31/2017 10:02:18 AM,05/31/2017 10:02:25 AM,0.00,in,A
05/30/2017 10:04:15 PM,05/30/2017 10:04:25 PM,0.00,in,A
05/30/2017 05:16:48 PM,05/30/2017 05:16:55 PM,0.04,in,A
05/30/2017 10:06:12 AM,05/30/2017 10:06:25 AM,0.00,in,A
05/29/2017 10:08:10 PM,05/29/2017 10:08:25 PM,0.00,in,A
05/29/2017 10:10:07 AM,05/29/2017 10:10:25 AM,0.00,in,A
05/28/2017 10:12:04 PM,05/28/2017 10:12:25 PM,0.00,in,A
05/28/2017 10:14:01 AM,05/28/2017 10:14:25 AM,0.00,in,A
05/27/2017 10:15:58 PM,05/27/2017 10:16:25 PM,0.00,in,A
05/27/2017 05:19:09 PM,05/27/2017 05:19:25 PM,0.04,in,A
05/27/2017 05:18:28 PM,05/27/2017 05:18:55 PM,0.04,in,A
05/27/2017 05:17:49 PM,05/27/2017 05:17:56 PM,0.04,in,A
05/27/2017 05:17:13 PM,05/27/2017 05:17:25 PM,0.04,in,A
05/27/2017 05:16:14 PM,05/27/2017 05:16:25 PM,0.04,in,A
05/27/2017 05:15:03 PM,05/27/2017 05:15:25 PM,0.04,in,A
05/27/2017 05:14:16 PM,05/27/2017 05:14:25 PM,0.04,in,A
05/27/2017 05:12:55 PM,05/27/2017 05:13:25 PM,0.08,in,A
05/27/2017 12:31:18 PM,05/27/2017 12:31:26 PM,0.04,in,A
05/27/2017 12:29:25 PM,05/27/2017 12:29:55 PM,0.04,in,A
05/27/2017 12:28:05 PM,05/27/2017 12:28:27 PM,0.04,in,A
05/27/2017 12:26:58 PM,05/27/2017 12:27:25 PM,0.04,in,A
05/27/2017 12:26:13 PM,05/27/2017 12:26:26 PM,0.04,in,A
05/27/2017 12:25:40 PM,05/27/2017 12:25:56 PM,0.04,in,A
05/27/2017 12:25:07 PM,05/27/2017 12:25:26 PM,0.04,in,A
05/27/2017 12:24:30 PM,05/27/2017 12:24:55 PM,0.04,in,A
05/27/2017 12:23:53 PM,05/27/2017 12:23:56 PM,0.04,in,A
05/27/2017 12:23:17 PM,05/27/2017 12:23:25 PM,0.04,in,A
05/27/2017 12:22:40 PM,05/27/2017 12:22:55 PM,0.04,in,A
05/27/2017 12:22:09 PM,05/27/2017 12:22:25 PM,0.04,in,A
05/27/2017 12:21:29 PM,05/27/2017 12:21:55 PM,0.04,in,A
05/27/2017 12:20:59 PM,05/27/2017 12:21:25 PM,0.04,in,A
05/27/2017 12:20:23 PM,05/27/2017 12:20:26 PM,0.08,in,A
05/27/2017 12:18:31 PM,05/27/2017 12:18:55 PM,0.04,in,A
05/27/2017 10:17:56 AM,05/27/2017 10:18:25 AM,0.00,in,A
05/26/2017 10:19:53 PM,05/26/2017 10:19:56 PM,0.00,in,A
05/26/2017 10:21:50 AM,05/26/2017 10:21:56 AM,0.04,in,A
05/25/2017 10:23:48 PM,05/25/2017 10:23:55 PM,0.00,in,A
05/25/2017 10:25:45 AM,05/25/2017 10:25:55 AM,0.00,in,A
05/24/2017 10:27:42 PM,05/24/2017 10:27:55 PM,0.00,in,A
05/24/2017 10:29:39 AM,05/24/2017 10:29:55 AM,0.00,in,A
05/23/2017 10:31:36 PM,05/23/2017 10:31:55 PM,0.00,in,A
05/23/2017 05:17:03 PM,05/23/2017 05:17:25 PM,0.04,in,A
05/23/2017 05:11:01 PM,05/23/2017 05:11:25 PM,0.04,in,A
05/23/2017 10:33:33 AM,05/23/2017 10:33:55 AM,0.00,in,A
05/23/2017 07:53:51 AM,05/23/2017 07:53:56 AM,0.04,in,A
05/22/2017 10:35:30 PM,05/22/2017 10:35:55 PM,0.00,in,A
05/22/2017 09:38:20 PM,05/22/2017 09:38:25 PM,0.04,in,A
05/22/2017 09:20:36 PM,05/22/2017 09:20:55 PM,0.04,in,A
05/22/2017 10:37:27 AM,05/22/2017 10:37:55 AM,0.00,in,A
05/21/2017 10:39:24 PM,05/21/2017 10:39:25 PM,0.00,in,A
05/21/2017 10:41:22 AM,05/21/2017 10:41:25 AM,0.00,in,A
05/20/2017 10:43:19 PM,05/20/2017 10:43:25 PM,0.00,in,A
05/20/2017 10:45:16 AM,05/20/2017 10:45:25 AM,0.00,in,A
05/20/2017 08:56:00 AM,05/20/2017 08:56:25 AM,0.04,in,A
05/20/2017 01:29:44 AM,05/20/2017 01:29:55 AM,0.04,in,A
05/20/2017 01:09:35 AM,05/20/2017 01:09:55 AM,0.04,in,A
05/20/2017 12:50:20 AM,05/20/2017 12:50:26 AM,0.04,in,A
05/20/2017 12:31:36 AM,05/20/2017 12:31:55 AM,0.04,in,A
05/20/2017 12:06:01 AM,05/20/2017 12:06:25 AM,0.08,in,A
05/19/2017 10:47:13 PM,05/19/2017 10:47:25 PM,0.00,in,A
05/19/2017 04:38:15 PM,05/19/2017 04:38:26 PM,0.04,in,A
05/19/2017 04:26:06 PM,05/19/2017 04:26:25 PM,0.04,in,A
05/19/2017 04:12:54 PM,05/19/2017 04:12:56 PM,0.04,in,A
05/19/2017 04:05:11 PM,05/19/2017 04:05:26 PM,0.04,in,A
05/19/2017 03:34:39 PM,05/19/2017 03:34:56 PM,0.04,in,A
05/19/2017 03:23:21 PM,05/19/2017 03:23:26 PM,0.08,in,A
05/19/2017 03:17:12 PM,05/19/2017 03:17:25 PM,0.04,in,A
05/19/2017 03:15:23 PM,05/19/2017 03:15:26 PM,0.04,in,A
05/19/2017 03:12:47 PM,05/19/2017 03:12:55 PM,0.04,in,A
05/19/2017 03:10:10 PM,05/19/2017 03:10:25 PM,0.04,in,A
05/19/2017 10:49:11 AM,05/19/2017 10:49:25 AM,0.00,in,A
05/19/2017 02:46:01 AM,05/19/2017 02:46:25 AM,0.04,in,A
05/19/2017 02:20:32 AM,05/19/2017 02:20:55 AM,0.04,in,A
05/19/2017 01:57:33 AM,05/19/2017 01:57:56 AM,0.04,in,A
05/19/2017 01:11:55 AM,05/19/2017 01:12:25 AM,0.04,in,A
05/19/2017 01:05:44 AM,05/19/2017 01:05:56 AM,0.04,in,A
05/19/2017 01:04:28 AM,05/19/2017 01:04:55 AM,0.04,in,A
05/19/2017 01:02:18 AM,05/19/2017 01:02:25 AM,0.04,in,A
05/19/2017 12:49:05 AM,05/19/2017 12:49:25 AM,0.04,in,A
05/19/2017 12:31:56 AM,05/19/2017 12:32:25 AM,0.04,in,A
05/19/2017 12:02:16 AM,05/19/2017 12:02:32 AM,0.04,in,A
05/18/2017 11:42:38 PM,05/18/2017 11:42:56 PM,0.04,in,A
05/18/2017 11:22:13 PM,05/18/2017 11:22:26 PM,0.04,in,A
05/18/2017 11:16:46 PM,05/18/2017 11:16:57 PM,0.04,in,A
05/18/2017 11:14:27 PM,05/18/2017 11:14:58 PM,0.04,in,A
05/18/2017 11:13:09 PM,05/18/2017 11:13:26 PM,0.04,in,A
05/18/2017 11:12:04 PM,05/18/2017 11:12:25 PM,0.08,in,A
05/18/2017 11:09:43 PM,05/18/2017 11:09:56 PM,0.04,in,A
05/18/2017 11:07:59 PM,05/18/2017 11:08:26 PM,0.04,in,A
05/18/2017 11:06:09 PM,05/18/2017 11:06:28 PM,0.04,in,A
05/18/2017 11:03:38 PM,05/18/2017 11:03:56 PM,0.08,in,A
05/18/2017 10:59:03 PM,05/18/2017 10:59:26 PM,0.04,in,A
05/18/2017 10:56:15 PM,05/18/2017 10:56:26 PM,0.08,in,A
05/18/2017 10:51:11 PM,05/18/2017 10:51:28 PM,0.00,in,A
05/18/2017 10:50:50 PM,05/18/2017 10:50:59 PM,0.04,in,A
05/18/2017 10:49:11 PM,05/18/2017 10:49:27 PM,0.04,in,A
05/18/2017 10:47:59 PM,05/18/2017 10:48:26 PM,0.04,in,A
05/18/2017 10:46:54 PM,05/18/2017 10:46:56 PM,0.08,in,A
05/18/2017 10:43:14 PM,05/18/2017 10:43:29 PM,0.04,in,A
05/18/2017 10:41:40 PM,05/18/2017 10:41:58 PM,0.04,in,A
05/18/2017 10:39:47 PM,05/18/2017 10:39:59 PM,0.04,in,A
05/18/2017 10:31:14 PM,05/18/2017 10:31:56 PM,0.08,in,A
05/18/2017 10:24:36 PM,05/18/2017 10:24:57 PM,0.08,in,A
05/18/2017 10:15:15 PM,05/18/2017 10:15:26 PM,0.08,in,A
05/18/2017 10:06:12 PM,05/18/2017 10:06:29 PM,0.04,in,A
05/18/2017 10:53:05 AM,05/18/2017 10:53:25 AM,0.00,in,A
05/17/2017 10:55:03 PM,05/17/2017 10:55:25 PM,0.00,in,A
05/17/2017 10:57:00 AM,05/17/2017 10:57:25 AM,0.00,in,A
05/16/2017 10:58:57 PM,05/16/2017 10:59:25 PM,0.00,in,A
05/16/2017 11:00:54 AM,05/16/2017 11:00:55 AM,0.00,in,A
05/15/2017 11:02:52 PM,05/15/2017 11:02:55 PM,0.00,in,A
05/15/2017 11:04:49 AM,05/15/2017 11:04:55 AM,0.00,in,A
05/14/2017 11:06:46 PM,05/14/2017 11:06:55 PM,0.00,in,A
05/14/2017 11:08:43 AM,05/14/2017 11:08:55 AM,0.00,in,A
05/13/2017 11:10:40 PM,05/13/2017 11:10:55 PM,0.00,in,A
05/13/2017 11:12:38 AM,05/13/2017 11:12:55 AM,0.00,in,A
05/12/2017 11:14:35 PM,05/12/2017 11:14:55 PM,0.00,in,A
05/12/2017 11:16:32 AM,05/12/2017 11:16:55 AM,0.00,in,A
05/11/2017 11:18:29 PM,05/11/2017 11:18:55 PM,0.00,in,A
05/11/2017 11:20:26 AM,05/11/2017 11:20:55 AM,0.00,in,A
05/10/2017 11:22:23 PM,05/10/2017 11:22:25 PM,0.00,in,A
05/10/2017 08:42:34 PM,05/10/2017 08:42:55 PM,0.04,in,A
05/10/2017 02:15:54 PM,05/10/2017 02:15:58 PM,0.04,in,A
05/10/2017 02:09:34 PM,05/10/2017 02:09:56 PM,0.04,in,A
05/10/2017 02:08:39 PM,05/10/2017 02:08:55 PM,0.12,in,A
05/10/2017 02:05:33 PM,05/10/2017 02:05:55 PM,0.04,in,A
05/10/2017 02:04:53 PM,05/10/2017 02:04:55 PM,0.04,in,A
05/10/2017 02:03:45 PM,05/10/2017 02:03:55 PM,0.08,in,A
05/10/2017 02:01:38 PM,05/10/2017 02:01:55 PM,0.04,in,A
05/10/2017 11:24:21 AM,05/10/2017 11:24:26 AM,0.00,in,A
05/09/2017 11:26:18 PM,05/09/2017 11:26:25 PM,0.00,in,A
05/09/2017 11:28:15 AM,05/09/2017 11:28:25 AM,0.00,in,A
05/08/2017 11:30:12 PM,05/08/2017 11:30:25 PM,0.00,in,A
05/08/2017 11:32:09 AM,05/08/2017 11:32:25 AM,0.00,in,A
05/07/2017 11:34:07 PM,05/07/2017 11:34:25 PM,0.00,in,A
05/07/2017 11:36:04 AM,05/07/2017 11:36:25 AM,0.00,in,A
05/06/2017 11:38:01 PM,05/06/2017 11:38:25 PM,0.00,in,A
05/06/2017 11:39:58 AM,05/06/2017 11:40:25 AM,0.00,in,A
05/05/2017 11:41:56 PM,05/05/2017 11:42:25 PM,0.00,in,A
05/05/2017 11:43:52 AM,05/05/2017 11:43:55 AM,0.00,in,A
05/04/2017 11:45:49 PM,05/04/2017 11:45:55 PM,0.00,in,A
05/04/2017 11:47:46 AM,05/04/2017 11:47:56 AM,0.00,in,A
05/03/2017 11:49:43 PM,05/03/2017 11:49:55 PM,0.00,in,A
05/03/2017 02:17:11 PM,05/03/2017 02:17:26 PM,0.04,in,A
05/03/2017 12:58:56 PM,05/03/2017 12:59:25 PM,0.04,in,A
05/03/2017 11:51:40 AM,05/03/2017 11:51:55 AM,0.00,in,A
05/03/2017 11:00:29 AM,05/03/2017 11:00:55 AM,0.04,in,A
05/03/2017 10:22:02 AM,05/03/2017 10:22:25 AM,0.04,in,A
05/03/2017 09:35:08 AM,05/03/2017 09:35:26 AM,0.04,in,A
05/03/2017 09:10:07 AM,05/03/2017 09:10:25 AM,0.08,in,A
05/03/2017 08:40:16 AM,05/03/2017 08:40:25 AM,0.04,in,A
05/03/2017 08:22:06 AM,05/03/2017 08:22:25 AM,0.04,in,A
05/03/2017 08:02:17 AM,05/03/2017 08:02:25 AM,0.04,in,A
05/03/2017 07:37:39 AM,05/03/2017 07:37:55 AM,0.04,in,A
05/03/2017 06:57:56 AM,05/03/2017 06:58:25 AM,0.04,in,A
05/03/2017 06:35:11 AM,05/03/2017 06:35:25 AM,0.04,in,A
05/03/2017 06:16:07 AM,05/03/2017 06:16:25 AM,0.04,in,A
05/03/2017 05:57:17 AM,05/03/2017 05:57:25 AM,0.04,in,A
05/03/2017 05:41:27 AM,05/03/2017 05:41:55 AM,0.04,in,A
05/03/2017 05:25:41 AM,05/03/2017 05:25:55 AM,0.04,in,A
05/03/2017 05:01:20 AM,05/03/2017 05:01:25 AM,0.04,in,A
05/02/2017 11:53:37 PM,05/02/2017 11:53:55 PM,0.00,in,A
05/02/2017 11:55:34 AM,05/02/2017 11:55:55 AM,0.00,in,A
05/01/2017 11:57:31 PM,05/01/2017 11:57:55 PM,0.00,in,A
05/01/2017 11:59:28 AM,05/01/2017 11:59:55 AM,0.00,in,A
05/01/2017 03:26:39 AM,05/01/2017 03:26:55 AM,0.04,in,A
05/01/2017 12:01:25 AM,05/01/2017 12:01:55 AM,0.00,in,A
04/30/2017 12:04:49 PM,04/30/2017 12:04:55 PM,0.04,in,A
04/30/2017 12:03:22 PM,04/30/2017 12:03:25 PM,0.00,in,A
04/30/2017 11:17:40 AM,04/30/2017 11:17:55 AM,0.04,in,A
04/30/2017 10:40:01 AM,04/30/2017 10:40:25 AM,0.04,in,A
04/30/2017 10:31:09 AM,04/30/2017 10:31:25 AM,0.04,in,A
04/30/2017 08:00:44 AM,04/30/2017 08:00:55 AM,0.04,in,A
04/30/2017 07:15:34 AM,04/30/2017 07:15:55 AM,0.04,in,A
04/30/2017 07:03:23 AM,04/30/2017 07:03:26 AM,0.04,in,A
04/30/2017 03:38:22 AM,04/30/2017 03:38:25 AM,0.04,in,A
04/30/2017 12:13:15 AM,04/30/2017 12:13:26 AM,0.04,in,A
04/30/2017 12:05:19 AM,04/30/2017 12:05:26 AM,0.00,in,A
04/29/2017 11:53:39 PM,04/29/2017 11:53:56 PM,0.04,in,A
04/29/2017 11:43:49 PM,04/29/2017 11:43:55 PM,0.04,in,A
04/29/2017 11:31:38 PM,04/29/2017 11:31:55 PM,0.04,in,A
04/29/2017 11:22:07 PM,04/29/2017 11:22:25 PM,0.04,in,A
04/29/2017 11:13:25 PM,04/29/2017 11:13:55 PM,0.04,in,A
04/29/2017 11:05:40 PM,04/29/2017 11:05:56 PM,0.04,in,A
04/29/2017 10:58:52 PM,04/29/2017 10:58:56 PM,0.04,in,A
04/29/2017 10:51:28 PM,04/29/2017 10:51:55 PM,0.04,in,A
04/29/2017 10:44:10 PM,04/29/2017 10:44:25 PM,0.04,in,A
04/29/2017 10:36:20 PM,04/29/2017 10:36:26 PM,0.04,in,A
04/29/2017 10:25:11 PM,04/29/2017 10:25:27 PM,0.04,in,A
04/29/2017 10:16:33 PM,04/29/2017 10:16:55 PM,0.04,in,A
04/29/2017 10:10:33 PM,04/29/2017 10:10:55 PM,0.04,in,A
04/29/2017 10:01:53 PM,04/29/2017 10:01:56 PM,0.04,in,A
04/29/2017 09:55:49 PM,04/29/2017 09:55:56 PM,0.04,in,A
04/29/2017 09:42:23 PM,04/29/2017 09:42:26 PM,0.04,in,A
04/29/2017 09:29:45 PM,04/29/2017 09:29:56 PM,0.04,in,A
04/29/2017 09:19:28 PM,04/29/2017 09:19:55 PM,0.04,in,A
04/29/2017 09:13:33 PM,04/29/2017 09:13:56 PM,0.04,in,A
04/29/2017 09:08:30 PM,04/29/2017 09:08:55 PM,0.04,in,A
04/29/2017 09:04:46 PM,04/29/2017 09:04:56 PM,0.04,in,A
04/29/2017 09:01:17 PM,04/29/2017 09:01:26 PM,0.04,in,A
04/29/2017 08:56:46 PM,04/29/2017 08:56:55 PM,0.04,in,A
04/29/2017 08:47:56 PM,04/29/2017 08:48:25 PM,0.04,in,A
04/29/2017 08:38:46 PM,04/29/2017 08:38:55 PM,0.04,in,A
04/29/2017 08:21:32 PM,04/29/2017 08:21:55 PM,0.04,in,A
04/29/2017 07:59:38 PM,04/29/2017 07:59:55 PM,0.04,in,A
04/29/2017 07:27:21 PM,04/29/2017 07:27:26 PM,0.08,in,A
04/29/2017 06:47:15 PM,04/29/2017 06:47:26 PM,0.04,in,A
04/29/2017 06:38:15 PM,04/29/2017 06:38:26 PM,0.04,in,A
04/29/2017 06:30:14 PM,04/29/2017 06:30:25 PM,0.04,in,A
04/29/2017 06:19:54 PM,04/29/2017 06:19:56 PM,0.04,in,A
04/29/2017 06:04:49 PM,04/29/2017 06:04:55 PM,0.04,in,A
04/29/2017 05:57:22 PM,04/29/2017 05:57:25 PM,0.04,in,A
04/29/2017 05:47:47 PM,04/29/2017 05:47:56 PM,0.04,in,A
04/29/2017 05:36:29 PM,04/29/2017 05:36:55 PM,0.04,in,A
04/29/2017 05:26:50 PM,04/29/2017 05:26:56 PM,0.04,in,A
04/29/2017 05:07:13 PM,04/29/2017 05:07:25 PM,0.04,in,A
04/29/2017 04:27:30 PM,04/29/2017 04:27:55 PM,0.04,in,A
04/29/2017 04:11:06 PM,04/29/2017 04:11:25 PM,0.04,in,A
04/29/2017 03:45:17 PM,04/29/2017 03:45:26 PM,0.08,in,A
04/29/2017 02:17:09 PM,04/29/2017 02:17:26 PM,0.08,in,A
04/29/2017 01:21:09 PM,04/29/2017 01:21:26 PM,0.04,in,A
04/29/2017 01:09:07 PM,04/29/2017 01:09:26 PM,0.04,in,A
04/29/2017 01:00:52 PM,04/29/2017 01:00:55 PM,0.04,in,A
04/29/2017 12:54:14 PM,04/29/2017 12:54:26 PM,0.04,in,A
04/29/2017 12:33:11 PM,04/29/2017 12:33:26 PM,0.04,in,A
04/29/2017 12:13:26 PM,04/29/2017 12:13:55 PM,0.04,in,A
04/29/2017 12:07:17 PM,04/29/2017 12:07:26 PM,0.00,in,A
04/29/2017 11:59:09 AM,04/29/2017 11:59:26 AM,0.04,in,A
04/29/2017 11:44:56 AM,04/29/2017 11:45:25 AM,0.04,in,A
04/29/2017 11:38:23 AM,04/29/2017 11:38:25 AM,0.08,in,A
04/29/2017 11:26:42 AM,04/29/2017 11:26:56 AM,0.04,in,A
04/29/2017 11:19:31 AM,04/29/2017 11:19:55 AM,0.04,in,A
04/29/2017 11:11:00 AM,04/29/2017 11:11:25 AM,0.04,in,A
04/29/2017 11:01:02 AM,04/29/2017 11:01:25 AM,0.04,in,A
04/29/2017 10:31:32 AM,04/29/2017 10:31:56 AM,0.04,in,A
04/29/2017 10:23:09 AM,04/29/2017 10:23:26 AM,0.04,in,A
04/29/2017 10:14:39 AM,04/29/2017 10:14:56 AM,0.04,in,A
04/29/2017 10:07:58 AM,04/29/2017 10:08:26 AM,0.04,in,A
04/29/2017 10:01:47 AM,04/29/2017 10:01:56 AM,0.04,in,A
04/29/2017 09:47:26 AM,04/29/2017 09:47:55 AM,0.04,in,A
04/29/2017 09:28:19 AM,04/29/2017 09:28:25 AM,0.04,in,A
04/29/2017 08:25:31 AM,04/29/2017 08:25:55 AM,0.04,in,A
04/29/2017 08:12:52 AM,04/29/2017 08:12:56 AM,0.04,in,A
04/29/2017 08:06:37 AM,04/29/2017 08:06:55 AM,0.04,in,A
04/29/2017 07:57:32 AM,04/29/2017 07:57:55 AM,0.04,in,A
04/29/2017 07:49:50 AM,04/29/2017 07:49:55 AM,0.04,in,A
04/29/2017 07:39:47 AM,04/29/2017 07:39:55 AM,0.04,in,A
04/29/2017 07:31:16 AM,04/29/2017 07:31:25 AM,0.04,in,A
04/29/2017 07:22:52 AM,04/29/2017 07:22:55 AM,0.04,in,A
04/29/2017 07:14:53 AM,04/29/2017 07:14:56 AM,0.04,in,A
04/29/2017 07:05:19 AM,04/29/2017 07:05:25 AM,0.04,in,A
04/29/2017 06:47:14 AM,04/29/2017 06:47:26 AM,0.04,in,A
04/29/2017 06:33:27 AM,04/29/2017 06:33:55 AM,0.04,in,A
04/29/2017 06:22:30 AM,04/29/2017 06:22:55 AM,0.04,in,A
04/29/2017 12:09:14 AM,04/29/2017 12:09:25 AM,0.00,in,A
04/28/2017 12:11:11 PM,04/28/2017 12:11:25 PM,0.00,in,A
04/28/2017 07:05:55 AM,04/28/2017 07:06:25 AM,0.04,in,A
04/28/2017 06:21:47 AM,04/28/2017 06:21:56 AM,0.04,in,A
04/28/2017 05:47:11 AM,04/28/2017 05:47:26 AM,0.04,in,A
04/28/2017 05:28:16 AM,04/28/2017 05:28:26 AM,0.04,in,A
04/28/2017 04:35:55 AM,04/28/2017 04:36:25 AM,0.04,in,A
04/28/2017 04:26:41 AM,04/28/2017 04:26:55 AM,0.04,in,A
04/28/2017 03:07:44 AM,04/28/2017 03:07:55 AM,0.04,in,A
04/28/2017 01:42:58 AM,04/28/2017 01:43:25 AM,0.04,in,A
04/28/2017 12:13:08 AM,04/28/2017 12:13:25 AM,0.00,in,A
04/27/2017 08:28:58 PM,04/27/2017 08:29:25 PM,0.04,in,A
04/27/2017 01:12:05 AM,04/27/2017 01:12:25 AM,0.00,in,A
04/26/2017 06:31:24 PM,04/26/2017 06:31:25 PM,0.04,in,A
04/26/2017 01:14:02 PM,04/26/2017 01:14:25 PM,0.00,in,A
04/26/2017 07:01:56 AM,04/26/2017 07:02:25 AM,0.04,in,A
04/26/2017 06:26:19 AM,04/26/2017 06:26:25 AM,0.04,in,A
04/26/2017 05:52:03 AM,04/26/2017 05:52:25 AM,0.04,in,A
04/26/2017 02:21:07 AM,04/26/2017 02:21:25 AM,0.04,in,A
04/26/2017 01:45:43 AM,04/26/2017 01:45:55 AM,0.04,in,A
04/26/2017 01:21:38 AM,04/26/2017 01:21:55 AM,0.04,in,A
04/26/2017 01:15:59 AM,04/26/2017 01:16:25 AM,0.00,in,A
04/26/2017 12:46:16 AM,04/26/2017 12:46:25 AM,0.04,in,A
04/26/2017 12:15:54 AM,04/26/2017 12:15:55 AM,0.04,in,A
04/25/2017 11:47:42 PM,04/25/2017 11:47:55 PM,0.04,in,A
04/25/2017 10:53:36 PM,04/25/2017 10:53:55 PM,0.04,in,A
04/25/2017 10:20:00 PM,04/25/2017 10:20:25 PM,0.04,in,A
04/25/2017 10:16:45 PM,04/25/2017 10:16:56 PM,0.04,in,A
04/25/2017 10:15:20 PM,04/25/2017 10:15:25 PM,0.04,in,A
04/25/2017 10:14:35 PM,04/25/2017 10:14:55 PM,0.04,in,A
04/25/2017 10:13:38 PM,04/25/2017 10:13:55 PM,0.04,in,A
04/25/2017 10:12:47 PM,04/25/2017 10:12:55 PM,0.04,in,A
04/25/2017 10:11:32 PM,04/25/2017 10:11:55 PM,0.04,in,A
04/25/2017 10:10:21 PM,04/25/2017 10:10:26 PM,0.04,in,A
04/25/2017 10:08:29 PM,04/25/2017 10:08:55 PM,0.04,in,A
04/25/2017 10:03:44 PM,04/25/2017 10:03:55 PM,0.04,in,A
04/25/2017 01:17:57 PM,04/25/2017 01:18:25 PM,0.00,in,A
04/25/2017 01:19:54 AM,04/25/2017 01:19:55 AM,0.00,in,A
04/24/2017 01:21:51 PM,04/24/2017 01:21:55 PM,0.00,in,A
04/24/2017 01:23:48 AM,04/24/2017 01:23:55 AM,0.00,in,A
04/23/2017 01:25:45 PM,04/23/2017 01:25:55 PM,0.00,in,A
04/23/2017 01:27:42 AM,04/23/2017 01:27:55 AM,0.00,in,A
04/22/2017 01:29:39 PM,04/22/2017 01:29:55 PM,0.04,in,A
04/21/2017 01:33:33 PM,04/21/2017 01:33:55 PM,0.00,in,A
04/20/2017 01:37:28 PM,04/20/2017 01:37:55 PM,0.00,in,A
04/20/2017 01:39:25 AM,04/20/2017 01:39:55 AM,0.00,in,A
04/19/2017 01:41:22 PM,04/19/2017 01:41:25 PM,0.00,in,A
04/19/2017 01:43:19 AM,04/19/2017 01:43:25 AM,0.00,in,A
04/18/2017 01:45:16 PM,04/18/2017 01:45:26 PM,0.00,in,A
04/18/2017 01:47:13 AM,04/18/2017 01:47:25 AM,0.00,in,A
04/17/2017 01:49:10 PM,04/17/2017 01:49:25 PM,0.00,in,A
04/17/2017 01:51:08 AM,04/17/2017 01:51:25 AM,0.00,in,A
04/17/2017 01:11:53 AM,04/17/2017 01:11:55 AM,0.04,in,A
04/16/2017 01:53:05 PM,04/16/2017 01:53:25 PM,0.00,in,A
04/16/2017 03:14:22 AM,04/16/2017 03:14:26 AM,0.04,in,A
04/16/2017 03:04:35 AM,04/16/2017 03:04:56 AM,0.04,in,A
04/16/2017 02:47:25 AM,04/16/2017 02:47:55 AM,0.04,in,A
04/16/2017 02:32:57 AM,04/16/2017 02:33:25 AM,0.04,in,A
04/16/2017 02:21:07 AM,04/16/2017 02:21:25 AM,0.04,in,A
04/16/2017 02:13:38 AM,04/16/2017 02:13:56 AM,0.04,in,A
04/16/2017 01:58:17 AM,04/16/2017 01:58:26 AM,0.04,in,A
04/16/2017 01:55:02 AM,04/16/2017 01:55:26 AM,0.00,in,A
04/16/2017 01:40:23 AM,04/16/2017 01:40:27 AM,0.04,in,A
04/16/2017 01:34:46 AM,04/16/2017 01:34:55 AM,0.04,in,A
04/16/2017 01:30:06 AM,04/16/2017 01:30:27 AM,0.04,in,A
04/16/2017 01:26:25 AM,04/16/2017 01:28:09 AM,0.04,in,A
04/16/2017 01:23:18 AM,04/16/2017 01:27:02 AM,0.04,in,A
04/16/2017 01:17:42 AM,04/16/2017 01:25:01 AM,0.04,in,A
04/16/2017 01:14:27 AM,04/16/2017 01:23:50 AM,0.04,in,A
04/16/2017 01:12:09 AM,04/16/2017 01:23:03 AM,0.04,in,A
04/16/2017 01:09:21 AM,04/16/2017 01:21:54 AM,0.04,in,A
04/16/2017 01:04:48 AM,04/16/2017 01:20:03 AM,0.08,in,A
04/16/2017 12:54:29 AM,04/16/2017 01:15:29 AM,0.04,in,A
04/16/2017 12:52:53 AM,04/16/2017 01:14:39 AM,0.04,in,A
04/15/2017 01:56:59 PM,04/15/2017 01:57:25 PM,0.00,in,A
04/15/2017 01:58:56 AM,04/15/2017 01:59:25 AM,0.00,in,A
04/14/2017 02:00:54 PM,04/14/2017 02:00:56 PM,0.00,in,A
04/14/2017 11:53:32 AM,04/14/2017 11:53:55 AM,0.04,in,A
04/14/2017 11:48:00 AM,04/14/2017 11:48:25 AM,0.04,in,A
04/14/2017 11:09:03 AM,04/14/2017 11:09:25 AM,0.04,in,A
04/14/2017 02:02:51 AM,04/14/2017 02:02:55 AM,0.00,in,A
04/13/2017 02:04:48 PM,04/13/2017 02:04:55 PM,0.00,in,A
04/13/2017 02:06:45 AM,04/13/2017 02:06:55 AM,0.00,in,A
04/12/2017 02:08:42 PM,04/12/2017 02:08:55 PM,0.00,in,A
04/12/2017 02:10:39 AM,04/12/2017 02:10:55 AM,0.00,in,A
04/11/2017 02:12:36 PM,04/11/2017 02:12:55 PM,0.00,in,A
04/11/2017 02:14:33 AM,04/11/2017 02:14:55 AM,0.00,in,A
04/10/2017 02:16:30 PM,04/10/2017 02:16:55 PM,0.00,in,A
04/10/2017 02:18:28 AM,04/10/2017 02:18:55 AM,0.00,in,A
04/09/2017 02:20:25 PM,04/09/2017 02:20:55 PM,0.00,in,A
04/09/2017 02:22:22 AM,04/09/2017 02:22:25 AM,0.00,in,A
04/08/2017 02:24:19 PM,04/08/2017 02:24:25 PM,0.00,in,A
04/08/2017 02:26:17 AM,04/08/2017 02:26:25 AM,0.00,in,A
04/07/2017 02:28:13 PM,04/07/2017 02:28:25 PM,0.00,in,A
04/07/2017 02:30:10 AM,04/07/2017 02:30:25 AM,0.00,in,A
04/06/2017 02:32:07 PM,04/06/2017 02:32:25 PM,0.00,in,A
04/06/2017 02:34:04 AM,04/06/2017 02:34:25 AM,0.00,in,A
04/05/2017 04:21:43 PM,04/05/2017 04:21:56 PM,0.04,in,A
04/05/2017 02:36:01 PM,04/05/2017 02:36:25 PM,0.00,in,A
04/05/2017 06:33:19 AM,04/05/2017 06:33:25 AM,0.04,in,A
04/05/2017 05:27:18 AM,04/05/2017 05:27:25 AM,0.04,in,A
04/05/2017 05:17:43 AM,04/05/2017 05:17:55 AM,0.08,in,A
04/05/2017 04:57:18 AM,04/05/2017 04:57:26 AM,0.04,in,A
04/05/2017 04:50:45 AM,04/05/2017 04:50:56 AM,0.04,in,A
04/05/2017 04:20:17 AM,04/05/2017 04:20:27 AM,0.04,in,A
04/05/2017 03:42:57 AM,04/05/2017 03:43:25 AM,0.04,in,A
04/05/2017 02:42:30 AM,04/05/2017 02:42:55 AM,0.04,in,A
04/05/2017 02:37:58 AM,04/05/2017 02:38:25 AM,0.00,in,A
04/04/2017 10:34:07 PM,04/04/2017 10:34:26 PM,0.04,in,A
04/04/2017 10:26:44 PM,04/04/2017 10:26:56 PM,0.04,in,A
04/04/2017 10:23:48 PM,04/04/2017 10:23:56 PM,0.04,in,A
04/04/2017 10:21:55 PM,04/04/2017 10:22:25 PM,0.04,in,A
04/04/2017 10:19:12 PM,04/04/2017 10:19:25 PM,0.04,in,A
04/04/2017 10:15:30 PM,04/04/2017 10:15:56 PM,0.04,in,A
04/04/2017 10:03:49 PM,04/04/2017 10:03:56 PM,0.04,in,A
04/04/2017 09:59:35 PM,04/04/2017 09:59:56 PM,0.04,in,A
04/04/2017 09:54:32 PM,04/04/2017 09:54:55 PM,0.04,in,A
04/04/2017 09:48:40 PM,04/04/2017 09:48:55 PM,0.04,in,A
04/04/2017 09:39:45 PM,04/04/2017 09:39:55 PM,0.04,in,A
04/04/2017 08:54:53 PM,04/04/2017 08:54:56 PM,0.04,in,A
04/04/2017 08:24:45 PM,04/04/2017 08:24:56 PM,0.04,in,A
04/04/2017 08:12:00 PM,04/04/2017 08:12:26 PM,0.04,in,A
04/04/2017 08:06:32 PM,04/04/2017 08:06:55 PM,0.04,in,A
04/04/2017 08:01:32 PM,04/04/2017 08:01:56 PM,0.04,in,A
04/04/2017 07:52:50 PM,04/04/2017 07:52:56 PM,0.04,in,A
04/04/2017 07:45:54 PM,04/04/2017 07:45:55 PM,0.04,in,A
04/04/2017 07:40:43 PM,04/04/2017 07:40:56 PM,0.04,in,A
04/04/2017 07:35:16 PM,04/04/2017 07:35:25 PM,0.04,in,A
04/04/2017 07:26:37 PM,04/04/2017 07:26:56 PM,0.04,in,A
04/04/2017 07:13:56 PM,04/04/2017 07:14:26 PM,0.04,in,A
04/04/2017 07:01:04 PM,04/04/2017 07:01:25 PM,0.04,in,A
04/04/2017 06:33:48 PM,04/04/2017 06:33:55 PM,0.04,in,A
04/04/2017 06:13:36 PM,04/04/2017 06:13:55 PM,0.08,in,A
04/04/2017 02:39:55 PM,04/04/2017 02:40:25 PM,0.00,in,A
04/04/2017 01:10:36 PM,04/04/2017 01:10:55 PM,0.04,in,A
04/04/2017 02:41:52 AM,04/04/2017 02:41:55 AM,0.00,in,A
04/03/2017 02:43:49 PM,04/03/2017 02:43:55 PM,0.00,in,A
04/03/2017 09:38:18 AM,04/03/2017 09:38:25 AM,0.04,in,A
04/03/2017 06:39:48 AM,04/03/2017 06:39:55 AM,0.04,in,A
04/03/2017 06:25:30 AM,04/03/2017 06:25:55 AM,0.04,in,A
04/03/2017 06:20:48 AM,04/03/2017 06:20:55 AM,0.04,in,A
04/03/2017 06:15:19 AM,04/03/2017 06:15:26 AM,0.04,in,A
04/03/2017 05:08:45 AM,04/03/2017 05:08:56 AM,0.04,in,A
04/03/2017 05:02:42 AM,04/03/2017 05:02:56 AM,0.04,in,A
04/03/2017 03:56:27 AM,04/03/2017 03:56:55 AM,0.04,in,A
04/03/2017 02:45:46 AM,04/03/2017 02:45:55 AM,0.00,in,A
04/03/2017 01:03:46 AM,04/03/2017 01:03:55 AM,0.04,in,A
04/02/2017 02:47:43 PM,04/02/2017 02:47:55 PM,0.00,in,A
04/02/2017 04:59:24 AM,04/02/2017 04:59:25 AM,0.04,in,A
04/02/2017 02:49:40 AM,04/02/2017 02:49:55 AM,0.00,in,A
04/01/2017 02:51:37 PM,04/01/2017 02:51:55 PM,0.00,in,A
04/01/2017 02:53:34 AM,04/01/2017 02:53:55 AM,0.00,in,A
03/31/2017 02:55:31 PM,03/31/2017 02:55:55 PM,0.00,in,A
03/31/2017 02:57:28 AM,03/31/2017 02:57:55 AM,0.00,in,A
03/30/2017 02:59:25 PM,03/30/2017 02:59:55 PM,0.00,in,A
03/30/2017 10:06:35 AM,03/30/2017 10:06:55 AM,0.04,in,A
03/30/2017 03:01:21 AM,03/30/2017 03:01:23 AM,0.00,in,A
03/29/2017 09:59:26 PM,03/29/2017 09:59:31 PM,0.04,in,A
03/29/2017 04:46:03 PM,03/29/2017 04:46:19 PM,0.04,in,A
03/29/2017 03:03:18 PM,03/29/2017 03:03:42 PM,0.00,in,A
03/29/2017 10:34:41 AM,03/29/2017 10:34:58 AM,0.08,in,A
03/29/2017 07:45:51 AM,03/29/2017 07:46:16 AM,0.04,in,A
03/29/2017 07:40:04 AM,03/29/2017 07:40:22 AM,0.04,in,A
03/29/2017 06:01:17 AM,03/29/2017 06:01:19 AM,0.04,in,A
03/29/2017 04:57:54 AM,03/29/2017 04:57:56 AM,0.04,in,A
03/29/2017 04:37:26 AM,03/29/2017 04:37:37 AM,0.04,in,A
03/29/2017 04:28:41 AM,03/29/2017 04:28:58 AM,0.04,in,A
03/29/2017 04:22:49 AM,03/29/2017 04:22:58 AM,0.08,in,A
03/29/2017 04:17:45 AM,03/29/2017 04:18:06 AM,0.04,in,A
03/29/2017 04:16:05 AM,03/29/2017 04:16:31 AM,0.08,in,A
03/29/2017 04:08:05 AM,03/29/2017 04:08:06 AM,0.04,in,A
03/29/2017 04:04:11 AM,03/29/2017 04:04:42 AM,0.04,in,A
03/29/2017 03:58:22 AM,03/29/2017 03:58:42 AM,0.04,in,A
03/29/2017 03:48:54 AM,03/29/2017 03:48:58 AM,0.08,in,A
03/29/2017 03:14:10 AM,03/29/2017 03:14:20 AM,0.04,in,A
03/29/2017 03:05:15 AM,03/29/2017 03:05:55 AM,0.00,in,A
03/29/2017 03:02:39 AM,03/29/2017 03:02:46 AM,0.04,in,A
03/29/2017 02:48:35 AM,03/29/2017 02:49:08 AM,0.04,in,A
03/29/2017 02:24:14 AM,03/29/2017 02:24:23 AM,0.04,in,A
03/28/2017 03:07:12 PM,03/28/2017 03:07:38 PM,0.00,in,A
03/28/2017 03:09:09 AM,03/28/2017 03:09:48 AM,0.00,in,A
03/27/2017 03:11:07 PM,03/27/2017 03:11:19 PM,0.00,in,A
03/27/2017 05:37:14 AM,03/27/2017 05:37:29 AM,0.04,in,A
03/27/2017 03:13:03 AM,03/27/2017 03:13:26 AM,0.00,in,A
03/27/2017 02:23:06 AM,03/27/2017 02:23:09 AM,0.04,in,A
03/27/2017 02:13:07 AM,03/27/2017 02:13:53 AM,0.04,in,A
03/27/2017 02:05:37 AM,03/27/2017 02:06:01 AM,0.04,in,A
03/27/2017 01:58:40 AM,03/27/2017 01:59:03 AM,0.04,in,A
03/27/2017 01:50:22 AM,03/27/2017 01:50:30 AM,0.08,in,A
03/27/2017 01:35:15 AM,03/27/2017 01:35:39 AM,0.04,in,A
03/27/2017 01:28:00 AM,03/27/2017 01:28:16 AM,0.04,in,A
03/27/2017 01:22:07 AM,03/27/2017 01:22:20 AM,0.04,in,A
03/27/2017 01:10:17 AM,03/27/2017 01:10:47 AM,0.04,in,A
03/27/2017 12:59:52 AM,03/27/2017 01:00:27 AM,0.04,in,A
03/26/2017 03:15:01 PM,03/26/2017 03:15:10 PM,0.00,in,A
03/26/2017 03:16:57 AM,03/26/2017 03:17:10 AM,0.00,in,A
03/25/2017 03:18:55 PM,03/25/2017 03:19:08 PM,0.00,in,A
03/25/2017 11:41:30 AM,03/25/2017 11:41:37 AM,0.04,in,A
03/25/2017 11:21:33 AM,03/25/2017 11:21:53 AM,0.04,in,A
03/25/2017 11:05:35 AM,03/25/2017 11:06:15 AM,0.04,in,A
03/25/2017 10:47:56 AM,03/25/2017 10:48:13 AM,0.04,in,A
03/25/2017 01:24:18 AM,03/25/2017 01:24:29 AM,0.04,in,A
03/24/2017 03:50:16 PM,03/24/2017 03:50:16 PM,0.04,in,A
03/24/2017 03:22:49 PM,03/24/2017 03:22:56 PM,0.00,in,A
03/24/2017 02:36:20 PM,03/24/2017 02:36:54 PM,0.04,in,A
03/24/2017 03:24:45 AM,03/24/2017 03:25:11 AM,0.00,in,A
03/23/2017 03:26:43 PM,03/23/2017 03:27:19 PM,0.00,in,A
03/23/2017 03:28:40 AM,03/23/2017 03:28:50 AM,0.00,in,A
03/22/2017 03:30:37 PM,03/22/2017 03:31:21 PM,0.00,in,A
03/22/2017 03:32:34 AM,03/22/2017 03:32:50 AM,0.00,in,A
03/21/2017 03:34:31 PM,03/21/2017 03:34:35 PM,0.00,in,A
03/21/2017 03:36:28 AM,03/21/2017 03:36:35 AM,0.00,in,A
03/20/2017 03:38:25 PM,03/20/2017 03:38:32 PM,0.00,in,A
03/20/2017 03:40:22 AM,03/20/2017 03:40:33 AM,0.00,in,A
03/19/2017 03:42:18 PM,03/19/2017 03:42:57 PM,0.00,in,A
03/19/2017 03:44:15 AM,03/19/2017 03:44:20 AM,0.00,in,A
03/18/2017 03:46:12 PM,03/18/2017 03:46:55 PM,0.00,in,A
03/18/2017 03:48:10 AM,03/18/2017 03:48:26 AM,0.00,in,A
03/17/2017 03:50:06 PM,03/17/2017 03:50:11 PM,0.00,in,A
03/17/2017 03:52:04 AM,03/17/2017 03:52:25 AM,0.00,in,A
03/16/2017 03:54:00 PM,03/16/2017 03:54:24 PM,0.00,in,A
03/16/2017 03:55:57 AM,03/16/2017 03:56:01 AM,0.00,in,A
03/15/2017 03:57:54 PM,03/15/2017 03:58:05 PM,0.00,in,A
03/15/2017 03:59:49 AM,03/15/2017 04:00:15 AM,0.00,in,A
03/14/2017 04:01:46 PM,03/14/2017 04:02:26 PM,0.00,in,A
03/14/2017 04:03:43 AM,03/14/2017 04:03:49 AM,0.00,in,A
03/13/2017 04:05:39 PM,03/13/2017 04:06:04 PM,0.00,in,A
03/13/2017 12:08:54 PM,03/13/2017 12:08:59 PM,0.04,in,A
03/13/2017 04:07:35 AM,03/13/2017 04:07:38 AM,0.00,in,A
03/12/2017 04:09:32 PM,03/12/2017 04:09:41 PM,0.00,in,A
03/12/2017 04:11:29 AM,03/12/2017 04:11:49 AM,0.00,in,A
03/11/2017 03:27:08 PM,03/11/2017 03:27:26 PM,0.04,in,A
03/11/2017 03:13:25 PM,03/11/2017 03:13:48 PM,0.00,in,A
03/11/2017 03:15:22 AM,03/11/2017 03:15:59 AM,0.00,in,A
03/10/2017 03:17:19 PM,03/10/2017 03:17:27 PM,0.00,in,A
03/10/2017 03:19:15 AM,03/10/2017 03:19:22 AM,0.00,in,A
03/09/2017 03:21:12 PM,03/09/2017 03:21:56 PM,0.00,in,A
03/09/2017 03:23:09 AM,03/09/2017 03:23:30 AM,0.00,in,A
03/08/2017 03:25:06 PM,03/08/2017 03:25:09 PM,0.00,in,A
03/08/2017 03:27:02 AM,03/08/2017 03:27:12 AM,0.00,in,A
03/07/2017 03:29:00 PM,03/07/2017 03:29:09 PM,0.00,in,A
03/07/2017 03:30:57 AM,03/07/2017 03:31:16 AM,0.00,in,A
03/06/2017 08:18:57 PM,03/06/2017 08:19:04 PM,0.04,in,A
03/06/2017 08:15:40 PM,03/06/2017 08:15:48 PM,0.04,in,A
03/06/2017 08:14:10 PM,03/06/2017 08:14:25 PM,0.04,in,A
03/06/2017 08:12:53 PM,03/06/2017 08:13:00 PM,0.04,in,A
03/06/2017 08:11:57 PM,03/06/2017 08:12:29 PM,0.04,in,A
03/06/2017 08:10:48 PM,03/06/2017 08:11:19 PM,0.04,in,A
03/06/2017 08:08:16 PM,03/06/2017 08:08:58 PM,0.08,in,A
03/06/2017 03:32:53 PM,03/06/2017 03:33:14 PM,0.00,in,A
03/06/2017 03:34:51 AM,03/06/2017 03:35:29 AM,0.00,in,A
03/05/2017 03:36:47 PM,03/05/2017 03:37:16 PM,0.00,in,A
03/05/2017 03:38:44 AM,03/05/2017 03:39:19 AM,0.00,in,A
03/04/2017 03:40:42 PM,03/04/2017 03:41:07 PM,0.00,in,A
03/04/2017 03:42:38 AM,03/04/2017 03:43:02 AM,0.00,in,A
03/03/2017 03:44:35 PM,03/03/2017 03:44:42 PM,0.00,in,A
03/03/2017 03:46:31 AM,03/03/2017 03:46:54 AM,0.00,in,A
03/02/2017 03:48:28 PM,03/02/2017 03:48:55 PM,0.00,in,A
03/02/2017 03:50:25 AM,03/02/2017 03:50:55 AM,0.00,in,A
03/01/2017 03:52:22 PM,03/01/2017 03:52:25 PM,0.00,in,A
03/01/2017 03:54:18 AM,03/01/2017 03:54:25 AM,0.04,in,A
02/28/2017 05:35:02 PM,02/28/2017 05:35:25 PM,0.04,in,A
02/28/2017 05:33:50 PM,02/28/2017 05:33:55 PM,0.04,in,A
02/28/2017 05:32:15 PM,02/28/2017 05:32:25 PM,0.04,in,A
02/28/2017 05:30:58 PM,02/28/2017 05:31:25 PM,0.04,in,A
02/28/2017 05:29:23 PM,02/28/2017 05:29:25 PM,0.04,in,A
02/28/2017 05:28:49 PM,02/28/2017 05:28:55 PM,0.04,in,A
02/28/2017 05:28:22 PM,02/28/2017 05:28:25 PM,0.04,in,A
02/28/2017 05:27:55 PM,02/28/2017 05:28:25 PM,0.04,in,A
02/28/2017 05:27:14 PM,02/28/2017 05:27:25 PM,0.04,in,A
02/28/2017 05:25:37 PM,02/28/2017 05:25:55 PM,0.04,in,A
02/28/2017 05:23:45 PM,02/28/2017 05:23:55 PM,0.04,in,A
02/28/2017 03:56:16 PM,02/28/2017 03:56:25 PM,0.00,in,A
02/28/2017 03:58:13 AM,02/28/2017 03:58:25 AM,0.00,in,A
02/27/2017 04:00:09 PM,02/27/2017 04:00:25 PM,0.00,in,A
02/27/2017 04:02:06 AM,02/27/2017 04:02:25 AM,0.00,in,A
02/26/2017 04:04:03 PM,02/26/2017 04:04:25 PM,0.00,in,A
02/26/2017 04:05:59 AM,02/26/2017 04:06:25 AM,0.00,in,A
02/25/2017 04:09:52 AM,02/25/2017 04:09:55 AM,0.00,in,A
02/24/2017 04:11:49 PM,02/24/2017 04:11:55 PM,0.00,in,A
02/24/2017 04:13:46 AM,02/24/2017 04:13:55 AM,0.00,in,A
02/23/2017 11:05:35 PM,02/23/2017 11:05:55 PM,0.04,in,A
02/23/2017 04:15:43 PM,02/23/2017 04:15:55 PM,0.00,in,A
02/23/2017 04:17:40 AM,02/23/2017 04:17:55 AM,0.00,in,A
02/22/2017 04:19:36 PM,02/22/2017 04:19:55 PM,0.00,in,A
02/22/2017 04:21:34 AM,02/22/2017 04:21:55 AM,0.00,in,A
02/21/2017 04:23:30 PM,02/21/2017 04:23:55 PM,0.00,in,A
02/21/2017 04:25:27 AM,02/21/2017 04:25:55 AM,0.00,in,A
02/20/2017 04:27:24 PM,02/20/2017 04:27:25 PM,0.00,in,A
02/20/2017 04:29:21 AM,02/20/2017 04:29:26 AM,0.00,in,A
02/19/2017 04:31:18 PM,02/19/2017 04:31:25 PM,0.00,in,A
02/19/2017 04:33:15 AM,02/19/2017 04:33:25 AM,0.00,in,A
02/18/2017 04:35:12 PM,02/18/2017 04:35:25 PM,0.00,in,A
02/18/2017 04:37:08 AM,02/18/2017 04:37:25 AM,0.00,in,A
02/17/2017 04:39:05 PM,02/17/2017 04:39:25 PM,0.00,in,A
02/17/2017 04:41:02 AM,02/17/2017 04:41:25 AM,0.00,in,A
02/16/2017 04:42:59 PM,02/16/2017 04:43:25 PM,0.00,in,A
02/16/2017 04:44:56 AM,02/16/2017 04:45:25 AM,0.00,in,A
02/15/2017 04:46:52 PM,02/15/2017 04:46:55 PM,0.00,in,A
02/15/2017 04:48:49 AM,02/15/2017 04:48:55 AM,0.00,in,A
02/14/2017 04:50:45 PM,02/14/2017 04:50:55 PM,0.00,in,A
02/14/2017 04:52:43 AM,02/14/2017 04:52:55 AM,0.00,in,A
02/13/2017 04:54:39 PM,02/13/2017 04:54:55 PM,0.00,in,A
02/13/2017 04:56:35 AM,02/13/2017 04:56:55 AM,0.00,in,A
02/12/2017 04:58:32 PM,02/12/2017 04:58:55 PM,0.00,in,A
02/12/2017 05:00:29 AM,02/12/2017 05:00:55 AM,0.00,in,A
02/11/2017 05:02:26 PM,02/11/2017 05:02:55 PM,0.00,in,A
02/11/2017 05:04:22 AM,02/11/2017 05:04:25 AM,0.00,in,A
02/10/2017 05:06:19 PM,02/10/2017 05:06:25 PM,0.00,in,A
02/10/2017 05:08:16 AM,02/10/2017 05:08:25 AM,0.00,in,A
02/09/2017 05:10:12 PM,02/09/2017 05:10:25 PM,0.00,in,A
02/09/2017 05:12:09 AM,02/09/2017 05:12:25 AM,0.00,in,A
02/08/2017 05:14:05 PM,02/08/2017 05:14:25 PM,0.00,in,A
02/08/2017 05:16:01 AM,02/08/2017 05:16:25 AM,0.00,in,A
02/07/2017 05:17:58 PM,02/07/2017 05:18:25 PM,0.00,in,A
02/07/2017 05:19:55 AM,02/07/2017 05:20:25 AM,0.00,in,A
02/06/2017 05:21:52 PM,02/06/2017 05:21:55 PM,0.00,in,A
02/06/2017 05:23:48 AM,02/06/2017 05:23:55 AM,0.00,in,A
02/05/2017 05:25:45 PM,02/05/2017 05:25:55 PM,0.00,in,A
02/05/2017 05:27:41 AM,02/05/2017 05:27:55 AM,0.00,in,A
02/04/2017 05:29:38 PM,02/04/2017 05:29:55 PM,0.00,in,A
02/04/2017 05:31:34 AM,02/04/2017 05:31:55 AM,0.00,in,A
02/03/2017 05:33:30 PM,02/03/2017 05:33:55 PM,0.00,in,A
02/03/2017 05:35:27 AM,02/03/2017 05:35:55 AM,0.00,in,A
02/02/2017 05:37:23 PM,02/02/2017 05:37:25 PM,0.00,in,A
02/02/2017 05:39:19 AM,02/02/2017 05:39:25 AM,0.00,in,A
02/01/2017 05:41:16 PM,02/01/2017 05:41:25 PM,0.00,in,A
02/01/2017 05:43:12 AM,02/01/2017 05:43:25 AM,0.00,in,A
01/31/2017 05:45:09 PM,01/31/2017 05:45:25 PM,0.00,in,A
01/31/2017 05:47:06 AM,01/31/2017 05:47:25 AM,0.00,in,A
01/30/2017 05:49:02 PM,01/30/2017 05:49:26 PM,0.00,in,A
01/30/2017 05:50:59 AM,01/30/2017 05:51:25 AM,0.00,in,A
01/29/2017 05:52:55 PM,01/29/2017 05:53:25 PM,0.00,in,A
01/29/2017 05:54:52 AM,01/29/2017 05:54:55 AM,0.00,in,A
01/28/2017 05:56:49 PM,01/28/2017 05:56:55 PM,0.00,in,A
01/28/2017 05:58:45 AM,01/28/2017 05:58:56 AM,0.00,in,A
01/27/2017 06:00:42 PM,01/27/2017 06:00:55 PM,0.00,in,A
01/27/2017 06:02:38 AM,01/27/2017 06:02:55 AM,0.00,in,A
01/26/2017 06:04:34 PM,01/26/2017 06:04:55 PM,0.00,in,A
01/26/2017 06:06:31 AM,01/26/2017 06:06:55 AM,0.00,in,A
01/25/2017 06:08:27 PM,01/25/2017 06:08:55 PM,0.00,in,A
01/25/2017 06:10:24 AM,01/25/2017 06:10:25 AM,0.00,in,A
01/24/2017 06:12:21 PM,01/24/2017 06:12:25 PM,0.00,in,A
01/24/2017 06:14:17 AM,01/24/2017 06:14:25 AM,0.00,in,A
01/23/2017 06:16:14 PM,01/23/2017 06:16:25 PM,0.00,in,A
01/23/2017 06:18:10 AM,01/23/2017 06:18:25 AM,0.00,in,A
01/22/2017 06:20:07 PM,01/22/2017 06:20:25 PM,0.00,in,A
01/22/2017 06:22:04 AM,01/22/2017 06:22:25 AM,0.00,in,A
01/22/2017 02:46:59 AM,01/22/2017 02:47:25 AM,0.04,in,A
01/21/2017 06:24:01 PM,01/21/2017 06:24:25 PM,0.00,in,A
01/21/2017 06:25:57 AM,01/21/2017 06:26:25 AM,0.00,in,A
01/20/2017 06:29:51 AM,01/20/2017 06:29:55 AM,0.00,in,A
01/19/2017 06:33:44 AM,01/19/2017 06:33:55 AM,0.00,in,A
01/18/2017 06:37:37 AM,01/18/2017 06:37:55 AM,0.00,in,A
01/17/2017 06:39:34 PM,01/17/2017 06:39:55 PM,0.00,in,A
01/17/2017 06:41:30 AM,01/17/2017 06:41:55 AM,0.00,in,A
01/16/2017 06:43:27 PM,01/16/2017 06:43:55 PM,0.04,in,A
01/16/2017 08:37:47 AM,01/16/2017 08:37:55 AM,0.04,in,A
01/16/2017 06:45:23 AM,01/16/2017 06:45:25 AM,0.00,in,A
01/16/2017 05:19:11 AM,01/16/2017 05:19:25 AM,0.04,in,A
01/16/2017 04:47:01 AM,01/16/2017 04:47:25 AM,0.04,in,A
01/16/2017 04:35:48 AM,01/16/2017 04:35:57 AM,0.04,in,A
01/16/2017 04:20:52 AM,01/16/2017 04:20:57 AM,0.04,in,A
01/16/2017 04:11:42 AM,01/16/2017 04:11:56 AM,0.04,in,A
01/16/2017 04:04:20 AM,01/16/2017 04:04:26 AM,0.04,in,A
01/16/2017 03:54:32 AM,01/16/2017 03:54:55 AM,0.04,in,A
01/16/2017 03:43:40 AM,01/16/2017 03:43:55 AM,0.04,in,A
01/16/2017 03:27:27 AM,01/16/2017 03:27:55 AM,0.04,in,A
01/16/2017 02:41:20 AM,01/16/2017 02:41:25 AM,0.08,in,A
01/15/2017 06:47:20 PM,01/15/2017 06:47:25 PM,0.00,in,A
01/15/2017 01:56:56 PM,01/15/2017 01:57:25 PM,0.04,in,A
01/15/2017 12:19:20 PM,01/15/2017 12:19:25 PM,0.04,in,A
01/15/2017 10:38:50 AM,01/15/2017 10:38:55 AM,0.04,in,A
01/15/2017 06:49:16 AM,01/15/2017 06:49:25 AM,0.00,in,A
01/14/2017 06:51:13 PM,01/14/2017 06:51:25 PM,0.00,in,A
01/14/2017 06:53:09 AM,01/14/2017 06:53:25 AM,0.00,in,A
01/13/2017 06:55:05 PM,01/13/2017 06:55:25 PM,0.00,in,A
01/13/2017 06:57:02 AM,01/13/2017 06:57:25 AM,0.00,in,A
01/12/2017 06:58:58 PM,01/12/2017 06:59:25 PM,0.00,in,A
01/12/2017 07:00:54 AM,01/12/2017 07:00:55 AM,0.00,in,A
01/11/2017 07:02:51 PM,01/11/2017 07:02:55 PM,0.00,in,A
01/11/2017 07:04:47 AM,01/11/2017 07:04:56 AM,0.00,in,A
01/10/2017 07:06:44 PM,01/10/2017 07:06:55 PM,0.00,in,A
01/10/2017 07:08:41 AM,01/10/2017 07:08:55 AM,0.00,in,A
01/09/2017 07:10:37 PM,01/09/2017 07:10:55 PM,0.00,in,A
01/09/2017 07:12:33 AM,01/09/2017 07:12:55 AM,0.00,in,A
01/08/2017 07:14:29 PM,01/08/2017 07:14:55 PM,0.00,in,A
01/08/2017 03:05:27 PM,01/08/2017 03:05:55 PM,0.04,in,A
01/08/2017 07:16:25 AM,01/08/2017 07:16:55 AM,0.00,in,A
01/07/2017 07:18:21 PM,01/07/2017 07:18:25 PM,0.00,in,A
01/07/2017 12:19:26 PM,01/07/2017 12:19:55 PM,0.04,in,A
01/07/2017 07:20:17 AM,01/07/2017 07:20:25 AM,0.00,in,A
01/06/2017 07:22:13 PM,01/06/2017 07:22:25 PM,0.00,in,A
01/06/2017 07:24:09 AM,01/06/2017 07:24:25 AM,0.00,in,A
01/05/2017 07:26:05 PM,01/05/2017 07:26:25 PM,0.00,in,A
01/05/2017 07:28:01 AM,01/05/2017 07:28:25 AM,0.00,in,A
01/04/2017 07:29:57 PM,01/04/2017 07:30:25 PM,0.00,in,A
01/04/2017 07:31:53 AM,01/04/2017 10:01:56 AM,0.00,in,A
01/03/2017 07:33:50 PM,01/04/2017 10:01:56 AM,0.00,in,A
01/03/2017 07:35:46 AM,01/04/2017 10:01:56 AM,0.00,in,A
01/02/2017 10:28:04 PM,01/04/2017 10:01:56 AM,0.04,in,A
01/02/2017 07:37:42 PM,01/04/2017 10:01:56 AM,0.00,in,A
01/02/2017 12:21:49 PM,01/04/2017 10:01:56 AM,0.04,in,A
01/02/2017 07:39:39 AM,01/04/2017 10:01:56 AM,0.00,in,AN
01/01/2017 07:43:32 AM,01/01/2017 07:43:55 AM,0.00,in,A
12/31/2016 07:45:28 PM,12/31/2016 07:45:55 PM,0.00,in,A
12/31/2016 07:47:26 AM,12/31/2016 07:47:55 AM,0.00,in,A
12/30/2016 07:49:23 PM,12/30/2016 07:49:25 PM,0.00,in,A
12/30/2016 07:51:19 AM,12/30/2016 07:51:25 AM,0.00,in,A
12/29/2016 07:53:15 PM,12/29/2016 07:53:25 PM,0.00,in,A
12/29/2016 07:55:12 AM,12/29/2016 07:55:25 AM,0.00,in,A
12/28/2016 07:57:08 PM,12/28/2016 07:57:25 PM,0.00,in,A
12/28/2016 07:59:05 AM,12/28/2016 07:59:25 AM,0.00,in,A
12/27/2016 08:01:01 PM,12/27/2016 08:01:25 PM,0.00,in,A
12/27/2016 08:02:58 AM,12/27/2016 08:03:25 AM,0.00,in,A
12/26/2016 08:04:54 PM,12/26/2016 08:04:55 PM,0.00,in,A
12/26/2016 08:06:51 AM,12/26/2016 08:06:55 AM,0.00,in,A
12/25/2016 08:08:48 PM,12/25/2016 08:08:55 PM,0.00,in,A
12/25/2016 06:58:13 PM,12/25/2016 06:58:25 PM,0.04,in,A
12/25/2016 06:55:07 PM,12/25/2016 06:55:25 PM,0.04,in,A
12/25/2016 06:46:41 PM,12/25/2016 06:46:56 PM,0.04,in,A
12/25/2016 06:30:46 PM,12/25/2016 06:30:56 PM,0.04,in,A
12/25/2016 03:52:04 PM,12/25/2016 03:52:25 PM,0.04,in,A
12/25/2016 03:21:29 PM,12/25/2016 03:21:55 PM,0.04,in,A
12/25/2016 08:10:44 AM,12/25/2016 08:10:55 AM,0.04,in,A
12/24/2016 08:14:38 AM,12/24/2016 08:14:55 AM,0.00,in,A
12/23/2016 08:16:34 PM,12/23/2016 08:16:55 PM,0.00,in,A
12/23/2016 08:18:31 AM,12/23/2016 08:18:55 AM,0.04,in,A
12/22/2016 08:20:27 PM,12/22/2016 08:20:55 PM,0.00,in,A
12/22/2016 08:22:23 AM,12/22/2016 08:22:25 AM,0.00,in,A
12/21/2016 08:24:20 PM,12/21/2016 08:24:25 PM,0.00,in,A
12/21/2016 08:26:16 AM,12/21/2016 08:26:25 AM,0.00,in,A
12/20/2016 08:28:12 PM,12/20/2016 08:28:25 PM,0.00,in,A
12/20/2016 08:30:09 AM,12/20/2016 08:30:25 AM,0.00,in,A
12/19/2016 08:32:05 PM,12/19/2016 08:32:25 PM,0.00,in,A
12/19/2016 08:34:01 AM,12/19/2016 08:34:25 AM,0.00,in,A
12/18/2016 08:35:56 PM,12/18/2016 08:36:25 PM,0.00,in,A
12/18/2016 02:22:02 PM,12/18/2016 02:22:25 PM,0.04,in,A
12/18/2016 08:37:52 AM,12/18/2016 08:37:55 AM,0.00,in,A
12/17/2016 08:39:48 PM,12/17/2016 08:39:55 PM,0.00,in,A
12/17/2016 08:41:44 AM,12/17/2016 08:41:55 AM,0.00,in,A
12/16/2016 08:43:40 PM,12/16/2016 08:43:55 PM,0.00,in,A
12/16/2016 07:23:36 PM,12/16/2016 07:23:55 PM,0.04,in,A
12/16/2016 08:45:37 AM,12/16/2016 08:45:55 AM,0.00,in,A
12/15/2016 08:47:33 PM,12/15/2016 08:47:55 PM,0.00,in,A
12/15/2016 08:49:29 AM,12/15/2016 08:49:55 AM,0.00,in,A
12/14/2016 08:51:26 PM,12/14/2016 08:51:35 PM,0.00,in,A
12/14/2016 08:53:21 AM,12/14/2016 08:53:52 AM,0.00,in,A
12/13/2016 08:55:18 PM,12/13/2016 08:55:25 PM,0.00,in,A
12/13/2016 08:57:14 AM,12/13/2016 08:57:25 AM,0.00,in,A
12/12/2016 08:59:11 PM,12/12/2016 08:59:25 PM,0.00,in,A
12/12/2016 09:01:07 AM,12/12/2016 09:01:25 AM,0.00,in,A
12/11/2016 09:03:04 PM,12/11/2016 09:03:25 PM,0.00,in,A
12/11/2016 09:05:00 AM,12/11/2016 09:05:25 AM,0.00,in,A
12/10/2016 09:06:57 PM,12/10/2016 09:07:25 PM,0.00,in,A
12/10/2016 09:08:53 AM,12/10/2016 09:08:55 AM,0.00,in,A
12/09/2016 09:10:50 PM,12/09/2016 09:10:55 PM,0.00,in,A
12/09/2016 09:12:46 AM,12/09/2016 09:12:55 AM,0.00,in,A
12/08/2016 09:14:42 PM,12/08/2016 09:14:55 PM,0.00,in,A
12/08/2016 09:16:38 AM,12/08/2016 09:16:55 AM,0.00,in,A
12/07/2016 09:18:34 PM,12/07/2016 09:18:55 PM,0.00,in,A
12/07/2016 09:20:31 AM,12/07/2016 09:20:55 AM,0.00,in,A
12/06/2016 09:22:27 PM,12/06/2016 09:22:55 PM,0.00,in,A
12/06/2016 09:24:24 AM,12/06/2016 09:24:26 AM,0.00,in,A
12/05/2016 09:26:20 PM,12/05/2016 09:26:25 PM,0.00,in,A
12/05/2016 09:28:17 AM,12/05/2016 09:28:25 AM,0.00,in,A
12/04/2016 09:30:14 PM,12/04/2016 09:30:25 PM,0.00,in,A
12/04/2016 09:32:10 AM,12/04/2016 09:32:25 AM,0.00,in,A
12/04/2016 08:56:18 AM,12/04/2016 08:56:25 AM,0.04,in,A
12/04/2016 07:30:25 AM,12/04/2016 07:30:55 AM,0.04,in,A
12/04/2016 07:06:40 AM,12/04/2016 07:06:55 AM,0.04,in,A
12/04/2016 06:25:12 AM,12/04/2016 06:25:25 AM,0.04,in,A
12/04/2016 05:34:55 AM,12/04/2016 05:35:25 AM,0.04,in,A
12/04/2016 04:53:01 AM,12/04/2016 04:53:25 AM,0.04,in,A
12/04/2016 04:09:29 AM,12/04/2016 04:09:55 AM,0.04,in,A
12/04/2016 03:33:50 AM,12/04/2016 03:33:55 AM,0.04,in,A
12/04/2016 02:50:17 AM,12/04/2016 02:50:26 AM,0.04,in,A
12/04/2016 01:33:51 AM,12/04/2016 01:33:55 AM,0.04,in,A
12/04/2016 12:52:39 AM,12/04/2016 12:59:38 AM,0.04,in,A
12/04/2016 12:01:44 AM,12/04/2016 12:01:56 AM,0.04,in,A
12/03/2016 09:34:07 PM,12/03/2016 09:34:25 PM,0.00,in,A
12/03/2016 09:36:04 AM,12/03/2016 09:36:25 AM,0.00,in,A
12/02/2016 09:38:00 PM,12/02/2016 09:38:25 PM,0.00,in,A
12/02/2016 09:39:57 AM,12/02/2016 09:40:25 AM,0.00,in,A
12/01/2016 09:41:53 PM,12/01/2016 09:41:55 PM,0.00,in,A
12/01/2016 09:43:50 AM,12/01/2016 09:43:55 AM,0.00,in,A
11/30/2016 09:45:47 PM,11/30/2016 09:45:55 PM,0.00,in,A
11/30/2016 09:47:43 AM,11/30/2016 09:47:55 AM,0.00,in,A
11/29/2016 09:49:40 PM,11/29/2016 09:49:55 PM,0.00,in,A
11/29/2016 09:51:37 AM,11/29/2016 09:51:55 AM,0.00,in,A
11/28/2016 09:53:34 PM,11/28/2016 09:53:56 PM,0.00,in,A
11/28/2016 09:55:31 AM,11/28/2016 09:55:55 AM,0.00,in,A
11/27/2016 09:57:28 PM,11/27/2016 09:57:55 PM,0.00,in,A
11/27/2016 05:17:49 PM,11/27/2016 05:17:55 PM,0.04,in,A
11/27/2016 04:36:38 PM,11/27/2016 04:36:55 PM,0.04,in,A
11/27/2016 04:27:45 PM,11/27/2016 04:27:55 PM,0.04,in,A
11/27/2016 03:56:09 PM,11/27/2016 03:56:25 PM,0.04,in,A
11/27/2016 09:59:25 AM,11/27/2016 09:59:25 AM,0.00,in,A
11/26/2016 10:01:21 PM,11/26/2016 10:01:26 PM,0.00,in,A
11/26/2016 10:03:18 AM,11/26/2016 10:03:25 AM,0.00,in,A
11/25/2016 10:07:12 AM,11/25/2016 10:07:25 AM,0.00,in,A
11/24/2016 10:09:08 PM,11/24/2016 10:09:25 PM,0.00,in,A
11/24/2016 10:11:05 AM,11/24/2016 10:11:25 AM,0.00,in,A
11/23/2016 10:13:02 PM,11/23/2016 10:13:25 PM,0.00,in,A
11/23/2016 10:14:59 AM,11/23/2016 10:15:25 AM,0.00,in,A
11/22/2016 10:16:56 PM,11/22/2016 10:17:25 PM,0.00,in,A
11/22/2016 10:18:53 AM,11/22/2016 10:18:55 AM,0.00,in,A
11/21/2016 10:20:50 PM,11/21/2016 10:20:55 PM,0.00,in,A
11/21/2016 10:22:47 AM,11/21/2016 10:22:55 AM,0.00,in,A
11/20/2016 10:24:43 PM,11/20/2016 10:24:55 PM,0.00,in,A
11/20/2016 10:26:40 AM,11/20/2016 10:26:55 AM,0.00,in,A
11/19/2016 10:28:37 PM,11/19/2016 10:28:55 PM,0.00,in,A
11/19/2016 10:30:33 AM,11/19/2016 10:30:55 AM,0.00,in,A
11/18/2016 10:32:30 PM,11/18/2016 10:32:55 PM,0.00,in,A
11/18/2016 10:34:27 AM,11/18/2016 10:34:55 AM,0.00,in,A
11/17/2016 10:36:24 PM,11/17/2016 10:36:25 PM,0.00,in,A
11/17/2016 10:38:21 AM,11/17/2016 10:38:25 AM,0.00,in,A
11/16/2016 10:40:18 PM,11/16/2016 10:40:25 PM,0.00,in,A
11/16/2016 10:42:15 AM,11/16/2016 10:42:25 AM,0.00,in,A
11/15/2016 10:44:12 PM,11/15/2016 10:44:25 PM,0.00,in,A
11/15/2016 10:46:09 AM,11/15/2016 10:46:25 AM,0.00,in,A
11/14/2016 10:48:06 PM,11/14/2016 10:48:25 PM,0.00,in,A
11/14/2016 10:50:21 AM,11/14/2016 10:50:25 AM,0.00,in,A
11/13/2016 10:53:13 PM,11/13/2016 10:53:25 PM,0.00,in,A
11/13/2016 10:56:05 AM,11/13/2016 10:56:25 AM,0.04,in,A
11/12/2016 10:58:57 PM,11/12/2016 10:59:25 PM,0.00,in,A
11/12/2016 11:01:49 AM,11/12/2016 11:01:55 AM,0.00,in,A
11/11/2016 11:04:41 PM,11/11/2016 11:04:55 PM,0.00,in,A
11/11/2016 11:07:33 AM,11/11/2016 11:07:55 AM,0.00,in,A
11/10/2016 11:13:17 AM,11/10/2016 11:13:25 AM,0.00,in,A
11/09/2016 11:16:09 PM,11/09/2016 11:16:25 PM,0.00,in,A
11/09/2016 11:19:01 AM,11/09/2016 11:19:25 AM,0.00,in,A
11/08/2016 11:21:53 PM,11/08/2016 11:21:55 PM,0.00,in,A
11/08/2016 11:24:46 AM,11/08/2016 11:24:55 AM,0.00,in,A
11/07/2016 11:27:38 PM,11/07/2016 11:27:55 PM,0.00,in,A
11/07/2016 07:42:16 PM,11/07/2016 07:42:25 PM,0.04,in,A
11/07/2016 11:30:30 AM,11/07/2016 11:30:55 AM,0.00,in,A
11/06/2016 11:33:22 PM,11/06/2016 11:33:25 PM,0.00,in,A
11/06/2016 11:36:15 AM,11/06/2016 11:36:25 AM,0.00,in,A
11/06/2016 12:39:07 AM,11/06/2016 12:57:16 AM,0.00,in,A
11/05/2016 12:41:59 PM,11/05/2016 12:42:25 PM,0.00,in,A
11/05/2016 12:44:51 AM,11/05/2016 12:44:55 AM,0.00,in,A
11/04/2016 12:47:43 PM,11/04/2016 12:47:55 PM,0.00,in,A
11/04/2016 12:50:36 AM,11/04/2016 12:50:55 AM,0.00,in,A
11/03/2016 12:53:28 PM,11/03/2016 12:53:55 PM,0.00,in,A
11/03/2016 06:11:13 AM,11/03/2016 06:11:25 AM,0.04,in,A
11/03/2016 12:56:20 AM,11/03/2016 12:56:25 AM,0.00,in,A
11/02/2016 09:17:12 PM,11/02/2016 09:17:25 PM,0.04,in,A
11/02/2016 09:10:36 PM,11/02/2016 09:10:55 PM,0.04,in,A
11/02/2016 09:04:27 PM,11/02/2016 09:04:55 PM,0.04,in,A
11/02/2016 09:01:26 PM,11/02/2016 09:01:55 PM,0.04,in,A
11/02/2016 08:57:59 PM,11/02/2016 08:58:25 PM,0.04,in,A
11/02/2016 08:56:59 PM,11/02/2016 08:57:25 PM,0.04,in,A
11/02/2016 08:56:24 PM,11/02/2016 08:56:25 PM,0.04,in,A
11/02/2016 08:55:50 PM,11/02/2016 08:55:55 PM,0.04,in,A
11/02/2016 08:55:19 PM,11/02/2016 08:55:25 PM,0.04,in,A
11/02/2016 08:54:42 PM,11/02/2016 08:54:55 PM,0.04,in,A
11/02/2016 08:54:16 PM,11/02/2016 08:54:25 PM,0.04,in,A
11/02/2016 08:53:36 PM,11/02/2016 08:53:56 PM,0.04,in,A
11/02/2016 12:59:13 PM,11/02/2016 12:59:25 PM,0.00,in,A
11/02/2016 01:02:05 AM,11/02/2016 01:02:25 AM,0.00,in,A
11/01/2016 01:04:58 PM,11/01/2016 01:05:25 PM,0.00,in,A
11/01/2016 01:07:50 AM,11/01/2016 01:07:55 AM,0.00,in,A
10/31/2016 01:10:42 PM,10/31/2016 01:10:55 PM,0.00,in,A
10/31/2016 01:13:35 AM,10/31/2016 01:13:55 AM,0.00,in,A
10/30/2016 01:16:27 PM,10/30/2016 01:16:55 PM,0.00,in,A
10/30/2016 01:19:19 AM,10/30/2016 01:19:25 AM,0.00,in,A
10/29/2016 01:22:12 PM,10/29/2016 01:22:25 PM,0.00,in,A
10/29/2016 01:25:04 AM,10/29/2016 01:25:25 AM,0.00,in,A
10/28/2016 01:27:56 PM,10/28/2016 01:28:25 PM,0.00,in,A
10/28/2016 01:30:49 AM,10/28/2016 01:30:55 AM,0.00,in,A
10/27/2016 01:33:41 PM,10/27/2016 01:33:55 PM,0.00,in,A
10/27/2016 10:43:37 AM,10/27/2016 10:43:55 AM,0.04,in,A
10/27/2016 01:36:33 AM,10/27/2016 01:36:55 AM,0.00,in,A
10/26/2016 01:39:25 PM,10/26/2016 01:39:55 PM,0.04,in,A
10/26/2016 05:45:45 AM,10/26/2016 05:45:55 AM,0.04,in,A
10/26/2016 04:52:18 AM,10/26/2016 04:52:25 AM,0.04,in,A
10/26/2016 04:33:02 AM,10/26/2016 04:33:26 AM,0.04,in,A
10/26/2016 04:30:15 AM,10/26/2016 04:30:26 AM,0.04,in,A
10/26/2016 01:42:18 AM,10/26/2016 01:42:25 AM,0.00,in,A
10/25/2016 01:45:10 PM,10/25/2016 01:45:25 PM,0.00,in,A
10/25/2016 01:48:02 AM,10/25/2016 01:48:25 AM,0.00,in,A
10/24/2016 01:50:54 PM,10/24/2016 01:50:55 PM,0.00,in,A
10/24/2016 01:53:47 AM,10/24/2016 01:53:55 AM,0.00,in,A
10/23/2016 01:56:39 PM,10/23/2016 01:56:55 PM,0.00,in,A
10/23/2016 01:59:31 AM,10/23/2016 01:59:55 AM,0.00,in,A
10/22/2016 02:02:23 PM,10/22/2016 02:02:25 PM,0.00,in,A
10/22/2016 02:05:16 AM,10/22/2016 02:05:25 AM,0.00,in,A
10/21/2016 02:08:08 PM,10/21/2016 02:08:25 PM,0.00,in,A
10/20/2016 02:13:52 PM,10/20/2016 02:13:55 PM,0.00,in,A
10/20/2016 10:00:58 AM,10/20/2016 10:01:25 AM,0.04,in,A
10/20/2016 02:16:44 AM,10/20/2016 02:16:55 AM,0.00,in,A
10/19/2016 02:19:37 PM,10/19/2016 02:19:55 PM,0.00,in,A
10/19/2016 02:22:29 AM,10/19/2016 02:22:55 AM,0.00,in,A
10/18/2016 02:25:21 PM,10/18/2016 02:25:25 PM,0.00,in,A
10/18/2016 02:28:14 AM,10/18/2016 02:28:25 AM,0.00,in,A
10/17/2016 02:31:06 PM,10/17/2016 02:31:25 PM,0.00,in,A
10/17/2016 02:33:59 AM,10/17/2016 02:34:25 AM,0.00,in,A
10/16/2016 02:36:51 PM,10/16/2016 02:36:55 PM,0.00,in,A
10/16/2016 02:39:43 AM,10/16/2016 02:39:55 AM,0.00,in,A
10/15/2016 02:42:36 PM,10/15/2016 02:42:55 PM,0.00,in,A
10/15/2016 02:45:28 AM,10/15/2016 02:45:55 AM,0.00,in,A
10/14/2016 02:48:20 PM,10/14/2016 02:48:25 PM,0.00,in,A
10/14/2016 02:51:13 AM,10/14/2016 02:51:26 AM,0.00,in,A
10/13/2016 02:54:05 PM,10/13/2016 02:54:25 PM,0.00,in,A
10/13/2016 02:56:57 AM,10/13/2016 02:57:25 AM,0.00,in,A
10/12/2016 02:59:49 PM,10/12/2016 02:59:55 PM,0.00,in,A
10/12/2016 11:52:55 AM,10/12/2016 11:53:25 AM,0.04,in,A
10/12/2016 06:22:06 AM,10/12/2016 06:22:25 AM,0.04,in,A
10/12/2016 05:31:42 AM,10/12/2016 05:31:55 AM,0.04,in,A
10/12/2016 05:13:45 AM,10/12/2016 05:13:55 AM,0.04,in,A
10/12/2016 05:06:44 AM,10/12/2016 05:06:55 AM,0.04,in,A
10/12/2016 05:03:03 AM,10/12/2016 05:03:25 AM,0.04,in,A
10/12/2016 05:00:40 AM,10/12/2016 05:00:55 AM,0.04,in,A
10/12/2016 04:55:47 AM,10/12/2016 04:55:55 AM,0.04,in,A
10/12/2016 04:52:16 AM,10/12/2016 04:52:26 AM,0.04,in,A
10/12/2016 04:50:09 AM,10/12/2016 04:50:25 AM,0.08,in,A
10/12/2016 04:47:16 AM,10/12/2016 04:47:26 AM,0.04,in,A
10/12/2016 04:45:47 AM,10/12/2016 04:45:55 AM,0.04,in,A
10/12/2016 03:02:41 AM,10/12/2016 03:02:55 AM,0.00,in,A
10/11/2016 03:05:34 PM,10/11/2016 03:05:55 PM,0.00,in,A
10/11/2016 03:08:26 AM,10/11/2016 03:08:55 AM,0.00,in,A
10/10/2016 03:11:18 PM,10/10/2016 03:11:25 PM,0.00,in,A
10/09/2016 03:17:03 PM,10/09/2016 03:17:25 PM,0.00,in,A
10/09/2016 03:19:55 AM,10/09/2016 03:20:25 AM,0.00,in,A
10/08/2016 03:22:47 PM,10/08/2016 03:22:55 PM,0.00,in,A
10/08/2016 03:25:39 AM,10/08/2016 03:25:55 AM,0.00,in,A
10/07/2016 03:28:32 PM,10/07/2016 03:28:55 PM,0.00,in,A
10/07/2016 01:53:41 AM,10/07/2016 01:53:55 AM,0.04,in,A
10/06/2016 11:44:56 PM,10/06/2016 11:45:25 PM,0.04,in,A
10/06/2016 11:32:49 PM,10/06/2016 11:32:55 PM,0.04,in,A
10/06/2016 11:19:13 PM,10/06/2016 11:19:25 PM,0.04,in,A
10/06/2016 11:05:30 PM,10/06/2016 11:05:55 PM,0.04,in,A
10/06/2016 10:45:22 PM,10/06/2016 10:45:26 PM,0.04,in,A
10/06/2016 10:31:01 PM,10/06/2016 10:31:25 PM,0.04,in,A
10/06/2016 10:14:58 PM,10/06/2016 10:15:25 PM,0.04,in,A
10/06/2016 09:55:12 PM,10/06/2016 09:55:25 PM,0.04,in,A
10/06/2016 09:34:05 PM,10/06/2016 09:34:26 PM,0.04,in,A
10/06/2016 09:12:32 PM,10/06/2016 09:12:55 PM,0.04,in,A
10/06/2016 08:56:36 PM,10/06/2016 08:56:55 PM,0.04,in,A
10/06/2016 08:40:23 PM,10/06/2016 08:40:26 PM,0.04,in,A
10/06/2016 08:30:57 PM,10/06/2016 08:31:25 PM,0.04,in,A
10/06/2016 08:17:49 PM,10/06/2016 08:17:55 PM,0.04,in,A
10/06/2016 07:59:30 PM,10/06/2016 07:59:55 PM,0.04,in,A
10/06/2016 07:29:32 PM,10/06/2016 07:29:55 PM,0.04,in,A
10/06/2016 03:34:16 PM,10/06/2016 03:34:25 PM,0.00,in,A
10/06/2016 07:31:07 AM,10/06/2016 07:31:25 AM,0.08,in,A
10/06/2016 06:08:55 AM,10/06/2016 06:09:25 AM,0.04,in,A
10/06/2016 05:29:48 AM,10/06/2016 05:29:55 AM,0.04,in,A
10/06/2016 03:37:09 AM,10/06/2016 03:37:25 AM,0.00,in,A
10/05/2016 03:40:01 PM,10/05/2016 03:40:25 PM,0.00,in,A
10/05/2016 03:42:53 AM,10/05/2016 03:42:55 AM,0.00,in,A
10/05/2016 01:30:48 AM,10/05/2016 01:30:55 AM,0.04,in,A
10/05/2016 12:59:13 AM,10/05/2016 12:59:26 AM,0.04,in,A
10/05/2016 12:48:48 AM,10/05/2016 12:48:56 AM,0.04,in,A
10/05/2016 12:39:58 AM,10/05/2016 12:40:25 AM,0.04,in,A
10/05/2016 12:31:21 AM,10/05/2016 12:31:25 AM,0.04,in,A
10/05/2016 12:15:22 AM,10/05/2016 12:15:27 AM,0.04,in,A
10/05/2016 12:04:17 AM,10/05/2016 12:04:26 AM,0.04,in,A
10/04/2016 03:45:46 PM,10/04/2016 03:45:55 PM,0.00,in,A
10/04/2016 03:48:38 AM,10/04/2016 03:48:55 AM,0.00,in,A
10/03/2016 03:51:31 PM,10/03/2016 03:51:55 PM,0.00,in,A
10/03/2016 03:54:23 AM,10/03/2016 03:54:25 AM,0.00,in,A
10/02/2016 03:57:15 PM,10/02/2016 03:57:25 PM,0.00,in,A
10/02/2016 04:00:08 AM,10/02/2016 04:00:25 AM,0.00,in,A
10/01/2016 04:03:00 PM,10/01/2016 04:03:25 PM,0.00,in,A
10/01/2016 04:05:52 AM,10/01/2016 04:05:55 AM,0.00,in,A
09/30/2016 04:08:44 PM,09/30/2016 04:08:55 PM,0.00,in,A
09/30/2016 04:11:37 AM,09/30/2016 04:11:55 AM,0.00,in,A
09/29/2016 04:14:29 PM,09/29/2016 04:14:55 PM,0.00,in,A
09/29/2016 04:17:21 AM,09/29/2016 04:17:25 AM,0.00,in,A
09/28/2016 04:20:14 PM,09/28/2016 04:20:25 PM,0.00,in,A
09/28/2016 04:23:06 AM,09/28/2016 04:23:25 AM,0.00,in,A
09/27/2016 04:25:58 PM,09/27/2016 04:26:25 PM,0.00,in,A
09/27/2016 04:28:51 AM,09/27/2016 04:28:55 AM,0.00,in,A
09/26/2016 04:31:43 PM,09/26/2016 04:31:55 PM,0.00,in,A
09/26/2016 04:34:35 AM,09/26/2016 04:34:55 AM,0.00,in,A
09/25/2016 04:37:28 PM,09/25/2016 04:37:55 PM,0.00,in,A
09/25/2016 10:26:16 AM,09/25/2016 10:26:26 AM,0.04,in,A
09/25/2016 10:05:18 AM,09/25/2016 10:05:25 AM,0.04,in,A
09/25/2016 09:50:55 AM,09/25/2016 09:51:25 AM,0.04,in,A
09/25/2016 09:36:16 AM,09/25/2016 09:36:25 AM,0.04,in,A
09/25/2016 09:13:40 AM,09/25/2016 09:13:55 AM,0.04,in,A
09/25/2016 08:04:12 AM,09/25/2016 08:04:25 AM,0.04,in,A
09/25/2016 08:00:12 AM,09/25/2016 08:00:26 AM,0.04,in,A
09/25/2016 07:57:27 AM,09/25/2016 07:57:55 AM,0.04,in,A
09/25/2016 07:56:10 AM,09/25/2016 07:56:25 AM,0.08,in,A
09/25/2016 07:49:43 AM,09/25/2016 07:49:55 AM,0.04,in,A
09/25/2016 07:44:08 AM,09/25/2016 07:44:25 AM,0.04,in,A
09/25/2016 07:42:21 AM,09/25/2016 07:42:25 AM,0.04,in,A
09/25/2016 07:41:14 AM,09/25/2016 07:41:25 AM,0.04,in,A
09/25/2016 07:39:43 AM,09/25/2016 07:39:55 AM,0.04,in,A
09/25/2016 07:33:55 AM,09/25/2016 07:33:55 AM,0.04,in,A
09/25/2016 04:40:20 AM,09/25/2016 04:40:25 AM,0.00,in,A
09/24/2016 04:43:13 PM,09/24/2016 04:43:25 PM,0.00,in,A
09/24/2016 04:46:05 AM,09/24/2016 04:46:25 AM,0.00,in,A
09/23/2016 04:48:58 PM,09/23/2016 04:49:25 PM,0.00,in,A
09/23/2016 04:51:50 AM,09/23/2016 04:51:55 AM,0.00,in,A
09/22/2016 04:54:42 PM,09/22/2016 04:54:55 PM,0.00,in,A
09/22/2016 04:57:35 AM,09/22/2016 04:57:55 AM,0.00,in,A
09/21/2016 05:00:28 PM,09/21/2016 05:00:55 PM,0.00,in,A
09/21/2016 05:03:20 AM,09/21/2016 05:03:25 AM,0.00,in,A
09/20/2016 05:06:12 PM,09/20/2016 05:06:25 PM,0.00,in,A
09/20/2016 05:09:05 AM,09/20/2016 05:09:25 AM,0.00,in,A
09/19/2016 05:11:57 PM,09/19/2016 05:12:25 PM,0.00,in,A
09/19/2016 05:14:50 AM,09/19/2016 05:14:55 AM,0.00,in,A
09/18/2016 05:17:42 PM,09/18/2016 05:17:55 PM,0.00,in,A
09/18/2016 05:20:34 AM,09/18/2016 05:20:55 AM,0.00,in,A
09/17/2016 05:23:27 PM,09/17/2016 05:23:55 PM,0.00,in,A
09/17/2016 05:26:19 AM,09/17/2016 05:26:25 AM,0.00,in,A
09/16/2016 05:29:12 PM,09/16/2016 05:29:25 PM,0.00,in,A
09/16/2016 03:29:04 PM,09/16/2016 03:29:25 PM,0.12,in,A
09/16/2016 12:18:28 PM,09/16/2016 12:18:55 PM,0.04,in,A
09/16/2016 11:24:59 AM,09/16/2016 11:25:25 AM,0.04,in,A
09/16/2016 05:32:04 AM,09/16/2016 05:32:25 AM,0.00,in,A
09/15/2016 05:34:56 PM,09/15/2016 05:35:25 PM,0.00,in,A
09/15/2016 05:37:49 AM,09/15/2016 05:37:55 AM,0.00,in,A
09/14/2016 05:40:41 PM,09/14/2016 05:40:55 PM,0.00,in,A
09/14/2016 08:13:56 AM,09/14/2016 08:14:25 AM,0.08,in,A
09/14/2016 08:02:47 AM,09/14/2016 08:02:55 AM,0.04,in,A
09/14/2016 07:42:55 AM,09/14/2016 07:42:56 AM,0.04,in,A
09/14/2016 05:43:34 AM,09/14/2016 05:43:56 AM,0.00,in,A
09/13/2016 09:37:35 PM,09/13/2016 09:37:55 PM,0.04,in,A
09/13/2016 05:46:26 PM,09/13/2016 05:46:55 PM,0.00,in,A
09/13/2016 05:49:19 AM,09/13/2016 05:49:25 AM,0.00,in,A
09/12/2016 05:52:11 PM,09/12/2016 05:52:25 PM,0.00,in,A
09/12/2016 05:55:03 AM,09/12/2016 05:55:25 AM,0.00,in,A
09/11/2016 05:57:56 PM,09/11/2016 05:58:25 PM,0.00,in,A
09/11/2016 06:00:48 AM,09/11/2016 06:00:55 AM,0.00,in,A
09/10/2016 06:03:41 PM,09/10/2016 06:03:55 PM,0.00,in,A
09/10/2016 06:06:33 AM,09/10/2016 06:06:55 AM,0.00,in,A
09/10/2016 01:13:48 AM,09/10/2016 01:13:56 AM,0.04,in,A
09/10/2016 12:34:26 AM,09/10/2016 12:34:55 AM,0.08,in,A
09/10/2016 12:09:48 AM,09/10/2016 12:09:57 AM,0.04,in,A
09/10/2016 12:02:56 AM,09/10/2016 12:03:25 AM,0.04,in,A
09/09/2016 11:54:05 PM,09/09/2016 11:54:26 PM,0.04,in,A
09/09/2016 11:44:51 PM,09/09/2016 11:44:56 PM,0.04,in,A
09/09/2016 11:35:07 PM,09/09/2016 11:35:26 PM,0.04,in,A
09/09/2016 11:23:47 PM,09/09/2016 11:23:56 PM,0.08,in,A
09/09/2016 10:34:24 PM,09/09/2016 10:34:25 PM,0.04,in,A
09/09/2016 10:29:10 PM,09/09/2016 10:29:25 PM,0.04,in,A
09/09/2016 10:25:53 PM,09/09/2016 10:25:56 PM,0.04,in,A
09/09/2016 10:22:38 PM,09/09/2016 10:22:55 PM,0.04,in,A
09/09/2016 10:18:12 PM,09/09/2016 10:18:25 PM,0.04,in,A
09/09/2016 10:16:45 PM,09/09/2016 10:16:56 PM,0.04,in,A
09/09/2016 10:16:07 PM,09/09/2016 10:16:25 PM,0.04,in,A
09/09/2016 10:12:16 PM,09/09/2016 10:12:25 PM,0.04,in,A
09/09/2016 10:08:59 PM,09/09/2016 10:09:25 PM,0.08,in,A
09/09/2016 09:35:32 PM,09/09/2016 09:35:55 PM,0.04,in,A
09/09/2016 06:09:25 PM,09/09/2016 06:09:55 PM,0.00,in,A
09/09/2016 06:18:54 AM,09/09/2016 06:18:55 AM,0.04,in,A
09/09/2016 06:12:18 AM,09/09/2016 06:12:25 AM,0.00,in,A
09/09/2016 06:09:25 AM,09/09/2016 06:09:55 AM,0.04,in,A
09/09/2016 05:59:33 AM,09/09/2016 05:59:55 AM,0.04,in,A
09/09/2016 05:48:02 AM,09/09/2016 05:48:25 AM,0.04,in,A
09/09/2016 05:34:03 AM,09/09/2016 05:34:27 AM,0.04,in,A
09/09/2016 05:22:12 AM,09/09/2016 05:22:25 AM,0.04,in,A
09/09/2016 05:11:57 AM,09/09/2016 05:12:25 AM,0.04,in,A
09/09/2016 04:58:29 AM,09/09/2016 04:58:55 AM,0.04,in,A
09/09/2016 03:18:43 AM,09/09/2016 03:18:56 AM,0.04,in,A
09/09/2016 03:03:55 AM,09/09/2016 03:04:25 AM,0.04,in,A
09/09/2016 02:51:15 AM,09/09/2016 02:51:25 AM,0.04,in,A
09/09/2016 02:35:24 AM,09/09/2016 02:35:26 AM,0.04,in,A
09/09/2016 02:18:10 AM,09/09/2016 02:18:25 AM,0.04,in,A
09/09/2016 02:08:12 AM,09/09/2016 02:08:26 AM,0.04,in,A
09/09/2016 01:48:28 AM,09/09/2016 01:48:55 AM,0.08,in,A
09/09/2016 12:50:01 AM,09/09/2016 12:50:25 AM,0.04,in,A
09/09/2016 12:28:04 AM,09/09/2016 12:28:25 AM,0.04,in,A
09/08/2016 06:15:10 PM,09/08/2016 06:15:25 PM,0.00,in,A
09/08/2016 07:37:50 AM,09/08/2016 07:37:55 AM,0.08,in,A
09/08/2016 07:05:00 AM,09/08/2016 07:05:26 AM,0.04,in,A
09/08/2016 06:52:37 AM,09/08/2016 06:52:55 AM,0.04,in,A
09/08/2016 06:38:19 AM,09/08/2016 06:38:26 AM,0.04,in,A
09/08/2016 06:20:00 AM,09/08/2016 06:20:25 AM,0.04,in,A
09/08/2016 06:18:03 AM,09/08/2016 06:18:25 AM,0.00,in,A
09/08/2016 05:59:36 AM,09/08/2016 05:59:56 AM,0.04,in,A
09/08/2016 05:37:55 AM,09/08/2016 05:38:25 AM,0.04,in,A
09/08/2016 05:13:19 AM,09/08/2016 05:13:26 AM,0.04,in,A
09/08/2016 05:01:57 AM,09/08/2016 05:02:25 AM,0.12,in,A
09/08/2016 04:45:36 AM,09/08/2016 04:45:57 AM,0.04,in,A
09/08/2016 04:42:32 AM,09/08/2016 04:42:55 AM,0.04,in,A
09/08/2016 03:19:26 AM,09/08/2016 03:19:55 AM,0.04,in,A
09/07/2016 06:20:55 PM,09/07/2016 06:21:25 PM,0.00,in,A
09/07/2016 06:23:48 AM,09/07/2016 06:23:55 AM,0.00,in,A
09/06/2016 06:26:40 PM,09/06/2016 06:26:55 PM,0.00,in,A
09/06/2016 06:29:33 AM,09/06/2016 06:29:55 AM,0.00,in,A
09/05/2016 06:32:25 PM,09/05/2016 06:32:55 PM,0.00,in,A
09/05/2016 06:35:18 AM,09/05/2016 06:35:25 AM,0.00,in,A
09/04/2016 06:38:10 PM,09/04/2016 06:38:25 PM,0.00,in,A
09/04/2016 06:41:02 AM,09/04/2016 06:41:25 AM,0.00,in,A
09/03/2016 06:43:54 PM,09/03/2016 06:43:55 PM,0.00,in,A
09/03/2016 06:46:47 AM,09/03/2016 06:46:55 AM,0.00,in,A
09/02/2016 06:49:39 PM,09/02/2016 06:49:55 PM,0.00,in,A
09/02/2016 06:52:32 AM,09/02/2016 06:52:55 AM,0.00,in,A
09/01/2016 06:55:24 PM,09/01/2016 06:55:25 PM,0.00,in,A
09/01/2016 06:58:16 AM,09/01/2016 06:58:25 AM,0.00,in,A
08/31/2016 07:01:09 PM,08/31/2016 07:01:25 PM,0.00,in,A
08/31/2016 04:59:04 PM,08/31/2016 04:59:25 PM,0.04,in,A
08/31/2016 10:27:38 AM,08/31/2016 10:27:55 AM,0.04,in,A
08/31/2016 10:15:57 AM,08/31/2016 10:16:25 AM,0.04,in,A
08/31/2016 09:46:11 AM,08/31/2016 09:46:25 AM,0.04,in,A
08/31/2016 09:37:05 AM,08/31/2016 09:37:26 AM,0.04,in,A
08/31/2016 09:34:35 AM,08/31/2016 09:34:55 AM,0.04,in,A
08/31/2016 09:33:18 AM,08/31/2016 09:33:26 AM,0.04,in,A
08/31/2016 09:31:55 AM,08/31/2016 09:32:25 AM,0.04,in,A
08/31/2016 09:30:42 AM,08/31/2016 09:30:55 AM,0.04,in,A
08/31/2016 09:29:10 AM,08/31/2016 09:29:25 AM,0.04,in,A
08/31/2016 09:26:38 AM,08/31/2016 09:26:55 AM,0.04,in,A
08/31/2016 09:24:29 AM,08/31/2016 09:24:55 AM,0.04,in,A
08/31/2016 09:22:53 AM,08/31/2016 09:22:55 AM,0.04,in,A
08/31/2016 09:19:19 AM,08/31/2016 09:19:25 AM,0.04,in,A
08/31/2016 09:12:26 AM,08/31/2016 09:12:55 AM,0.04,in,A
08/31/2016 09:06:44 AM,08/31/2016 09:06:55 AM,0.04,in,A
08/31/2016 07:04:02 AM,08/31/2016 07:04:25 AM,0.00,in,A
08/30/2016 10:04:15 PM,08/30/2016 10:04:25 PM,0.04,in,A
08/30/2016 08:54:53 PM,08/30/2016 08:54:55 PM,0.04,in,A
08/30/2016 08:40:06 PM,08/30/2016 08:40:25 PM,0.04,in,A
08/30/2016 08:33:58 PM,08/30/2016 08:34:25 PM,0.04,in,A
08/30/2016 08:29:49 PM,08/30/2016 08:29:55 PM,0.04,in,A
08/30/2016 08:27:47 PM,08/30/2016 08:27:55 PM,0.08,in,A
08/30/2016 08:25:21 PM,08/30/2016 08:25:25 PM,0.04,in,A
08/30/2016 08:24:01 PM,08/30/2016 08:24:25 PM,0.04,in,A
08/30/2016 08:22:25 PM,08/30/2016 08:22:26 PM,0.04,in,A
08/30/2016 08:21:00 PM,08/30/2016 08:21:25 PM,0.04,in,A
08/30/2016 08:19:12 PM,08/30/2016 08:19:25 PM,0.04,in,A
08/30/2016 08:17:40 PM,08/30/2016 08:17:55 PM,0.04,in,A
08/30/2016 08:16:25 PM,08/30/2016 08:16:26 PM,0.04,in,A
08/30/2016 08:14:56 PM,08/30/2016 08:15:25 PM,0.04,in,A
08/30/2016 08:12:29 PM,08/30/2016 08:12:55 PM,0.04,in,A
08/30/2016 07:06:54 PM,08/30/2016 07:06:55 PM,0.00,in,A
08/30/2016 07:09:46 AM,08/30/2016 07:09:55 AM,0.00,in,A
08/30/2016 05:28:14 AM,08/30/2016 05:28:25 AM,0.04,in,A
08/30/2016 03:35:27 AM,08/30/2016 03:35:55 AM,0.04,in,A
08/30/2016 03:14:26 AM,08/30/2016 03:14:55 AM,0.04,in,A
08/30/2016 02:37:43 AM,08/30/2016 02:37:55 AM,0.04,in,A
08/30/2016 02:29:41 AM,08/30/2016 02:29:56 AM,0.04,in,A
08/30/2016 02:27:47 AM,08/30/2016 02:27:56 AM,0.04,in,A
08/30/2016 02:26:20 AM,08/30/2016 02:26:26 AM,0.04,in,A
08/30/2016 02:24:15 AM,08/30/2016 02:24:27 AM,0.04,in,A
08/30/2016 02:22:50 AM,08/30/2016 02:22:56 AM,0.04,in,A
08/30/2016 02:21:47 AM,08/30/2016 02:21:55 AM,0.04,in,A
08/30/2016 02:19:37 AM,08/30/2016 02:19:55 AM,0.04,in,A
08/30/2016 02:17:40 AM,08/30/2016 02:17:55 AM,0.04,in,A
08/30/2016 02:16:42 AM,08/30/2016 02:16:56 AM,0.04,in,A
08/30/2016 02:15:27 AM,08/30/2016 02:15:55 AM,0.04,in,A
08/30/2016 02:14:04 AM,08/30/2016 02:14:25 AM,0.04,in,A
08/30/2016 02:10:17 AM,08/30/2016 02:10:26 AM,0.04,in,A
08/30/2016 02:07:32 AM,08/30/2016 02:07:55 AM,0.04,in,A
08/30/2016 01:55:03 AM,08/30/2016 01:55:26 AM,0.04,in,A
08/30/2016 01:49:52 AM,08/30/2016 01:49:55 AM,0.04,in,A
08/30/2016 01:48:28 AM,08/30/2016 01:48:55 AM,0.04,in,A
08/30/2016 01:47:17 AM,08/30/2016 01:47:25 AM,0.04,in,A
08/30/2016 01:41:18 AM,08/30/2016 01:41:26 AM,0.04,in,A
08/30/2016 01:30:54 AM,08/30/2016 01:30:55 AM,0.04,in,A
08/30/2016 01:13:04 AM,08/30/2016 01:13:25 AM,0.04,in,A
08/30/2016 12:56:52 AM,08/30/2016 12:56:55 AM,0.04,in,A
08/30/2016 12:52:07 AM,08/30/2016 12:52:25 AM,0.04,in,A
08/30/2016 12:49:55 AM,08/30/2016 12:50:25 AM,0.04,in,A
08/30/2016 12:48:18 AM,08/30/2016 12:48:25 AM,0.04,in,A
08/30/2016 12:46:53 AM,08/30/2016 12:46:55 AM,0.04,in,A
08/29/2016 07:12:39 PM,08/29/2016 07:12:55 PM,0.00,in,A
08/29/2016 07:15:31 AM,08/29/2016 07:15:55 AM,0.00,in,A
08/29/2016 03:15:43 AM,08/29/2016 03:15:55 AM,0.04,in,A
08/28/2016 07:18:24 PM,08/28/2016 07:18:25 PM,0.00,in,A
08/28/2016 07:08:28 PM,08/28/2016 07:08:55 PM,0.04,in,A
08/28/2016 07:05:38 PM,08/28/2016 07:05:55 PM,0.04,in,A
08/28/2016 07:03:02 PM,08/28/2016 07:03:25 PM,0.04,in,A
08/28/2016 06:57:14 PM,08/28/2016 06:57:25 PM,0.04,in,A
08/28/2016 06:55:31 PM,08/28/2016 06:55:55 PM,0.04,in,A
08/28/2016 06:54:08 PM,08/28/2016 06:54:25 PM,0.04,in,A
08/28/2016 06:51:55 PM,08/28/2016 06:52:25 PM,0.04,in,A
08/28/2016 06:50:14 PM,08/28/2016 06:50:25 PM,0.08,in,A
08/28/2016 06:47:51 PM,08/28/2016 06:47:55 PM,0.04,in,A
08/28/2016 06:46:32 PM,08/28/2016 06:46:55 PM,0.04,in,A
08/28/2016 06:43:24 PM,08/28/2016 06:43:25 PM,0.04,in,A
08/28/2016 07:21:17 AM,08/28/2016 07:21:25 AM,0.00,in,A
08/27/2016 07:24:08 PM,08/27/2016 07:24:25 PM,0.00,in,A
08/27/2016 07:27:01 AM,08/27/2016 07:27:25 AM,0.04,in,A
08/26/2016 11:54:11 PM,08/26/2016 11:54:26 PM,0.04,in,A
08/26/2016 11:52:08 PM,08/26/2016 11:52:25 PM,0.04,in,A
08/26/2016 11:48:48 PM,08/26/2016 11:48:57 PM,0.04,in,A
08/26/2016 07:29:53 PM,08/26/2016 07:29:56 PM,0.00,in,A
08/26/2016 03:53:22 PM,08/26/2016 03:53:25 PM,0.04,in,A
08/26/2016 03:51:33 PM,08/26/2016 03:51:55 PM,0.04,in,A
08/26/2016 03:47:01 PM,08/26/2016 03:47:25 PM,0.04,in,A
08/26/2016 07:32:46 AM,08/26/2016 07:32:55 AM,0.00,in,A
08/26/2016 04:42:54 AM,08/26/2016 04:42:58 AM,0.04,in,A
08/26/2016 04:33:18 AM,08/26/2016 04:33:26 AM,0.04,in,A
08/26/2016 04:29:39 AM,08/26/2016 04:29:56 AM,0.04,in,A
08/26/2016 04:27:42 AM,08/26/2016 04:27:57 AM,0.04,in,A
08/26/2016 04:24:28 AM,08/26/2016 04:24:56 AM,0.04,in,A
08/26/2016 04:21:37 AM,08/26/2016 04:21:56 AM,0.04,in,A
08/26/2016 04:20:17 AM,08/26/2016 04:20:30 AM,0.04,in,A
08/26/2016 04:19:21 AM,08/26/2016 04:19:27 AM,0.04,in,A
08/26/2016 04:18:23 AM,08/26/2016 04:18:27 AM,0.08,in,A
08/26/2016 04:09:02 AM,08/26/2016 04:09:26 AM,0.04,in,A
08/26/2016 04:03:22 AM,08/26/2016 04:03:28 AM,0.04,in,A
08/26/2016 03:51:40 AM,08/26/2016 03:51:56 AM,0.04,in,A
08/26/2016 03:44:45 AM,08/26/2016 03:44:55 AM,0.04,in,A
08/26/2016 03:39:12 AM,08/26/2016 03:39:25 AM,0.04,in,A
08/26/2016 03:37:15 AM,08/26/2016 03:37:25 AM,0.08,in,A
08/26/2016 03:34:57 AM,08/26/2016 03:35:25 AM,0.04,in,A
08/26/2016 03:34:18 AM,08/26/2016 03:34:26 AM,0.04,in,A
08/26/2016 03:28:58 AM,08/26/2016 03:29:25 AM,0.04,in,A
08/26/2016 03:25:31 AM,08/26/2016 03:25:55 AM,0.04,in,A
08/26/2016 03:16:17 AM,08/26/2016 03:16:25 AM,0.04,in,A
08/26/2016 03:04:34 AM,08/26/2016 03:04:55 AM,0.04,in,A
08/26/2016 02:53:28 AM,08/26/2016 02:53:55 AM,0.04,in,A
08/26/2016 02:38:39 AM,08/26/2016 02:38:55 AM,0.04,in,A
08/26/2016 02:34:27 AM,08/26/2016 02:34:55 AM,0.04,in,A
08/26/2016 02:27:54 AM,08/26/2016 02:27:55 AM,0.04,in,A
08/26/2016 02:24:13 AM,08/26/2016 02:24:25 AM,0.04,in,A
08/26/2016 02:21:53 AM,08/26/2016 02:21:55 AM,0.04,in,A
08/26/2016 02:16:26 AM,08/26/2016 02:16:55 AM,0.04,in,A
08/26/2016 02:08:54 AM,08/26/2016 02:08:55 AM,0.04,in,A
08/26/2016 01:43:24 AM,08/26/2016 01:43:26 AM,0.08,in,A
08/26/2016 01:40:13 AM,08/26/2016 01:40:25 AM,0.04,in,A
08/26/2016 01:22:55 AM,08/26/2016 01:22:55 AM,0.04,in,A
08/26/2016 01:18:02 AM,08/26/2016 01:18:26 AM,0.04,in,A
08/26/2016 01:13:13 AM,08/26/2016 01:13:25 AM,0.04,in,A
08/26/2016 12:40:10 AM,08/26/2016 12:40:25 AM,0.04,in,A
08/26/2016 12:35:58 AM,08/26/2016 12:36:25 AM,0.04,in,A
08/26/2016 12:35:10 AM,08/26/2016 12:35:25 AM,0.04,in,A
08/26/2016 12:34:33 AM,08/26/2016 12:34:55 AM,0.08,in,A
08/26/2016 12:33:21 AM,08/26/2016 12:33:25 AM,0.04,in,A
08/26/2016 12:32:44 AM,08/26/2016 12:32:55 AM,0.04,in,A
08/26/2016 12:31:54 AM,08/26/2016 12:31:55 AM,0.04,in,A
08/26/2016 12:30:52 AM,08/26/2016 12:30:55 AM,0.04,in,A
08/25/2016 07:35:38 PM,08/25/2016 07:35:55 PM,0.00,in,A
08/25/2016 07:38:31 AM,08/25/2016 07:38:55 AM,0.00,in,A
08/25/2016 04:16:23 AM,08/25/2016 04:16:26 AM,0.04,in,A
08/25/2016 03:26:30 AM,08/25/2016 03:26:55 AM,0.04,in,A
08/25/2016 01:03:30 AM,08/25/2016 01:03:55 AM,0.04,in,A
08/25/2016 01:01:14 AM,08/25/2016 01:01:25 AM,0.04,in,A
08/25/2016 12:28:38 AM,08/25/2016 12:28:55 AM,0.04,in,A
08/25/2016 12:23:07 AM,08/25/2016 12:23:25 AM,0.04,in,A
08/24/2016 10:07:58 PM,08/24/2016 10:08:25 PM,0.04,in,A
08/24/2016 10:05:57 PM,08/24/2016 10:06:25 PM,0.04,in,A
08/24/2016 09:51:58 PM,08/24/2016 09:52:25 PM,0.04,in,A
08/24/2016 09:39:11 PM,08/24/2016 09:39:26 PM,0.04,in,A
08/24/2016 09:35:25 PM,08/24/2016 09:35:29 PM,0.04,in,A
08/24/2016 09:30:05 PM,08/24/2016 09:30:26 PM,0.04,in,A
08/24/2016 09:27:58 PM,08/24/2016 09:28:26 PM,0.04,in,A
08/24/2016 09:27:19 PM,08/24/2016 09:27:27 PM,0.04,in,A
08/24/2016 09:26:57 PM,08/24/2016 09:27:26 PM,0.04,in,A
08/24/2016 09:26:36 PM,08/24/2016 09:26:55 PM,0.04,in,A
08/24/2016 09:26:15 PM,08/24/2016 09:26:27 PM,0.04,in,A
08/24/2016 09:25:52 PM,08/24/2016 09:25:58 PM,0.04,in,A
08/24/2016 09:25:32 PM,08/24/2016 09:25:55 PM,0.04,in,A
08/24/2016 09:25:11 PM,08/24/2016 09:25:26 PM,0.04,in,A
08/24/2016 09:24:49 PM,08/24/2016 09:24:56 PM,0.04,in,A
08/24/2016 09:24:23 PM,08/24/2016 09:24:31 PM,0.08,in,A
08/24/2016 09:23:35 PM,08/24/2016 09:23:56 PM,0.04,in,A
08/24/2016 09:23:11 PM,08/24/2016 09:23:29 PM,0.04,in,A
08/24/2016 09:22:49 PM,08/24/2016 09:22:57 PM,0.04,in,A
08/24/2016 09:22:28 PM,08/24/2016 09:22:55 PM,0.04,in,A
08/24/2016 09:22:07 PM,08/24/2016 09:22:26 PM,0.04,in,A
08/24/2016 09:21:45 PM,08/24/2016 09:21:56 PM,0.04,in,A
08/24/2016 09:21:40 PM,08/24/2016 09:21:56 PM,0.04,in,A
08/24/2016 09:21:19 PM,08/24/2016 09:21:26 PM,0.08,in,A
08/24/2016 09:20:34 PM,08/24/2016 09:20:55 PM,0.04,in,A
08/24/2016 08:27:54 PM,08/24/2016 08:27:57 PM,0.04,in,A
08/24/2016 08:19:01 PM,08/24/2016 08:19:25 PM,0.12,in,A
08/24/2016 08:15:49 PM,08/24/2016 08:15:56 PM,0.04,in,A
08/24/2016 08:15:02 PM,08/24/2016 08:15:25 PM,0.04,in,A
08/24/2016 08:14:31 PM,08/24/2016 08:14:56 PM,0.08,in,A
08/24/2016 08:13:48 PM,08/24/2016 08:13:58 PM,0.04,in,A
08/24/2016 08:13:27 PM,08/24/2016 08:13:56 PM,0.08,in,A
08/24/2016 08:12:44 PM,08/24/2016 08:12:56 PM,0.04,in,A
08/24/2016 08:12:19 PM,08/24/2016 08:12:26 PM,0.04,in,A
08/24/2016 08:11:40 PM,08/24/2016 08:11:56 PM,0.04,in,A
08/24/2016 08:10:46 PM,08/24/2016 08:10:57 PM,0.04,in,A
08/24/2016 08:10:14 PM,08/24/2016 08:10:26 PM,0.04,in,A
08/24/2016 08:09:43 PM,08/24/2016 08:09:56 PM,0.08,in,A
08/24/2016 07:47:34 PM,08/24/2016 07:47:55 PM,0.04,in,A
08/24/2016 07:46:16 PM,08/24/2016 07:46:26 PM,0.04,in,A
08/24/2016 07:45:19 PM,08/24/2016 07:45:28 PM,0.04,in,A
08/24/2016 07:44:41 PM,08/24/2016 07:44:57 PM,0.04,in,A
08/24/2016 07:43:59 PM,08/24/2016 07:44:26 PM,0.04,in,A
08/24/2016 07:43:09 PM,08/24/2016 07:43:26 PM,0.08,in,A
08/24/2016 07:41:23 PM,08/24/2016 07:41:27 PM,0.00,in,A
08/24/2016 07:41:03 PM,08/24/2016 07:41:26 PM,0.04,in,A
08/24/2016 07:40:04 PM,08/24/2016 07:40:26 PM,0.04,in,A
08/24/2016 07:39:13 PM,08/24/2016 07:39:26 PM,0.04,in,A
08/24/2016 07:38:05 PM,08/24/2016 07:38:26 PM,0.04,in,A
08/24/2016 07:37:10 PM,08/24/2016 07:37:26 PM,0.04,in,A
08/24/2016 07:36:30 PM,08/24/2016 07:36:55 PM,0.04,in,A
08/24/2016 07:35:46 PM,08/24/2016 07:35:56 PM,0.12,in,A
08/24/2016 07:33:37 PM,08/24/2016 07:33:57 PM,0.04,in,A
08/24/2016 07:32:51 PM,08/24/2016 07:32:57 PM,0.04,in,A
08/24/2016 07:32:11 PM,08/24/2016 07:32:26 PM,0.04,in,A
08/24/2016 07:31:24 PM,08/24/2016 07:31:27 PM,0.04,in,A
08/24/2016 07:30:38 PM,08/24/2016 07:30:55 PM,0.04,in,A
08/24/2016 07:29:52 PM,08/24/2016 07:29:55 PM,0.08,in,A
08/24/2016 07:44:15 AM,08/24/2016 07:44:25 AM,0.00,in,A
08/24/2016 04:50:46 AM,08/24/2016 04:50:57 AM,0.04,in,A
08/24/2016 04:47:55 AM,08/24/2016 04:48:26 AM,0.04,in,A
08/24/2016 04:37:38 AM,08/24/2016 04:37:57 AM,0.04,in,A
08/23/2016 07:47:08 PM,08/23/2016 07:47:25 PM,0.00,in,A
08/23/2016 07:50:00 AM,08/23/2016 07:50:25 AM,0.00,in,A
08/22/2016 07:52:53 PM,08/22/2016 07:52:55 PM,0.00,in,A
08/22/2016 07:55:45 AM,08/22/2016 07:55:55 AM,0.00,in,A
08/21/2016 07:58:37 PM,08/21/2016 07:58:55 PM,0.00,in,A
08/21/2016 08:01:30 AM,08/21/2016 08:01:55 AM,0.00,in,A
08/20/2016 08:04:22 PM,08/20/2016 08:04:25 PM,0.00,in,A
08/20/2016 08:07:15 AM,08/20/2016 08:07:25 AM,0.00,in,A
08/19/2016 11:27:47 PM,08/19/2016 11:27:55 PM,0.04,in,A
08/19/2016 10:55:10 PM,08/19/2016 10:55:25 PM,0.04,in,A
08/19/2016 10:37:46 PM,08/19/2016 10:37:55 PM,0.16,in,A
08/19/2016 09:56:49 PM,08/19/2016 09:56:56 PM,0.04,in,A
08/19/2016 09:41:23 PM,08/19/2016 09:41:26 PM,0.04,in,A
08/19/2016 09:34:24 PM,08/19/2016 09:34:26 PM,0.04,in,A
08/19/2016 09:32:30 PM,08/19/2016 09:32:55 PM,0.04,in,A
08/19/2016 09:30:26 PM,08/19/2016 09:30:55 PM,0.04,in,A
08/19/2016 09:27:15 PM,08/19/2016 09:27:26 PM,0.04,in,A
08/19/2016 09:25:19 PM,08/19/2016 09:25:25 PM,0.04,in,A
08/19/2016 09:22:05 PM,08/19/2016 09:22:26 PM,0.04,in,A
08/19/2016 09:20:07 PM,08/19/2016 09:20:25 PM,0.04,in,A
08/19/2016 09:18:41 PM,08/19/2016 09:18:56 PM,0.04,in,A
08/19/2016 09:16:51 PM,08/19/2016 09:16:56 PM,0.04,in,A
08/19/2016 09:13:55 PM,08/19/2016 09:13:55 PM,0.04,in,A
08/19/2016 09:11:52 PM,08/19/2016 09:11:56 PM,0.04,in,A
08/19/2016 09:10:18 PM,08/19/2016 09:10:26 PM,0.04,in,A
08/19/2016 09:09:00 PM,08/19/2016 09:09:25 PM,0.04,in,A
08/19/2016 09:07:46 PM,08/19/2016 09:07:56 PM,0.04,in,A
08/19/2016 09:06:41 PM,08/19/2016 09:06:56 PM,0.04,in,A
08/19/2016 09:05:26 PM,08/19/2016 09:05:55 PM,0.04,in,A
08/19/2016 08:10:07 PM,08/19/2016 08:10:25 PM,0.00,in,A
08/19/2016 08:12:59 AM,08/19/2016 08:13:25 AM,0.00,in,A
08/18/2016 08:15:52 PM,08/18/2016 08:15:55 PM,0.00,in,A
08/18/2016 08:18:44 AM,08/18/2016 08:18:55 AM,0.00,in,A
08/17/2016 08:21:37 PM,08/17/2016 08:21:55 PM,0.00,in,A
08/17/2016 08:24:29 AM,08/17/2016 08:24:55 AM,0.00,in,A
08/16/2016 08:27:21 PM,08/16/2016 08:27:25 PM,0.00,in,A
08/16/2016 08:30:14 AM,08/16/2016 08:30:25 AM,0.00,in,A
08/15/2016 08:33:06 PM,08/15/2016 08:33:25 PM,0.00,in,A
08/15/2016 08:35:59 AM,08/15/2016 08:36:25 AM,0.00,in,A
08/14/2016 08:38:51 PM,08/14/2016 08:38:55 PM,0.00,in,A
08/14/2016 08:41:43 AM,08/14/2016 08:41:55 AM,0.00,in,A
08/13/2016 08:44:36 PM,08/13/2016 08:44:55 PM,0.00,in,A
08/13/2016 08:47:28 AM,08/13/2016 08:47:55 AM,0.00,in,A
08/12/2016 08:50:20 PM,08/12/2016 08:50:25 PM,0.00,in,A
08/12/2016 08:53:13 AM,08/12/2016 08:53:25 AM,0.00,in,A
08/12/2016 06:40:54 AM,08/12/2016 06:40:56 AM,0.08,in,A
08/12/2016 06:09:24 AM,08/12/2016 06:09:25 AM,0.04,in,A
08/12/2016 06:07:29 AM,08/12/2016 06:07:55 AM,0.04,in,A
08/12/2016 05:38:55 AM,08/12/2016 05:39:26 AM,0.04,in,A
08/12/2016 05:27:58 AM,08/12/2016 05:28:25 AM,0.04,in,A
08/12/2016 03:33:41 AM,08/12/2016 03:33:55 AM,0.04,in,A
08/12/2016 02:37:04 AM,08/12/2016 02:37:25 AM,0.08,in,A
08/11/2016 08:56:05 PM,08/11/2016 08:56:25 PM,0.00,in,A
08/11/2016 08:58:58 AM,08/11/2016 08:59:25 AM,0.00,in,A
08/10/2016 09:04:42 AM,08/10/2016 09:04:55 AM,0.00,in,A
08/09/2016 09:07:35 PM,08/09/2016 09:07:55 PM,0.00,in,A
08/09/2016 09:10:27 AM,08/09/2016 09:10:55 AM,0.00,in,A
08/08/2016 11:14:44 PM,08/08/2016 11:14:55 PM,0.04,in,A
08/08/2016 09:13:20 PM,08/08/2016 09:13:25 PM,0.00,in,A
08/08/2016 09:16:12 AM,08/08/2016 09:16:25 AM,0.00,in,A
08/07/2016 09:19:05 PM,08/07/2016 09:19:25 PM,0.00,in,A
08/07/2016 10:09:55 AM,08/07/2016 10:10:25 AM,0.04,in,A
08/07/2016 09:43:28 AM,08/07/2016 09:43:55 AM,0.04,in,A
08/07/2016 09:21:57 AM,08/07/2016 09:22:25 AM,0.00,in,A
08/07/2016 08:53:33 AM,08/07/2016 08:53:55 AM,0.04,in,A
08/07/2016 08:33:59 AM,08/07/2016 08:34:25 AM,0.04,in,A
08/06/2016 09:24:49 PM,08/06/2016 09:24:55 PM,0.00,in,A
08/06/2016 09:27:42 AM,08/06/2016 09:27:55 AM,0.00,in,A
08/05/2016 09:30:34 PM,08/05/2016 09:30:55 PM,0.00,in,A
08/05/2016 09:33:27 AM,08/05/2016 09:33:55 AM,0.00,in,A
08/04/2016 09:36:19 PM,08/04/2016 09:36:25 PM,0.00,in,A
08/04/2016 09:39:11 AM,08/04/2016 09:39:25 AM,0.00,in,A
08/03/2016 09:42:04 PM,08/03/2016 09:42:25 PM,0.00,in,A
08/03/2016 09:44:56 AM,08/03/2016 09:45:25 AM,0.00,in,A
08/02/2016 09:47:49 PM,08/02/2016 09:47:56 PM,0.00,in,A
08/02/2016 09:50:41 AM,08/02/2016 09:50:55 AM,0.00,in,A
08/01/2016 09:53:33 PM,08/01/2016 09:53:55 PM,0.00,in,A
08/01/2016 09:56:26 AM,08/01/2016 09:56:55 AM,0.00,in,A
07/31/2016 09:59:18 PM,07/31/2016 09:59:25 PM,0.00,in,A
07/31/2016 11:15:35 AM,07/31/2016 11:15:55 AM,0.04,in,A
07/31/2016 10:02:10 AM,07/31/2016 10:02:25 AM,0.00,in,A
07/30/2016 10:05:03 PM,07/30/2016 10:05:25 PM,0.00,in,A
07/30/2016 04:21:34 PM,07/30/2016 04:21:55 PM,0.04,in,A
07/30/2016 10:07:55 AM,07/30/2016 10:08:25 AM,0.00,in,A
07/29/2016 10:10:48 PM,07/29/2016 10:10:55 PM,0.00,in,A
07/29/2016 10:13:40 AM,07/29/2016 10:13:55 AM,0.00,in,A
07/28/2016 11:56:09 PM,07/28/2016 11:56:25 PM,0.04,in,A
07/28/2016 11:50:41 PM,07/28/2016 11:50:55 PM,0.04,in,A
07/28/2016 10:16:32 PM,07/28/2016 10:16:55 PM,0.00,in,A
07/28/2016 10:19:25 AM,07/28/2016 10:19:55 AM,0.00,in,A
07/27/2016 10:22:17 PM,07/27/2016 10:22:25 PM,0.00,in,A
07/27/2016 10:25:10 AM,07/27/2016 10:25:25 AM,0.00,in,A
07/26/2016 10:28:02 PM,07/26/2016 10:28:25 PM,0.00,in,A
07/26/2016 10:30:55 AM,07/26/2016 10:30:55 AM,0.00,in,A
07/25/2016 10:33:47 PM,07/25/2016 10:33:55 PM,0.00,in,A
07/25/2016 10:36:39 AM,07/25/2016 10:36:55 AM,0.00,in,A
07/24/2016 10:39:32 PM,07/24/2016 10:39:55 PM,0.00,in,A
07/24/2016 10:42:24 AM,07/24/2016 10:42:25 AM,0.00,in,A
07/23/2016 10:45:16 PM,07/23/2016 10:45:25 PM,0.00,in,A
07/23/2016 10:48:09 AM,07/23/2016 10:48:25 AM,0.00,in,A
07/22/2016 10:51:01 PM,07/22/2016 10:51:25 PM,0.00,in,A
07/22/2016 10:53:54 AM,07/22/2016 10:53:55 AM,0.00,in,A
07/21/2016 10:56:46 PM,07/21/2016 10:56:55 PM,0.00,in,A
07/21/2016 10:59:38 AM,07/21/2016 10:59:55 AM,0.00,in,A
07/20/2016 11:02:31 PM,07/20/2016 11:02:55 PM,0.00,in,A
07/20/2016 11:05:23 AM,07/20/2016 11:05:25 AM,0.00,in,A
07/19/2016 11:08:15 PM,07/19/2016 11:08:25 PM,0.00,in,A
07/19/2016 11:11:08 AM,07/19/2016 11:11:25 AM,0.00,in,A
07/18/2016 11:14:00 PM,07/18/2016 11:14:25 PM,0.00,in,A
07/18/2016 11:16:52 AM,07/18/2016 11:16:55 AM,0.00,in,A
07/17/2016 11:19:45 PM,07/17/2016 11:19:55 PM,0.00,in,A
07/17/2016 11:22:37 AM,07/17/2016 11:22:55 AM,0.00,in,A
07/16/2016 11:25:30 PM,07/16/2016 11:25:55 PM,0.00,in,A
07/16/2016 11:28:22 AM,07/16/2016 11:28:26 AM,0.00,in,A
07/15/2016 11:31:14 PM,07/15/2016 11:31:25 PM,0.00,in,A
07/15/2016 11:34:07 AM,07/15/2016 11:34:25 AM,0.00,in,A
07/14/2016 11:36:59 PM,07/14/2016 11:37:25 PM,0.00,in,A
07/13/2016 11:42:44 PM,07/13/2016 11:42:55 PM,0.00,in,A
07/13/2016 01:38:49 PM,07/13/2016 01:38:56 PM,0.04,in,A
07/13/2016 01:36:15 PM,07/13/2016 01:36:25 PM,0.04,in,A
07/13/2016 01:34:17 PM,07/13/2016 01:34:25 PM,0.04,in,A
07/13/2016 01:15:45 PM,07/13/2016 01:15:55 PM,0.04,in,A
07/13/2016 01:08:57 PM,07/13/2016 01:09:25 PM,0.04,in,A
07/13/2016 12:56:36 PM,07/13/2016 12:56:55 PM,0.04,in,A
07/13/2016 12:06:59 PM,07/13/2016 12:07:25 PM,0.04,in,A
07/13/2016 11:45:37 AM,07/13/2016 11:45:56 AM,0.00,in,A
07/13/2016 11:38:47 AM,07/13/2016 11:38:56 AM,0.04,in,A
07/13/2016 11:35:04 AM,07/13/2016 11:35:26 AM,0.04,in,A
07/13/2016 11:32:59 AM,07/13/2016 11:33:25 AM,0.04,in,A
07/13/2016 11:11:18 AM,07/13/2016 11:11:26 AM,0.04,in,A
07/13/2016 11:08:27 AM,07/13/2016 11:08:56 AM,0.04,in,A
07/13/2016 11:05:09 AM,07/13/2016 11:05:26 AM,0.04,in,A
07/13/2016 10:59:37 AM,07/13/2016 10:59:56 AM,0.04,in,A
07/13/2016 02:15:05 AM,07/13/2016 02:15:25 AM,0.04,in,A
07/13/2016 01:51:29 AM,07/13/2016 01:51:56 AM,0.04,in,A
07/12/2016 11:51:21 AM,07/12/2016 11:51:25 AM,0.00,in,A
07/12/2016 08:03:27 AM,07/12/2016 08:03:55 AM,0.04,in,A
07/12/2016 07:36:49 AM,07/12/2016 07:36:56 AM,0.04,in,A
07/12/2016 07:14:47 AM,07/12/2016 07:14:56 AM,0.04,in,A
07/12/2016 06:05:07 AM,07/12/2016 06:05:26 AM,0.04,in,A
07/12/2016 05:56:18 AM,07/12/2016 05:56:27 AM,0.08,in,A
07/12/2016 05:50:51 AM,07/12/2016 05:50:58 AM,0.04,in,A
07/12/2016 05:48:51 AM,07/12/2016 05:49:00 AM,0.04,in,A
07/12/2016 05:46:45 AM,07/12/2016 05:46:57 AM,0.04,in,A
07/12/2016 05:44:56 AM,07/12/2016 05:45:26 AM,0.08,in,A
07/12/2016 05:42:09 AM,07/12/2016 05:42:28 AM,0.08,in,A
07/12/2016 05:40:57 AM,07/12/2016 05:41:26 AM,0.04,in,A
07/12/2016 05:40:23 AM,07/12/2016 05:40:28 AM,0.04,in,A
07/12/2016 05:39:53 AM,07/12/2016 05:39:59 AM,0.04,in,A
07/12/2016 05:39:19 AM,07/12/2016 05:39:29 AM,0.08,in,A
07/12/2016 05:36:44 AM,07/12/2016 05:36:57 AM,0.04,in,A
07/11/2016 11:54:14 PM,07/11/2016 11:54:25 PM,0.00,in,A
07/11/2016 11:57:06 AM,07/11/2016 11:57:25 AM,0.00,in,A
07/10/2016 11:59:59 PM,07/11/2016 12:00:25 AM,0.00,in,A
07/10/2016 12:02:51 PM,07/10/2016 12:02:55 PM,0.00,in,A
07/10/2016 06:46:59 AM,07/10/2016 06:47:25 AM,0.04,in,A
07/10/2016 12:05:43 AM,07/10/2016 12:05:56 AM,0.00,in,A
07/09/2016 10:28:52 PM,07/09/2016 10:28:55 PM,0.04,in,A
07/09/2016 10:25:14 PM,07/09/2016 10:25:26 PM,0.04,in,A
07/09/2016 12:08:36 PM,07/09/2016 12:08:55 PM,0.00,in,A
07/09/2016 12:11:28 AM,07/09/2016 12:11:55 AM,0.00,in,A
07/08/2016 12:14:20 PM,07/08/2016 12:14:25 PM,0.00,in,A
07/08/2016 12:17:13 AM,07/08/2016 12:17:25 AM,0.00,in,A
07/07/2016 12:20:05 PM,07/07/2016 12:20:25 PM,0.00,in,A
07/07/2016 08:24:49 AM,07/07/2016 08:24:55 AM,0.04,in,A
07/07/2016 08:21:41 AM,07/07/2016 08:21:55 AM,0.04,in,A
07/07/2016 08:12:27 AM,07/07/2016 08:12:55 AM,0.04,in,A
07/07/2016 08:04:08 AM,07/07/2016 08:04:25 AM,0.04,in,A
07/07/2016 06:55:59 AM,07/07/2016 06:56:26 AM,0.04,in,A
07/07/2016 06:43:43 AM,07/07/2016 06:43:55 AM,0.04,in,A
07/07/2016 06:35:43 AM,07/07/2016 06:35:56 AM,0.04,in,A
07/07/2016 06:26:46 AM,07/07/2016 06:26:55 AM,0.04,in,A
07/07/2016 06:23:33 AM,07/07/2016 06:23:55 AM,0.04,in,A
07/07/2016 06:20:43 AM,07/07/2016 06:20:55 AM,0.04,in,A
07/07/2016 06:18:51 AM,07/07/2016 06:18:56 AM,0.08,in,A
07/07/2016 06:01:49 AM,07/07/2016 06:01:56 AM,0.04,in,A
07/07/2016 05:57:54 AM,07/07/2016 05:57:55 AM,0.04,in,A
07/07/2016 05:46:40 AM,07/07/2016 05:46:55 AM,0.04,in,A
07/07/2016 05:38:00 AM,07/07/2016 05:38:26 AM,0.04,in,A
07/07/2016 05:30:04 AM,07/07/2016 05:30:27 AM,0.04,in,A
07/07/2016 05:21:53 AM,07/07/2016 05:21:58 AM,0.04,in,A
07/07/2016 12:22:58 AM,07/07/2016 12:23:25 AM,0.00,in,A
07/06/2016 12:25:50 PM,07/06/2016 12:25:55 PM,0.00,in,A
07/06/2016 12:28:43 AM,07/06/2016 12:28:55 AM,0.00,in,A
07/05/2016 12:31:35 PM,07/05/2016 12:31:55 PM,0.00,in,A
07/05/2016 12:34:27 AM,07/05/2016 12:34:55 AM,0.00,in,A
07/04/2016 12:37:20 PM,07/04/2016 12:37:25 PM,0.00,in,A
07/04/2016 12:40:12 AM,07/04/2016 12:40:25 AM,0.00,in,A
07/03/2016 12:43:05 PM,07/03/2016 12:43:26 PM,0.00,in,A
07/03/2016 05:13:47 AM,07/03/2016 05:13:55 AM,0.08,in,A
07/03/2016 02:56:50 AM,07/03/2016 02:56:56 AM,0.08,in,A
07/03/2016 01:48:28 AM,07/03/2016 01:48:56 AM,0.04,in,A
07/03/2016 01:40:54 AM,07/03/2016 01:40:56 AM,0.08,in,A
07/03/2016 12:59:21 AM,07/03/2016 01:01:28 AM,0.04,in,A
07/03/2016 12:46:51 AM,07/03/2016 12:58:59 AM,0.04,in,A
07/03/2016 12:45:57 AM,07/03/2016 12:58:53 AM,0.04,in,A
07/02/2016 11:36:36 PM,07/02/2016 11:36:56 PM,0.04,in,A
07/02/2016 11:35:13 PM,07/02/2016 11:35:26 PM,0.04,in,A
07/02/2016 11:34:09 PM,07/02/2016 11:34:26 PM,0.04,in,A
07/02/2016 11:33:17 PM,07/02/2016 11:33:25 PM,0.08,in,A
07/02/2016 11:31:02 PM,07/02/2016 11:31:25 PM,0.04,in,A
07/02/2016 11:29:28 PM,07/02/2016 11:29:55 PM,0.04,in,A
07/02/2016 11:28:21 PM,07/02/2016 11:28:26 PM,0.04,in,A
07/02/2016 09:59:09 PM,07/02/2016 09:59:26 PM,0.04,in,A
07/02/2016 09:47:53 PM,07/02/2016 09:47:55 PM,0.08,in,A
07/02/2016 09:12:01 PM,07/02/2016 09:12:26 PM,0.04,in,A
07/02/2016 09:05:46 PM,07/02/2016 09:05:56 PM,0.04,in,A
07/02/2016 09:03:21 PM,07/02/2016 09:03:27 PM,0.04,in,A
07/02/2016 09:01:32 PM,07/02/2016 09:01:56 PM,0.04,in,A
07/02/2016 09:00:25 PM,07/02/2016 09:00:56 PM,0.04,in,A
07/02/2016 08:59:33 PM,07/02/2016 08:59:56 PM,0.04,in,A
07/02/2016 08:58:47 PM,07/02/2016 08:58:57 PM,0.04,in,A
07/02/2016 08:57:15 PM,07/02/2016 08:57:27 PM,0.04,in,A
07/02/2016 08:56:15 PM,07/02/2016 08:56:27 PM,0.04,in,A
07/02/2016 08:49:32 PM,07/02/2016 08:49:56 PM,0.04,in,A
07/02/2016 08:38:09 PM,07/02/2016 08:38:27 PM,0.04,in,A
07/02/2016 08:27:53 PM,07/02/2016 08:27:56 PM,0.08,in,A
07/02/2016 07:53:57 PM,07/02/2016 07:54:25 PM,0.04,in,A
07/02/2016 07:34:00 PM,07/02/2016 07:34:25 PM,0.04,in,A
07/02/2016 03:52:36 PM,07/02/2016 03:52:55 PM,0.04,in,A
07/02/2016 03:19:23 PM,07/02/2016 03:19:26 PM,0.04,in,A
07/02/2016 02:55:37 PM,07/02/2016 02:55:55 PM,0.04,in,A
07/02/2016 02:48:40 PM,07/02/2016 02:48:55 PM,0.04,in,A
07/02/2016 02:46:36 PM,07/02/2016 02:46:55 PM,0.04,in,A
07/02/2016 02:42:33 PM,07/02/2016 02:42:55 PM,0.04,in,A
07/02/2016 02:40:01 PM,07/02/2016 02:40:25 PM,0.04,in,A
07/02/2016 02:14:53 PM,07/02/2016 02:14:55 PM,0.04,in,A
07/02/2016 12:48:49 PM,07/02/2016 12:48:55 PM,0.00,in,A
07/02/2016 12:35:00 PM,07/02/2016 12:35:25 PM,0.04,in,A
07/02/2016 11:30:54 AM,07/02/2016 11:30:55 AM,0.04,in,A
07/02/2016 08:56:01 AM,07/02/2016 08:56:25 AM,0.04,in,A
07/02/2016 08:51:09 AM,07/02/2016 08:51:26 AM,0.08,in,A
07/02/2016 08:37:40 AM,07/02/2016 08:37:56 AM,0.04,in,A
07/02/2016 08:30:52 AM,07/02/2016 08:30:56 AM,0.04,in,A
07/02/2016 08:24:53 AM,07/02/2016 08:24:56 AM,0.04,in,A
07/02/2016 08:23:17 AM,07/02/2016 08:23:26 AM,0.04,in,A
07/02/2016 08:20:11 AM,07/02/2016 08:20:26 AM,0.04,in,A
07/02/2016 08:15:19 AM,07/02/2016 08:15:26 AM,0.04,in,A
07/02/2016 08:12:45 AM,07/02/2016 08:12:56 AM,0.08,in,A
07/02/2016 08:03:07 AM,07/02/2016 08:03:26 AM,0.04,in,A
07/02/2016 07:57:13 AM,07/02/2016 07:57:25 AM,0.04,in,A
07/02/2016 07:49:38 AM,07/02/2016 07:49:55 AM,0.04,in,A
07/02/2016 07:34:39 AM,07/02/2016 07:34:55 AM,0.04,in,A
07/02/2016 07:19:09 AM,07/02/2016 07:19:26 AM,0.04,in,A
07/02/2016 07:06:00 AM,07/02/2016 07:06:26 AM,0.04,in,A
07/02/2016 06:54:34 AM,07/02/2016 06:54:55 AM,0.04,in,A
07/02/2016 06:47:38 AM,07/02/2016 06:47:56 AM,0.04,in,A
07/02/2016 06:42:38 AM,07/02/2016 06:42:55 AM,0.04,in,A
07/02/2016 06:28:31 AM,07/02/2016 06:28:55 AM,0.04,in,A
07/02/2016 06:10:11 AM,07/02/2016 06:10:25 AM,0.04,in,A
07/02/2016 12:51:42 AM,07/02/2016 12:51:55 AM,0.00,in,A
07/01/2016 12:54:34 PM,07/01/2016 12:54:55 PM,0.00,in,A
07/01/2016 09:22:15 AM,07/01/2016 09:22:25 AM,0.04,in,A
07/01/2016 12:57:27 AM,07/01/2016 12:57:55 AM,0.00,in,A
06/30/2016 03:39:37 PM,06/30/2016 03:39:55 PM,0.04,in,A
06/30/2016 01:00:19 PM,06/30/2016 01:00:25 PM,0.00,in,A
06/30/2016 06:53:38 AM,06/30/2016 06:53:55 AM,0.04,in,A
06/30/2016 06:47:52 AM,06/30/2016 06:47:55 AM,0.04,in,A
06/30/2016 06:45:41 AM,06/30/2016 06:45:55 AM,0.04,in,A
06/30/2016 06:43:46 AM,06/30/2016 06:43:55 AM,0.04,in,A
06/30/2016 01:03:12 AM,06/30/2016 01:03:25 AM,0.00,in,A
06/29/2016 01:06:04 PM,06/29/2016 01:06:25 PM,0.00,in,A
06/29/2016 01:08:57 AM,06/29/2016 01:09:25 AM,0.00,in,A
06/28/2016 01:11:49 PM,06/28/2016 01:11:56 PM,0.04,in,A
06/28/2016 09:23:21 AM,06/28/2016 09:23:25 AM,0.04,in,A
06/28/2016 01:14:42 AM,06/28/2016 01:14:55 AM,0.00,in,A
06/27/2016 01:17:34 PM,06/27/2016 01:17:55 PM,0.00,in,A
06/27/2016 01:20:27 AM,06/27/2016 01:20:55 AM,0.00,in,A
06/26/2016 04:54:47 PM,06/26/2016 04:54:55 PM,0.04,in,A
06/26/2016 04:07:21 PM,06/26/2016 04:07:25 PM,0.04,in,A
06/26/2016 04:02:00 PM,06/26/2016 04:02:25 PM,0.04,in,A
06/26/2016 03:58:41 PM,06/26/2016 03:58:55 PM,0.04,in,A
06/26/2016 03:56:32 PM,06/26/2016 03:56:55 PM,0.04,in,A
06/26/2016 03:54:30 PM,06/26/2016 03:54:55 PM,0.04,in,A
06/26/2016 03:49:11 PM,06/26/2016 03:49:25 PM,0.04,in,A
06/26/2016 03:43:43 PM,06/26/2016 03:43:55 PM,0.04,in,A
06/26/2016 03:40:05 PM,06/26/2016 03:40:25 PM,0.04,in,A
06/26/2016 03:38:01 PM,06/26/2016 03:38:25 PM,0.04,in,A
06/26/2016 03:36:08 PM,06/26/2016 03:36:25 PM,0.04,in,A
06/26/2016 03:34:31 PM,06/26/2016 03:34:55 PM,0.04,in,A
06/26/2016 03:32:41 PM,06/26/2016 03:32:55 PM,0.04,in,A
06/26/2016 03:30:40 PM,06/26/2016 03:30:56 PM,0.04,in,A
06/26/2016 03:26:50 PM,06/26/2016 03:26:55 PM,0.04,in,A
06/26/2016 01:23:19 PM,06/26/2016 01:23:25 PM,0.00,in,A
06/26/2016 01:26:11 AM,06/26/2016 01:26:25 AM,0.00,in,A
06/25/2016 01:29:04 PM,06/25/2016 01:29:25 PM,0.00,in,A
06/25/2016 01:31:56 AM,06/25/2016 01:32:25 AM,0.00,in,A
06/24/2016 01:34:49 PM,06/24/2016 01:34:55 PM,0.00,in,A
06/24/2016 01:37:41 AM,06/24/2016 01:37:55 AM,0.00,in,A
06/23/2016 01:40:33 PM,06/23/2016 01:40:55 PM,0.00,in,A
06/23/2016 01:43:26 AM,06/23/2016 01:43:55 AM,0.00,in,A
06/22/2016 01:46:18 PM,06/22/2016 01:46:25 PM,0.00,in,A
06/22/2016 01:49:10 AM,06/22/2016 01:49:25 AM,0.00,in,A
06/21/2016 01:52:03 PM,06/21/2016 01:52:25 PM,0.00,in,A
06/21/2016 01:54:55 AM,06/21/2016 01:55:25 AM,0.00,in,A
06/20/2016 01:57:48 PM,06/20/2016 01:57:55 PM,0.00,in,A
06/20/2016 02:00:40 AM,06/20/2016 02:00:56 AM,0.00,in,A
06/19/2016 02:03:32 PM,06/19/2016 02:03:55 PM,0.00,in,A
06/19/2016 02:06:25 AM,06/19/2016 02:06:55 AM,0.00,in,A
06/18/2016 02:09:18 PM,06/18/2016 02:09:25 PM,0.00,in,A
06/18/2016 02:12:10 AM,06/18/2016 02:12:25 AM,0.00,in,A
06/17/2016 02:15:02 PM,06/17/2016 02:15:25 PM,0.00,in,A
06/17/2016 02:17:54 AM,06/17/2016 02:17:55 AM,0.00,in,A
06/16/2016 02:20:47 PM,06/16/2016 02:20:55 PM,0.00,in,A
06/16/2016 02:23:39 AM,06/16/2016 02:23:55 AM,0.00,in,A
06/15/2016 02:26:31 PM,06/15/2016 02:26:55 PM,0.00,in,A
06/15/2016 02:29:24 AM,06/15/2016 02:29:25 AM,0.00,in,A
06/14/2016 02:32:16 PM,06/14/2016 02:32:25 PM,0.00,in,A
06/14/2016 02:35:09 AM,06/14/2016 02:35:25 AM,0.00,in,A
06/13/2016 02:38:01 PM,06/13/2016 02:38:25 PM,0.00,in,A
06/13/2016 02:40:53 AM,06/13/2016 02:40:55 AM,0.00,in,A
06/12/2016 02:43:46 PM,06/12/2016 02:43:55 PM,0.00,in,A
06/12/2016 11:18:54 AM,06/12/2016 11:18:55 AM,0.04,in,A
06/12/2016 02:46:39 AM,06/12/2016 02:46:55 AM,0.00,in,A
06/11/2016 02:49:31 PM,06/11/2016 02:49:55 PM,0.00,in,A
06/11/2016 02:52:23 AM,06/11/2016 02:52:25 AM,0.00,in,A
06/10/2016 02:55:16 PM,06/10/2016 02:55:25 PM,0.00,in,A
06/10/2016 02:58:08 AM,06/10/2016 02:58:25 AM,0.00,in,A
06/09/2016 03:01:00 PM,06/09/2016 03:01:25 PM,0.00,in,A
06/09/2016 03:03:53 AM,06/09/2016 03:03:55 AM,0.00,in,A
06/08/2016 03:06:45 PM,06/08/2016 03:06:55 PM,0.00,in,A
06/08/2016 03:09:37 AM,06/08/2016 03:09:55 AM,0.00,in,A
06/07/2016 03:12:30 PM,06/07/2016 03:12:55 PM,0.00,in,A
06/07/2016 03:15:22 AM,06/07/2016 03:15:26 AM,0.00,in,A
06/06/2016 03:18:14 PM,06/06/2016 03:18:25 PM,0.00,in,A
06/06/2016 03:21:07 AM,06/06/2016 03:21:25 AM,0.00,in,A
06/05/2016 03:23:59 PM,06/05/2016 03:24:25 PM,0.00,in,A
06/05/2016 03:26:51 AM,06/05/2016 03:26:55 AM,0.00,in,A
06/04/2016 03:29:44 PM,06/04/2016 03:29:55 PM,0.00,in,A
06/04/2016 03:49:15 AM,06/04/2016 03:49:25 AM,0.04,in,A
06/04/2016 03:32:36 AM,06/04/2016 03:32:55 AM,0.00,in,A
06/04/2016 03:19:51 AM,06/04/2016 03:19:55 AM,0.04,in,A
06/04/2016 03:07:40 AM,06/04/2016 03:07:55 AM,0.04,in,A
06/04/2016 03:04:41 AM,06/04/2016 03:04:55 AM,0.04,in,A
06/04/2016 03:02:31 AM,06/04/2016 03:02:55 AM,0.04,in,A
06/04/2016 03:01:05 AM,06/04/2016 03:01:26 AM,0.08,in,A
06/04/2016 02:56:39 AM,06/04/2016 02:56:55 AM,0.04,in,A
06/04/2016 02:53:10 AM,06/04/2016 02:53:25 AM,0.04,in,A
06/04/2016 02:51:18 AM,06/04/2016 02:51:26 AM,0.04,in,A
06/03/2016 03:35:28 PM,06/03/2016 03:35:55 PM,0.00,in,A
06/02/2016 03:41:13 PM,06/02/2016 03:41:25 PM,0.00,in,A
06/02/2016 03:44:06 AM,06/02/2016 03:44:25 AM,0.00,in,A
06/01/2016 03:46:58 PM,06/01/2016 03:47:25 PM,0.00,in,A
06/01/2016 03:49:50 AM,06/01/2016 03:49:55 AM,0.00,in,A
05/31/2016 03:52:42 PM,05/31/2016 03:52:55 PM,0.00,in,A
05/31/2016 03:55:35 AM,05/31/2016 03:55:55 AM,0.00,in,A
05/30/2016 03:58:27 PM,05/30/2016 03:58:55 PM,0.00,in,A
05/30/2016 04:01:20 AM,05/30/2016 04:01:25 AM,0.00,in,A
05/29/2016 04:04:12 PM,05/29/2016 04:04:25 PM,0.00,in,A
05/29/2016 04:07:05 AM,05/29/2016 04:07:25 AM,0.00,in,A
05/28/2016 04:09:57 PM,05/28/2016 04:10:25 PM,0.00,in,A
05/28/2016 04:12:49 AM,05/28/2016 04:12:56 AM,0.00,in,A
05/27/2016 11:24:15 PM,05/27/2016 11:24:26 PM,0.04,in,A
05/27/2016 11:13:06 PM,05/27/2016 11:13:26 PM,0.04,in,A
05/27/2016 11:09:07 PM,05/27/2016 11:09:26 PM,0.04,in,A
05/27/2016 11:04:08 PM,05/27/2016 11:04:26 PM,0.04,in,A
05/27/2016 10:55:36 PM,05/27/2016 10:55:56 PM,0.04,in,A
05/27/2016 10:53:14 PM,05/27/2016 10:53:26 PM,0.04,in,A
05/27/2016 10:51:43 PM,05/27/2016 10:51:56 PM,0.04,in,A
05/27/2016 10:50:35 PM,05/27/2016 10:50:55 PM,0.04,in,A
05/27/2016 04:15:41 PM,05/27/2016 04:15:56 PM,0.00,in,A
05/27/2016 04:18:34 AM,05/27/2016 04:18:56 AM,0.00,in,A
05/27/2016 03:25:29 AM,05/27/2016 03:25:56 AM,0.04,in,A
05/27/2016 03:22:15 AM,05/27/2016 03:22:27 AM,0.04,in,A
05/27/2016 03:21:13 AM,05/27/2016 03:21:26 AM,0.04,in,A
05/27/2016 03:19:24 AM,05/27/2016 03:19:27 AM,0.04,in,A
05/27/2016 03:18:13 AM,05/27/2016 03:18:26 AM,0.04,in,A
05/27/2016 03:17:32 AM,05/27/2016 03:17:56 AM,0.04,in,A
05/27/2016 03:16:50 AM,05/27/2016 03:16:56 AM,0.04,in,A
05/27/2016 03:16:11 AM,05/27/2016 03:16:26 AM,0.04,in,A
05/27/2016 03:15:45 AM,05/27/2016 03:15:56 AM,0.04,in,A
05/27/2016 03:15:18 AM,05/27/2016 03:15:26 AM,0.08,in,A
05/26/2016 11:28:29 PM,05/26/2016 11:28:56 PM,0.04,in,A
05/26/2016 11:27:31 PM,05/26/2016 11:27:56 PM,0.04,in,A
05/26/2016 11:26:46 PM,05/26/2016 11:26:56 PM,0.04,in,A
05/26/2016 11:26:04 PM,05/26/2016 11:26:25 PM,0.04,in,A
05/26/2016 11:23:44 PM,05/26/2016 11:23:56 PM,0.04,in,A
05/26/2016 10:11:13 PM,05/26/2016 10:11:25 PM,0.04,in,A
05/26/2016 09:53:25 PM,05/26/2016 09:53:56 PM,0.04,in,A
05/26/2016 09:41:34 PM,05/26/2016 09:41:56 PM,0.04,in,A
05/26/2016 09:35:59 PM,05/26/2016 09:36:25 PM,0.04,in,A
05/26/2016 09:30:28 PM,05/26/2016 09:30:56 PM,0.04,in,A
05/26/2016 09:24:06 PM,05/26/2016 09:24:26 PM,0.04,in,A
05/26/2016 08:54:49 PM,05/26/2016 08:54:56 PM,0.04,in,A
05/26/2016 08:28:59 PM,05/26/2016 08:29:25 PM,0.04,in,A
05/26/2016 08:25:07 PM,05/26/2016 08:25:25 PM,0.04,in,A
05/26/2016 06:35:27 PM,05/26/2016 06:35:55 PM,0.04,in,A
05/26/2016 06:19:55 PM,05/26/2016 06:20:26 PM,0.08,in,A
05/26/2016 05:55:39 PM,05/26/2016 05:55:56 PM,0.04,in,A
05/26/2016 05:53:48 PM,05/26/2016 05:53:56 PM,0.04,in,A
05/26/2016 05:50:18 PM,05/26/2016 05:50:26 PM,0.04,in,A
05/26/2016 05:49:00 PM,05/26/2016 05:49:26 PM,0.04,in,A
05/26/2016 05:48:00 PM,05/26/2016 05:48:26 PM,0.08,in,A
05/26/2016 05:46:10 PM,05/26/2016 05:46:27 PM,0.04,in,A
05/26/2016 05:43:55 PM,05/26/2016 05:43:57 PM,0.04,in,A
05/26/2016 05:40:58 PM,05/26/2016 05:41:26 PM,0.04,in,A
05/26/2016 04:21:09 PM,05/26/2016 04:21:25 PM,0.00,in,A
05/26/2016 03:21:14 PM,05/26/2016 03:21:26 PM,0.04,in,A
05/26/2016 03:09:02 PM,05/26/2016 03:09:25 PM,0.04,in,A
05/26/2016 05:20:29 AM,05/26/2016 05:20:56 AM,0.04,in,A
05/26/2016 05:16:52 AM,05/26/2016 05:16:58 AM,0.04,in,A
05/26/2016 05:13:33 AM,05/26/2016 05:13:57 AM,0.04,in,A
05/26/2016 05:04:37 AM,05/26/2016 05:04:57 AM,0.08,in,A
05/26/2016 04:57:27 AM,05/26/2016 04:57:56 AM,0.04,in,A
05/26/2016 04:55:54 AM,05/26/2016 04:55:57 AM,0.04,in,A
05/26/2016 04:54:57 AM,05/26/2016 04:55:26 AM,0.04,in,A
05/26/2016 04:52:44 AM,05/26/2016 04:52:57 AM,0.04,in,A
05/26/2016 04:23:05 AM,05/26/2016 04:23:25 AM,0.00,in,A
05/26/2016 01:49:24 AM,05/26/2016 01:49:26 AM,0.04,in,A
05/26/2016 01:39:59 AM,05/26/2016 01:40:25 AM,0.04,in,A
05/26/2016 01:37:41 AM,05/26/2016 01:37:55 AM,0.04,in,A
05/26/2016 01:35:28 AM,05/26/2016 01:35:55 AM,0.04,in,A
05/26/2016 01:30:22 AM,05/26/2016 01:30:26 AM,0.04,in,A
05/26/2016 01:26:18 AM,05/26/2016 01:26:26 AM,0.04,in,A
05/25/2016 04:25:02 PM,05/25/2016 04:25:25 PM,0.00,in,A
05/25/2016 04:26:59 AM,05/25/2016 04:27:25 AM,0.00,in,A
05/25/2016 03:22:02 AM,05/25/2016 03:22:25 AM,0.04,in,A
05/24/2016 04:28:57 PM,05/24/2016 04:29:25 PM,0.00,in,A
05/24/2016 10:32:01 AM,05/24/2016 10:32:25 AM,0.04,in,A
05/24/2016 06:59:20 AM,05/24/2016 06:59:26 AM,0.08,in,A
05/24/2016 04:30:54 AM,05/24/2016 04:30:56 AM,0.00,in,A
05/23/2016 04:32:51 PM,05/23/2016 04:32:55 PM,0.00,in,A
05/23/2016 02:29:41 PM,05/23/2016 02:29:56 PM,0.04,in,A
05/23/2016 01:58:23 PM,05/23/2016 01:58:26 PM,0.04,in,A
05/23/2016 01:55:04 PM,05/23/2016 01:55:26 PM,0.04,in,A
05/23/2016 04:34:48 AM,05/23/2016 04:34:55 AM,0.00,in,A
05/22/2016 04:36:45 PM,05/22/2016 04:36:55 PM,0.00,in,A
05/22/2016 04:38:43 AM,05/22/2016 04:38:55 AM,0.00,in,A
05/21/2016 04:40:40 PM,05/21/2016 04:40:55 PM,0.00,in,A
05/21/2016 04:42:37 AM,05/21/2016 04:42:55 AM,0.00,in,A
05/20/2016 04:44:34 PM,05/20/2016 04:44:55 PM,0.00,in,A
05/20/2016 05:20:30 AM,05/20/2016 05:20:55 AM,0.04,in,A
05/20/2016 04:46:31 AM,05/20/2016 04:46:55 AM,0.00,in,A
05/19/2016 10:25:18 PM,05/19/2016 10:25:25 PM,0.04,in,A
05/19/2016 09:09:50 PM,05/19/2016 09:09:55 PM,0.04,in,A
05/19/2016 08:36:25 PM,05/19/2016 08:36:55 PM,0.04,in,A
05/19/2016 04:48:28 PM,05/19/2016 04:48:55 PM,0.00,in,A
05/19/2016 04:50:26 AM,05/19/2016 04:50:55 AM,0.00,in,A
05/18/2016 04:52:22 PM,05/18/2016 04:52:25 PM,0.00,in,A
05/18/2016 04:54:19 AM,05/18/2016 04:54:25 AM,0.00,in,A
05/17/2016 04:56:17 PM,05/17/2016 04:56:25 PM,0.00,in,A
05/17/2016 12:33:06 PM,05/17/2016 12:33:25 PM,0.04,in,A
05/17/2016 10:35:05 AM,05/17/2016 10:35:25 AM,0.04,in,A
05/17/2016 09:58:00 AM,05/17/2016 09:58:25 AM,0.04,in,A
05/17/2016 09:38:23 AM,05/17/2016 09:38:26 AM,0.04,in,A
05/17/2016 08:36:25 AM,05/17/2016 08:36:55 AM,0.04,in,A
05/17/2016 07:27:50 AM,05/17/2016 07:27:55 AM,0.04,in,A
05/17/2016 04:58:13 AM,05/17/2016 04:58:25 AM,0.00,in,A
05/16/2016 10:57:51 PM,05/16/2016 10:57:55 PM,0.04,in,A
05/16/2016 10:13:38 PM,05/16/2016 10:13:55 PM,0.04,in,A
05/16/2016 05:00:10 PM,05/16/2016 05:00:25 PM,0.00,in,A
05/16/2016 04:28:21 PM,05/16/2016 04:28:25 PM,0.04,in,A
05/16/2016 04:02:12 PM,05/16/2016 04:02:26 PM,0.04,in,A
05/16/2016 03:48:38 PM,05/16/2016 03:48:56 PM,0.04,in,A
05/16/2016 03:20:30 PM,05/16/2016 03:20:55 PM,0.04,in,A
05/16/2016 02:49:21 PM,05/16/2016 02:49:26 PM,0.04,in,A
05/16/2016 02:25:38 PM,05/16/2016 02:25:56 PM,0.04,in,A
05/16/2016 01:42:29 PM,05/16/2016 01:42:55 PM,0.04,in,A
05/16/2016 12:44:25 PM,05/16/2016 12:44:55 PM,0.04,in,A
05/16/2016 11:56:32 AM,05/16/2016 11:56:55 AM,0.04,in,A
05/16/2016 09:57:12 AM,05/16/2016 09:57:25 AM,0.04,in,A
05/16/2016 06:07:27 AM,05/16/2016 06:07:55 AM,0.04,in,A
05/16/2016 05:02:08 AM,05/16/2016 05:02:25 AM,0.00,in,A
05/16/2016 03:39:16 AM,05/16/2016 03:39:26 AM,0.08,in,A
05/16/2016 01:57:09 AM,05/16/2016 01:57:25 AM,0.04,in,A
05/16/2016 01:22:21 AM,05/16/2016 01:22:26 AM,0.04,in,A
05/16/2016 01:00:13 AM,05/16/2016 01:00:26 AM,0.04,in,A
05/16/2016 12:42:30 AM,05/16/2016 12:42:55 AM,0.04,in,A
05/16/2016 12:29:37 AM,05/16/2016 12:29:55 AM,0.04,in,A
05/15/2016 05:04:05 PM,05/15/2016 05:04:25 PM,0.00,in,A
05/15/2016 05:06:02 AM,05/15/2016 05:06:25 AM,0.00,in,A
05/14/2016 05:07:59 PM,05/14/2016 05:08:26 PM,0.00,in,A
05/14/2016 05:09:56 AM,05/14/2016 05:10:25 AM,0.00,in,A
05/13/2016 05:11:53 PM,05/13/2016 05:11:55 PM,0.00,in,A
05/13/2016 04:23:14 PM,05/13/2016 04:23:25 PM,0.04,in,A
05/13/2016 05:13:50 AM,05/13/2016 05:13:55 AM,0.00,in,A
05/12/2016 05:15:47 PM,05/12/2016 05:15:55 PM,0.00,in,A
05/12/2016 05:17:45 AM,05/12/2016 05:17:55 AM,0.00,in,A
05/11/2016 05:19:42 PM,05/11/2016 05:19:55 PM,0.00,in,A
05/11/2016 08:14:00 AM,05/11/2016 08:14:26 AM,0.04,in,A
05/11/2016 07:31:19 AM,05/11/2016 07:31:28 AM,0.04,in,A
05/11/2016 06:32:37 AM,05/11/2016 06:32:55 AM,0.04,in,A
05/11/2016 06:11:48 AM,05/11/2016 06:11:56 AM,0.04,in,A
05/11/2016 05:21:39 AM,05/11/2016 05:21:55 AM,0.00,in,A
05/10/2016 05:23:36 PM,05/10/2016 05:23:55 PM,0.00,in,A
05/10/2016 05:25:33 AM,05/10/2016 05:25:55 AM,0.04,in,A
05/09/2016 10:36:05 PM,05/09/2016 10:36:26 PM,0.04,in,A
05/09/2016 10:31:17 PM,05/09/2016 10:31:25 PM,0.04,in,A
05/09/2016 09:56:55 PM,05/09/2016 09:56:55 PM,0.04,in,A
05/09/2016 09:53:44 PM,05/09/2016 09:53:55 PM,0.04,in,A
05/09/2016 05:27:31 PM,05/09/2016 05:27:55 PM,0.00,in,A
05/09/2016 05:29:28 AM,05/09/2016 05:29:55 AM,0.00,in,A
05/08/2016 11:13:07 PM,05/08/2016 11:13:25 PM,0.04,in,A
05/08/2016 05:08:50 PM,05/08/2016 05:08:56 PM,0.04,in,A
05/08/2016 05:07:43 PM,05/08/2016 05:07:56 PM,0.04,in,A
05/08/2016 05:06:46 PM,05/08/2016 05:06:55 PM,0.04,in,A
05/08/2016 05:05:58 PM,05/08/2016 05:06:26 PM,0.04,in,A
05/08/2016 05:05:10 PM,05/08/2016 05:05:27 PM,0.04,in,A
05/08/2016 05:03:16 PM,05/08/2016 05:03:27 PM,0.04,in,A
05/08/2016 04:52:58 PM,05/08/2016 04:53:25 PM,0.04,in,A
05/08/2016 04:47:59 PM,05/08/2016 04:48:25 PM,0.04,in,A
05/08/2016 04:46:33 PM,05/08/2016 04:46:56 PM,0.04,in,A
05/08/2016 04:45:16 PM,05/08/2016 04:45:26 PM,0.04,in,A
05/08/2016 04:43:59 PM,05/08/2016 04:44:25 PM,0.04,in,A
05/08/2016 04:42:04 PM,05/08/2016 04:42:26 PM,0.04,in,A
05/08/2016 04:39:21 PM,05/08/2016 04:39:26 PM,0.16,in,A
05/08/2016 04:03:26 PM,05/08/2016 04:03:55 PM,0.04,in,A
05/08/2016 04:00:50 PM,05/08/2016 04:00:56 PM,0.04,in,A
05/08/2016 03:55:01 PM,05/08/2016 03:55:25 PM,0.00,in,A
05/08/2016 03:49:51 PM,05/08/2016 03:49:55 PM,0.04,in,A
05/08/2016 03:39:36 PM,05/08/2016 03:39:56 PM,0.04,in,A
05/08/2016 03:35:27 PM,05/08/2016 03:35:56 PM,0.04,in,A
05/08/2016 03:33:02 PM,05/08/2016 03:33:25 PM,0.04,in,A
05/08/2016 03:31:48 PM,05/08/2016 03:31:56 PM,0.04,in,A
05/08/2016 03:30:50 PM,05/08/2016 03:30:56 PM,0.04,in,A
05/08/2016 03:29:58 PM,05/08/2016 03:30:25 PM,0.04,in,A
05/08/2016 03:29:11 PM,05/08/2016 03:29:27 PM,0.04,in,A
05/08/2016 03:28:25 PM,05/08/2016 03:28:56 PM,0.04,in,A
05/08/2016 03:27:15 PM,05/08/2016 03:27:26 PM,0.04,in,A
05/08/2016 03:25:27 PM,05/08/2016 03:25:55 PM,0.04,in,A
05/08/2016 03:24:03 PM,05/08/2016 03:24:25 PM,0.04,in,A
05/08/2016 03:19:29 PM,05/08/2016 03:19:55 PM,0.12,in,A
05/08/2016 03:11:25 PM,05/08/2016 03:11:55 PM,0.04,in,A
05/08/2016 03:06:06 PM,05/08/2016 03:06:26 PM,0.04,in,A
05/08/2016 03:03:50 PM,05/08/2016 03:03:58 PM,0.04,in,A
05/08/2016 03:01:59 PM,05/08/2016 03:02:26 PM,0.04,in,A
05/08/2016 03:00:14 PM,05/08/2016 03:00:25 PM,0.04,in,A
05/08/2016 02:58:14 PM,05/08/2016 02:58:25 PM,0.04,in,A
05/08/2016 02:56:57 PM,05/08/2016 02:57:25 PM,0.04,in,A
05/08/2016 02:45:25 PM,05/08/2016 02:45:55 PM,0.04,in,A
05/08/2016 02:30:05 PM,05/08/2016 02:30:25 PM,0.04,in,A
05/08/2016 02:01:32 PM,05/08/2016 02:01:55 PM,0.04,in,A
05/08/2016 05:33:23 AM,05/08/2016 05:33:25 AM,0.00,in,A
05/07/2016 05:35:20 PM,05/07/2016 05:35:25 PM,0.00,in,A
05/07/2016 05:37:17 AM,05/07/2016 05:37:25 AM,0.00,in,A
05/06/2016 05:39:14 PM,05/06/2016 05:39:25 PM,0.00,in,A
05/06/2016 05:41:11 AM,05/06/2016 05:41:25 AM,0.00,in,A
05/05/2016 05:43:08 PM,05/05/2016 05:43:25 PM,0.00,in,A
05/05/2016 05:45:06 AM,05/05/2016 05:45:25 AM,0.00,in,A
05/04/2016 05:47:03 PM,05/04/2016 05:47:25 PM,0.00,in,A
05/04/2016 05:49:00 AM,05/04/2016 05:49:25 AM,0.00,in,A
05/03/2016 05:50:57 PM,05/03/2016 05:51:25 PM,0.00,in,A
05/03/2016 05:52:54 AM,05/03/2016 05:52:55 AM,0.00,in,A
05/02/2016 05:54:51 PM,05/02/2016 05:54:55 PM,0.00,in,A
05/02/2016 05:56:48 AM,05/02/2016 05:56:55 AM,0.00,in,A
05/01/2016 05:58:45 PM,05/01/2016 05:58:55 PM,0.00,in,A
05/01/2016 06:00:42 AM,05/01/2016 06:00:55 AM,0.00,in,A
04/30/2016 06:02:39 PM,04/30/2016 06:02:55 PM,0.00,in,A
04/30/2016 06:04:36 AM,04/30/2016 06:04:55 AM,0.00,in,A
04/30/2016 05:31:53 AM,04/30/2016 05:31:56 AM,0.04,in,A
04/30/2016 05:30:10 AM,04/30/2016 05:30:25 AM,0.04,in,A
04/30/2016 05:15:02 AM,04/30/2016 05:15:25 AM,0.04,in,A
04/30/2016 05:08:21 AM,04/30/2016 05:08:26 AM,0.04,in,A
04/29/2016 06:38:33 PM,04/29/2016 06:38:55 PM,0.04,in,A
04/29/2016 06:06:33 PM,04/29/2016 06:06:55 PM,0.00,in,A
04/29/2016 05:51:20 PM,04/29/2016 05:51:26 PM,0.04,in,A
04/29/2016 05:46:05 PM,04/29/2016 05:46:25 PM,0.04,in,A
04/29/2016 05:41:02 PM,04/29/2016 05:41:25 PM,0.04,in,A
04/29/2016 05:33:06 PM,04/29/2016 05:33:26 PM,0.04,in,A
04/29/2016 05:14:20 PM,04/29/2016 05:14:25 PM,0.04,in,A
04/29/2016 06:08:31 AM,04/29/2016 06:08:55 AM,0.00,in,A
04/28/2016 06:10:28 PM,04/28/2016 06:10:55 PM,0.00,in,A
04/28/2016 06:12:25 AM,04/28/2016 06:12:55 AM,0.00,in,A
04/27/2016 06:14:22 PM,04/27/2016 06:14:25 PM,0.00,in,A
04/27/2016 03:38:01 AM,04/27/2016 03:38:25 AM,0.12,in,A
04/27/2016 02:43:40 AM,04/27/2016 02:43:56 AM,0.04,in,A
04/27/2016 02:32:31 AM,04/27/2016 02:32:56 AM,0.04,in,A
04/27/2016 02:21:26 AM,04/27/2016 02:21:55 AM,0.04,in,A
04/27/2016 02:12:41 AM,04/27/2016 02:12:55 AM,0.04,in,A
04/27/2016 02:03:06 AM,04/27/2016 02:03:26 AM,0.04,in,A
04/27/2016 01:56:15 AM,04/27/2016 01:56:26 AM,0.04,in,A
04/27/2016 01:48:43 AM,04/27/2016 01:48:55 AM,0.08,in,A
04/27/2016 01:26:37 AM,04/27/2016 01:26:56 AM,0.00,in,A
04/27/2016 01:19:42 AM,04/27/2016 01:19:56 AM,0.04,in,A
04/27/2016 01:11:55 AM,04/27/2016 01:12:26 AM,0.04,in,A
04/27/2016 01:01:16 AM,04/27/2016 01:01:27 AM,0.04,in,A
04/27/2016 12:46:28 AM,04/27/2016 12:46:56 AM,0.04,in,A
04/27/2016 12:32:45 AM,04/27/2016 12:32:56 AM,0.04,in,A
04/27/2016 12:27:22 AM,04/27/2016 12:27:28 AM,0.04,in,A
04/27/2016 12:08:36 AM,04/27/2016 12:08:56 AM,0.04,in,A
04/26/2016 11:40:15 PM,04/26/2016 11:40:26 PM,0.04,in,A
04/26/2016 11:18:44 PM,04/26/2016 11:18:56 PM,0.04,in,A
04/26/2016 10:56:36 PM,04/26/2016 10:56:57 PM,0.04,in,A
04/26/2016 10:47:41 PM,04/26/2016 10:49:41 PM,0.04,in,A
04/26/2016 10:45:49 PM,04/26/2016 10:48:34 PM,0.04,in,A
04/26/2016 10:45:03 PM,04/26/2016 10:48:07 PM,0.04,in,A
04/26/2016 10:44:19 PM,04/26/2016 10:47:12 PM,0.04,in,A
04/26/2016 10:43:40 PM,04/26/2016 10:46:42 PM,0.08,in,A
04/26/2016 10:42:38 PM,04/26/2016 10:45:41 PM,0.04,in,A
04/26/2016 10:42:14 PM,04/26/2016 10:45:16 PM,0.04,in,A
04/26/2016 10:41:53 PM,04/26/2016 10:44:42 PM,0.04,in,A
04/26/2016 10:41:31 PM,04/26/2016 10:44:38 PM,0.04,in,A
04/26/2016 10:41:08 PM,04/26/2016 10:44:17 PM,0.04,in,A
04/26/2016 10:40:42 PM,04/26/2016 10:43:47 PM,0.04,in,A
04/26/2016 10:40:14 PM,04/26/2016 10:43:25 PM,0.08,in,A
04/26/2016 10:39:29 PM,04/26/2016 10:42:54 PM,0.04,in,A
04/26/2016 10:38:53 PM,04/26/2016 10:42:01 PM,0.04,in,A
04/26/2016 10:38:27 PM,04/26/2016 10:41:56 PM,0.16,in,A
04/26/2016 10:22:11 PM,04/26/2016 10:22:27 PM,0.04,in,A
04/26/2016 06:18:17 PM,04/26/2016 06:18:25 PM,0.04,in,A
04/26/2016 09:28:23 AM,04/26/2016 09:28:27 AM,0.04,in,A
04/26/2016 09:16:08 AM,04/26/2016 09:16:26 AM,0.04,in,A
04/26/2016 08:35:00 AM,04/26/2016 08:35:26 AM,0.04,in,A
04/26/2016 08:33:10 AM,04/26/2016 08:33:26 AM,0.04,in,A
04/26/2016 08:32:15 AM,04/26/2016 08:32:26 AM,0.04,in,A
04/26/2016 07:16:22 AM,04/26/2016 07:16:27 AM,0.04,in,A
04/26/2016 06:20:14 AM,04/26/2016 06:20:25 AM,0.00,in,A
04/25/2016 06:22:11 PM,04/25/2016 06:22:25 PM,0.00,in,A
04/25/2016 06:24:08 AM,04/25/2016 06:24:25 AM,0.00,in,A
04/25/2016 03:17:03 AM,04/25/2016 03:17:25 AM,0.04,in,A
04/25/2016 01:53:33 AM,04/25/2016 01:53:55 AM,0.04,in,A
04/25/2016 01:17:42 AM,04/25/2016 01:17:55 AM,0.04,in,A
04/25/2016 01:12:14 AM,04/25/2016 01:12:26 AM,0.04,in,A
04/25/2016 01:05:24 AM,04/25/2016 01:05:26 AM,0.04,in,A
04/24/2016 06:26:06 PM,04/24/2016 06:26:25 PM,0.00,in,A
04/24/2016 06:28:03 AM,04/24/2016 06:28:25 AM,0.00,in,A
04/23/2016 06:30:00 PM,04/23/2016 06:30:25 PM,0.00,in,A
04/23/2016 06:31:57 AM,04/23/2016 06:32:25 AM,0.00,in,A
04/22/2016 06:33:55 PM,04/22/2016 06:34:25 PM,0.00,in,A
04/22/2016 06:35:51 AM,04/22/2016 06:35:55 AM,0.00,in,A
04/21/2016 06:37:48 PM,04/21/2016 06:37:55 PM,0.00,in,A
04/21/2016 06:39:45 AM,04/21/2016 06:39:55 AM,0.00,in,A
04/20/2016 06:41:42 PM,04/20/2016 06:41:55 PM,0.00,in,A
04/20/2016 07:41:56 AM,04/20/2016 07:42:25 AM,0.04,in,A
04/20/2016 06:43:40 AM,04/20/2016 06:43:55 AM,0.00,in,A
04/20/2016 01:55:03 AM,04/20/2016 01:55:26 AM,0.04,in,A
04/20/2016 01:28:10 AM,04/20/2016 01:28:26 AM,0.04,in,A
04/20/2016 01:09:36 AM,04/20/2016 01:09:58 AM,0.04,in,A
04/20/2016 12:50:49 AM,04/20/2016 12:50:55 AM,0.04,in,A
04/20/2016 12:40:46 AM,04/20/2016 12:40:57 AM,0.04,in,A
04/20/2016 12:31:45 AM,04/20/2016 12:31:55 AM,0.04,in,A
04/20/2016 12:16:58 AM,04/20/2016 12:17:25 AM,0.04,in,A
04/19/2016 11:11:53 PM,04/19/2016 11:11:55 PM,0.04,in,A
04/19/2016 10:58:38 PM,04/19/2016 10:58:55 PM,0.04,in,A
04/19/2016 10:54:08 PM,04/19/2016 10:54:25 PM,0.04,in,A
04/19/2016 10:50:24 PM,04/19/2016 10:50:25 PM,0.04,in,A
04/19/2016 06:45:36 PM,04/19/2016 06:45:55 PM,0.00,in,A
04/19/2016 06:47:33 AM,04/19/2016 06:47:55 AM,0.00,in,A
04/18/2016 06:49:30 PM,04/18/2016 06:49:55 PM,0.00,in,A
04/18/2016 05:12:11 PM,04/18/2016 05:12:25 PM,0.04,in,A
04/18/2016 03:53:42 PM,04/18/2016 03:53:56 PM,0.04,in,A
04/18/2016 03:51:30 PM,04/18/2016 03:51:56 PM,0.04,in,A
04/18/2016 03:48:47 PM,04/18/2016 03:48:56 PM,0.04,in,A
04/18/2016 03:46:36 PM,04/18/2016 03:46:55 PM,0.04,in,A
04/18/2016 03:44:44 PM,04/18/2016 03:44:56 PM,0.04,in,A
04/18/2016 03:43:36 PM,04/18/2016 03:43:56 PM,0.04,in,A
04/18/2016 10:57:04 AM,04/18/2016 10:57:25 AM,0.04,in,A
04/18/2016 10:03:36 AM,04/18/2016 10:03:55 AM,0.04,in,A
04/18/2016 09:13:43 AM,04/18/2016 09:13:56 AM,0.04,in,A
04/18/2016 08:46:50 AM,04/18/2016 08:46:55 AM,0.04,in,A
04/18/2016 08:12:53 AM,04/18/2016 08:12:55 AM,0.04,in,A
04/18/2016 07:24:42 AM,04/18/2016 07:24:56 AM,0.04,in,A
04/18/2016 07:13:23 AM,04/18/2016 07:13:26 AM,0.04,in,A
04/18/2016 07:01:23 AM,04/18/2016 07:01:25 AM,0.04,in,A
04/18/2016 06:51:27 AM,04/18/2016 06:51:55 AM,0.00,in,A
04/18/2016 06:27:38 AM,04/18/2016 06:27:55 AM,0.04,in,A
04/17/2016 06:53:26 PM,04/17/2016 06:53:55 PM,0.00,in,A
04/17/2016 06:55:22 AM,04/17/2016 06:55:25 AM,0.00,in,A
04/16/2016 06:57:19 PM,04/16/2016 06:57:25 PM,0.00,in,A
04/16/2016 06:59:16 AM,04/16/2016 06:59:25 AM,0.00,in,A
04/15/2016 07:01:13 PM,04/15/2016 07:01:25 PM,0.00,in,A
04/15/2016 07:03:10 AM,04/15/2016 07:03:25 AM,0.00,in,A
04/14/2016 07:05:07 PM,04/14/2016 07:05:25 PM,0.00,in,A
04/14/2016 07:07:05 AM,04/14/2016 07:07:25 AM,0.00,in,A
04/13/2016 07:09:01 PM,04/13/2016 07:09:25 PM,0.00,in,A
04/13/2016 07:10:58 AM,04/13/2016 07:11:25 AM,0.00,in,A
04/12/2016 07:12:55 PM,04/12/2016 07:13:25 PM,0.00,in,A
04/12/2016 07:14:52 AM,04/12/2016 07:14:55 AM,0.00,in,A
04/11/2016 07:16:49 PM,04/11/2016 07:16:55 PM,0.00,in,A
04/11/2016 07:18:46 AM,04/11/2016 07:18:55 AM,0.00,in,A
04/10/2016 07:20:43 PM,04/10/2016 07:20:55 PM,0.00,in,A
04/10/2016 07:22:40 AM,04/10/2016 07:22:55 AM,0.00,in,A
04/09/2016 07:24:37 PM,04/09/2016 07:24:55 PM,0.00,in,A
04/09/2016 07:26:34 AM,04/09/2016 07:26:55 AM,0.00,in,A
04/08/2016 07:28:31 PM,04/08/2016 07:28:55 PM,0.00,in,A
04/08/2016 07:30:28 AM,04/08/2016 07:30:55 AM,0.00,in,A
04/07/2016 07:32:25 PM,04/07/2016 07:32:55 PM,0.00,in,A
04/07/2016 07:34:22 AM,04/07/2016 07:34:25 AM,0.00,in,A
04/06/2016 07:36:19 PM,04/06/2016 07:36:25 PM,0.00,in,A
04/06/2016 07:38:16 AM,04/06/2016 07:38:25 AM,0.00,in,A
04/06/2016 05:57:20 AM,04/06/2016 05:57:25 AM,0.04,in,A
04/06/2016 03:59:38 AM,04/06/2016 03:59:55 AM,0.04,in,A
04/05/2016 07:40:13 PM,04/05/2016 07:40:25 PM,0.00,in,A
04/05/2016 07:42:10 AM,04/05/2016 07:42:25 AM,0.00,in,A
04/04/2016 07:46:04 AM,04/04/2016 07:46:25 AM,0.00,in,A
04/03/2016 07:48:01 PM,04/03/2016 07:48:25 PM,0.00,in,A
04/03/2016 07:49:58 AM,04/03/2016 07:50:25 AM,0.00,in,A
04/02/2016 07:51:55 PM,04/02/2016 07:52:25 PM,0.00,in,A
04/02/2016 07:53:52 AM,04/02/2016 07:53:55 AM,0.00,in,A
04/01/2016 07:55:49 PM,04/01/2016 07:55:55 PM,0.00,in,A
04/01/2016 07:57:46 AM,04/01/2016 07:57:55 AM,0.00,in,A
03/31/2016 07:59:43 PM,03/31/2016 07:59:55 PM,0.00,in,A
03/31/2016 08:01:40 AM,03/31/2016 08:01:55 AM,0.00,in,A
03/30/2016 08:03:37 PM,03/30/2016 08:03:55 PM,0.00,in,A
03/30/2016 08:05:34 AM,03/30/2016 08:05:55 AM,0.00,in,A
03/29/2016 08:07:30 PM,03/29/2016 08:07:55 PM,0.00,in,A
03/29/2016 08:09:28 AM,03/29/2016 08:09:55 AM,0.00,in,A
03/28/2016 08:11:24 PM,03/28/2016 08:11:25 PM,0.00,in,A
03/28/2016 08:13:21 AM,03/28/2016 08:13:25 AM,0.00,in,A
03/27/2016 11:21:44 AM,03/27/2016 11:21:55 AM,0.04,in,A
03/27/2016 10:30:46 AM,03/27/2016 10:30:55 AM,0.04,in,A
03/27/2016 09:33:23 AM,03/27/2016 09:33:26 AM,0.04,in,A
03/27/2016 08:47:46 AM,03/27/2016 08:47:55 AM,0.08,in,A
03/27/2016 08:17:15 AM,03/27/2016 08:17:25 AM,0.00,in,A
03/27/2016 07:47:38 AM,03/27/2016 07:47:55 AM,0.04,in,A
03/27/2016 07:26:32 AM,03/27/2016 07:26:55 AM,0.04,in,A
03/27/2016 07:12:46 AM,03/27/2016 07:12:56 AM,0.04,in,A
03/27/2016 06:55:19 AM,03/27/2016 06:55:26 AM,0.04,in,A
03/27/2016 06:40:32 AM,03/27/2016 06:40:55 AM,0.04,in,A
03/27/2016 06:28:38 AM,03/27/2016 06:28:56 AM,0.04,in,A
03/27/2016 06:16:10 AM,03/27/2016 06:16:26 AM,0.04,in,A
03/27/2016 05:58:50 AM,03/27/2016 05:58:56 AM,0.04,in,A
03/27/2016 05:44:37 AM,03/27/2016 05:44:55 AM,0.04,in,A
03/27/2016 05:33:37 AM,03/27/2016 05:33:55 AM,0.04,in,A
03/26/2016 08:19:12 PM,03/26/2016 08:19:25 PM,0.00,in,A
03/26/2016 12:56:17 PM,03/26/2016 12:56:26 PM,0.04,in,A
03/26/2016 12:07:38 PM,03/26/2016 12:07:56 PM,0.04,in,A
03/26/2016 10:28:05 AM,03/26/2016 10:28:26 AM,0.04,in,A
03/26/2016 08:21:09 AM,03/26/2016 08:21:25 AM,0.00,in,A
03/25/2016 08:23:05 PM,03/25/2016 08:23:25 PM,0.00,in,A
03/25/2016 08:51:07 AM,03/25/2016 08:51:25 AM,0.04,in,A
03/25/2016 08:25:02 AM,03/25/2016 08:25:25 AM,0.00,in,A
03/24/2016 08:26:59 PM,03/24/2016 08:27:25 PM,0.00,in,A
03/24/2016 08:28:56 AM,03/24/2016 08:29:25 AM,0.00,in,A
03/23/2016 08:30:53 PM,03/23/2016 08:30:55 PM,0.00,in,A
03/23/2016 07:58:26 PM,03/23/2016 07:58:55 PM,0.04,in,A
03/23/2016 07:55:10 PM,03/23/2016 07:55:26 PM,0.04,in,A
03/23/2016 07:44:18 PM,03/23/2016 07:44:26 PM,0.04,in,A
03/23/2016 08:32:50 AM,03/23/2016 08:32:55 AM,0.00,in,A
03/22/2016 08:34:47 PM,03/22/2016 08:34:55 PM,0.00,in,A
03/22/2016 08:36:44 AM,03/22/2016 08:36:55 AM,0.00,in,A
03/21/2016 08:38:41 PM,03/21/2016 08:38:55 PM,0.00,in,A
03/21/2016 08:40:38 AM,03/21/2016 08:40:55 AM,0.00,in,A
03/20/2016 08:42:34 PM,03/20/2016 08:42:55 PM,0.00,in,A
03/20/2016 08:44:31 AM,03/20/2016 08:44:55 AM,0.00,in,A
03/19/2016 08:46:27 PM,03/19/2016 08:46:55 PM,0.00,in,A
03/19/2016 08:48:24 AM,03/19/2016 08:48:25 AM,0.00,in,A
03/18/2016 08:50:21 PM,03/18/2016 08:50:26 PM,0.00,in,A
03/18/2016 08:52:18 AM,03/18/2016 08:52:25 AM,0.00,in,A
03/17/2016 08:54:14 PM,03/17/2016 08:54:25 PM,0.00,in,A
03/17/2016 08:56:11 AM,03/17/2016 08:56:25 AM,0.00,in,A
03/16/2016 08:58:08 PM,03/16/2016 08:58:25 PM,0.00,in,A
03/16/2016 09:00:05 AM,03/16/2016 09:00:25 AM,0.00,in,A
03/15/2016 09:02:02 PM,03/15/2016 09:02:25 PM,0.00,in,A
03/15/2016 05:00:47 PM,03/15/2016 05:00:55 PM,0.04,in,A
03/15/2016 09:03:59 AM,03/15/2016 09:04:25 AM,0.00,in,A
03/14/2016 09:05:56 PM,03/14/2016 09:06:25 PM,0.00,in,A
03/14/2016 09:07:53 AM,03/14/2016 09:07:55 AM,0.00,in,A
03/13/2016 09:09:50 PM,03/13/2016 09:09:55 PM,0.00,in,A
03/13/2016 09:11:47 AM,03/13/2016 09:11:55 AM,0.00,in,A
03/13/2016 04:29:01 AM,03/13/2016 04:29:26 AM,0.04,in,A
03/12/2016 08:13:44 PM,03/12/2016 08:13:55 PM,0.00,in,A
03/12/2016 08:15:41 AM,03/12/2016 08:15:55 AM,0.00,in,A
03/12/2016 07:53:46 AM,03/12/2016 07:53:55 AM,0.04,in,A
03/12/2016 06:19:39 AM,03/12/2016 06:19:56 AM,0.04,in,A
03/12/2016 05:55:08 AM,03/12/2016 05:55:26 AM,0.08,in,A
03/12/2016 04:38:15 AM,03/12/2016 04:38:27 AM,0.04,in,A
03/12/2016 03:54:59 AM,03/12/2016 03:55:25 AM,0.04,in,A
03/12/2016 02:57:19 AM,03/12/2016 02:57:25 AM,0.04,in,A
03/11/2016 08:17:38 PM,03/11/2016 08:17:55 PM,0.00,in,A
03/11/2016 08:19:35 AM,03/11/2016 08:19:55 AM,0.00,in,A
03/10/2016 08:21:31 PM,03/10/2016 08:21:55 PM,0.00,in,A
03/10/2016 08:23:28 AM,03/10/2016 08:23:55 AM,0.00,in,A
03/09/2016 08:25:25 PM,03/09/2016 08:25:55 PM,0.00,in,A
03/09/2016 08:27:22 AM,03/09/2016 08:27:25 AM,0.00,in,A
03/08/2016 08:29:19 PM,03/08/2016 08:29:25 PM,0.00,in,A
03/08/2016 04:56:27 PM,03/08/2016 04:56:55 PM,0.04,in,A
03/08/2016 04:22:45 PM,03/08/2016 04:22:56 PM,0.04,in,A
03/08/2016 04:10:40 PM,03/08/2016 04:10:55 PM,0.04,in,A
03/08/2016 03:59:00 PM,03/08/2016 03:59:25 PM,0.04,in,A
03/08/2016 03:48:56 PM,03/08/2016 03:49:26 PM,0.04,in,A
03/08/2016 03:37:55 PM,03/08/2016 03:38:26 PM,0.04,in,A
03/08/2016 03:05:49 PM,03/08/2016 03:05:56 PM,0.04,in,A
03/08/2016 02:48:31 PM,03/08/2016 02:48:56 PM,0.04,in,A
03/08/2016 08:31:16 AM,03/08/2016 08:31:25 AM,0.00,in,A
03/07/2016 08:33:13 PM,03/07/2016 08:33:25 PM,0.00,in,A
03/06/2016 02:17:18 AM,03/06/2016 02:17:25 AM,0.00,in,A
03/04/2016 02:23:09 PM,03/04/2016 02:23:25 PM,0.00,in,A
03/04/2016 02:25:05 AM,03/04/2016 02:25:25 AM,0.00,in,A
03/03/2016 02:27:02 PM,03/03/2016 02:27:25 PM,0.00,in,A
03/03/2016 02:28:59 AM,03/03/2016 02:29:25 AM,0.00,in,A
03/02/2016 02:30:56 PM,03/02/2016 02:31:25 PM,0.00,in,A
03/02/2016 02:32:52 AM,03/02/2016 02:32:55 AM,0.00,in,A
03/01/2016 02:34:49 PM,03/01/2016 02:34:55 PM,0.00,in,A
03/01/2016 02:36:45 AM,03/01/2016 02:36:55 AM,0.00,in,A
02/29/2016 02:38:42 PM,02/29/2016 02:38:55 PM,0.00,in,A
02/27/2016 02:46:29 PM,02/27/2016 02:46:55 PM,0.00,in,A
02/27/2016 02:48:26 AM,02/27/2016 02:48:55 AM,0.00,in,A
02/26/2016 02:50:22 PM,02/26/2016 02:50:25 PM,0.00,in,A
02/26/2016 02:52:19 AM,02/26/2016 02:52:25 AM,0.00,in,A
02/25/2016 02:54:16 PM,02/25/2016 02:54:25 PM,0.00,in,A
02/25/2016 02:56:12 AM,02/25/2016 02:56:25 AM,0.00,in,A
02/23/2016 03:02:02 PM,02/23/2016 03:02:25 PM,0.00,in,A
02/20/2016 03:13:42 PM,02/20/2016 03:13:55 PM,0.00,in,A
02/19/2016 03:17:36 PM,02/19/2016 03:17:55 PM,0.00,in,A
02/18/2016 03:21:30 PM,02/18/2016 03:21:55 PM,0.00,in,A
02/18/2016 03:23:26 AM,02/18/2016 03:23:55 AM,0.00,in,A
02/17/2016 03:27:20 AM,02/17/2016 03:27:25 AM,0.00,in,A
02/16/2016 03:29:16 PM,02/16/2016 03:29:25 PM,0.00,in,A
02/16/2016 03:31:13 AM,02/16/2016 03:31:26 AM,0.00,in,A
02/16/2016 01:41:15 AM,02/16/2016 01:41:25 AM,0.04,in,A
02/15/2016 03:33:09 PM,02/15/2016 03:33:26 PM,0.00,in,A
02/15/2016 03:35:06 AM,02/15/2016 03:35:25 AM,0.00,in,A
02/14/2016 03:37:02 PM,02/14/2016 03:37:25 PM,0.00,in,A
02/14/2016 03:38:58 AM,02/14/2016 03:39:25 AM,0.00,in,A
02/13/2016 03:40:55 PM,02/13/2016 03:40:55 PM,0.00,in,A
02/13/2016 03:42:51 AM,02/13/2016 03:42:55 AM,0.00,in,A
02/12/2016 03:44:47 PM,02/12/2016 03:44:55 PM,0.00,in,A
02/11/2016 03:48:40 PM,02/11/2016 03:48:55 PM,0.00,in,A
02/11/2016 03:50:36 AM,02/11/2016 03:50:55 AM,0.00,in,A
02/10/2016 03:52:33 PM,02/10/2016 03:52:55 PM,0.00,in,A
02/10/2016 03:54:29 AM,02/10/2016 08:37:54 AM,0.00,in,A
02/09/2016 03:56:25 PM,02/10/2016 08:37:54 AM,0.00,in,A
02/09/2016 03:58:22 AM,02/10/2016 08:37:54 AM,0.00,in,A
02/08/2016 04:00:18 PM,02/10/2016 08:37:54 AM,0.00,in,A
02/08/2016 04:02:15 AM,02/10/2016 08:37:54 AM,0.00,in,A
02/07/2016 04:04:11 PM,02/10/2016 08:37:54 AM,0.00,in,A
02/07/2016 04:06:08 AM,02/10/2016 08:37:54 AM,0.00,in,A
02/06/2016 04:08:05 PM,02/10/2016 08:37:54 AM,0.00,in,A
02/06/2016 04:10:01 AM,02/10/2016 08:37:54 AM,0.00,in,A
02/05/2016 04:11:58 PM,02/10/2016 08:37:54 AM,0.00,in,A
02/05/2016 04:13:54 AM,02/10/2016 08:37:54 AM,0.00,in,A
02/04/2016 04:15:50 PM,02/10/2016 08:37:54 AM,0.00,in,A
02/04/2016 04:17:47 AM,02/10/2016 08:37:54 AM,0.00,in,A
02/03/2016 04:19:43 PM,02/10/2016 08:37:54 AM,0.00,in,A
02/03/2016 04:21:40 AM,02/10/2016 08:37:54 AM,0.00,in,A
02/02/2016 04:23:36 PM,02/10/2016 08:37:54 AM,0.00,in,A
02/02/2016 05:48:20 AM,02/10/2016 08:37:54 AM,0.04,in,A
02/02/2016 05:17:57 AM,02/10/2016 08:37:54 AM,0.04,in,A
02/02/2016 04:49:31 AM,02/10/2016 08:37:54 AM,0.04,in,A
02/02/2016 04:25:33 AM,02/10/2016 08:37:54 AM,0.00,in,A
02/02/2016 04:21:35 AM,02/10/2016 08:37:54 AM,0.04,in,A
02/02/2016 04:05:33 AM,02/10/2016 08:37:54 AM,0.04,in,A
02/02/2016 03:07:31 AM,02/10/2016 08:37:54 AM,0.04,in,A
02/02/2016 02:52:56 AM,02/10/2016 08:37:54 AM,0.04,in,A
02/02/2016 02:46:41 AM,02/10/2016 08:37:54 AM,0.04,in,A
02/02/2016 02:38:20 AM,02/10/2016 08:37:54 AM,0.04,in,A
02/02/2016 02:32:04 AM,02/10/2016 08:37:54 AM,0.04,in,A
02/02/2016 02:24:24 AM,02/10/2016 08:37:54 AM,0.04,in,A
02/01/2016 09:31:59 PM,02/10/2016 08:37:54 AM,0.04,in,A
02/01/2016 09:10:01 PM,02/10/2016 08:37:54 AM,0.04,in,A
02/01/2016 04:27:30 PM,02/10/2016 08:37:54 AM,0.00,in,A
02/01/2016 04:29:26 AM,02/10/2016 08:37:54 AM,0.00,in,A
01/31/2016 04:31:23 PM,02/10/2016 08:37:54 AM,0.00,in,A
01/31/2016 04:33:20 AM,02/10/2016 08:37:54 AM,0.00,in,A
01/30/2016 04:35:16 PM,02/10/2016 08:37:54 AM,0.00,in,A
01/30/2016 04:37:13 AM,02/10/2016 08:37:54 AM,0.00,in,A
01/29/2016 04:39:09 PM,02/10/2016 08:37:54 AM,0.00,in,A
01/29/2016 04:41:06 AM,02/10/2016 08:37:54 AM,0.00,in,A
01/28/2016 04:43:02 PM,02/10/2016 08:37:54 AM,0.00,in,A
01/28/2016 04:44:59 AM,02/10/2016 08:37:54 AM,0.00,in,A
01/27/2016 04:46:55 PM,02/10/2016 08:37:54 AM,0.00,in,A
01/27/2016 04:48:51 AM,02/10/2016 08:37:54 AM,0.00,in,A
01/26/2016 04:50:47 PM,02/10/2016 08:37:54 AM,0.00,in,A
01/26/2016 04:52:44 AM,02/10/2016 08:37:54 AM,0.00,in,A
01/25/2016 04:56:37 AM,02/10/2016 08:37:54 AM,0.00,in,A
01/24/2016 04:58:33 PM,02/10/2016 08:37:54 AM,0.00,in,A
01/24/2016 05:00:29 AM,02/10/2016 08:37:54 AM,0.00,in,A
01/23/2016 05:02:26 PM,02/10/2016 08:37:54 AM,0.00,in,A
01/23/2016 05:04:22 AM,02/10/2016 08:37:54 AM,0.00,in,A
01/22/2016 05:06:18 PM,02/10/2016 08:37:54 AM,0.00,in,A
01/22/2016 05:08:14 AM,02/10/2016 08:37:54 AM,0.00,in,A
01/21/2016 05:12:07 AM,02/10/2016 08:37:54 AM,0.00,in,A
01/20/2016 05:14:03 PM,02/10/2016 08:37:54 AM,0.00,in,A
01/20/2016 02:32:13 PM,02/10/2016 08:37:54 AM,0.04,in,A
01/20/2016 05:16:00 AM,02/10/2016 08:37:54 AM,0.00,in,A
01/19/2016 05:17:56 PM,02/10/2016 08:37:54 AM,0.00,in,A
01/19/2016 05:19:52 AM,02/10/2016 08:37:54 AM,0.00,in,A
01/18/2016 05:21:48 PM,02/10/2016 08:37:54 AM,0.00,in,A
01/18/2016 05:23:44 AM,02/10/2016 08:37:54 AM,0.00,in,A
01/17/2016 05:25:40 PM,02/10/2016 08:37:54 AM,0.00,in,A
01/17/2016 05:27:36 AM,02/10/2016 08:37:54 AM,0.00,in,A
01/16/2016 05:29:32 PM,02/10/2016 08:37:54 AM,0.00,in,A
01/16/2016 05:31:29 AM,02/10/2016 08:37:54 AM,0.00,in,A
01/15/2016 05:33:25 PM,02/10/2016 08:37:54 AM,0.00,in,A
01/15/2016 05:35:21 AM,02/10/2016 08:37:54 AM,0.00,in,A
01/14/2016 05:37:18 PM,02/10/2016 08:37:54 AM,0.00,in,A
01/14/2016 05:39:15 AM,02/10/2016 08:37:54 AM,0.00,in,A
01/13/2016 05:41:11 PM,02/10/2016 08:37:54 AM,0.00,in,A
01/13/2016 05:43:07 AM,02/10/2016 08:37:54 AM,0.00,in,A
01/12/2016 05:45:04 PM,02/10/2016 08:37:54 AM,0.00,in,A
01/12/2016 05:47:00 AM,02/10/2016 08:37:54 AM,0.00,in,A
01/11/2016 05:48:56 PM,02/10/2016 08:37:54 AM,0.00,in,A
01/11/2016 05:50:52 AM,02/10/2016 08:37:54 AM,0.00,in,A
01/10/2016 05:52:49 PM,02/10/2016 08:37:54 AM,0.00,in,A
01/10/2016 05:54:45 AM,02/10/2016 08:37:54 AM,0.00,in,A
01/09/2016 05:56:41 PM,02/10/2016 08:37:54 AM,0.00,in,A
01/09/2016 05:58:37 AM,02/10/2016 08:37:54 AM,0.00,in,A
01/08/2016 06:00:34 PM,02/10/2016 08:37:54 AM,0.00,in,A
01/08/2016 11:42:15 AM,02/10/2016 08:37:53 AM,0.04,in,A
01/08/2016 06:02:31 AM,02/10/2016 08:37:53 AM,0.00,in,A
01/08/2016 01:22:45 AM,02/10/2016 08:37:53 AM,0.04,in,A
01/08/2016 01:10:48 AM,02/10/2016 08:37:53 AM,0.04,in,A
01/08/2016 12:49:10 AM,02/10/2016 08:37:53 AM,0.04,in,A
01/07/2016 06:14:00 PM,02/10/2016 08:37:53 AM,0.04,in,A
01/07/2016 06:04:27 PM,02/10/2016 08:37:53 AM,0.00,in,A
01/07/2016 12:18:44 PM,02/10/2016 08:37:53 AM,0.04,in,A
01/07/2016 11:17:06 AM,02/10/2016 08:37:53 AM,0.04,in,A
01/07/2016 10:00:48 AM,02/10/2016 08:37:53 AM,0.04,in,A
01/07/2016 08:41:11 AM,02/10/2016 08:37:53 AM,0.04,in,A
01/07/2016 08:19:54 AM,02/10/2016 08:37:53 AM,0.04,in,A
01/07/2016 07:26:11 AM,02/10/2016 08:37:53 AM,0.04,in,A
01/07/2016 06:50:20 AM,02/10/2016 08:37:53 AM,0.04,in,A
01/07/2016 06:21:57 AM,02/10/2016 08:37:53 AM,0.04,in,A
01/07/2016 06:06:24 AM,02/10/2016 08:37:53 AM,0.00,in,A
01/07/2016 04:49:27 AM,02/10/2016 08:37:53 AM,0.04,in,A
01/07/2016 04:08:55 AM,02/10/2016 08:37:53 AM,0.04,in,A
01/07/2016 03:02:18 AM,02/10/2016 08:37:53 AM,0.04,in,A
01/07/2016 02:03:19 AM,02/10/2016 08:37:53 AM,0.04,in,A
01/06/2016 06:08:20 PM,02/10/2016 08:37:53 AM,0.00,in,A
01/06/2016 12:51:11 PM,02/10/2016 08:37:53 AM,0.04,in,A
01/06/2016 11:35:33 AM,02/10/2016 08:37:53 AM,0.04,in,A
01/06/2016 11:02:48 AM,02/10/2016 08:37:53 AM,0.04,in,A
01/06/2016 06:10:17 AM,02/10/2016 08:37:53 AM,0.00,in,A
01/05/2016 06:12:13 PM,02/10/2016 08:37:53 AM,0.00,in,A
01/05/2016 06:14:10 AM,02/10/2016 08:37:53 AM,0.00,in,A
01/04/2016 06:16:06 PM,02/10/2016 08:37:53 AM,0.00,in,A
01/04/2016 06:18:02 AM,02/10/2016 08:37:53 AM,0.00,in,A
01/03/2016 06:19:58 PM,02/10/2016 08:37:53 AM,0.00,in,A
01/03/2016 06:21:55 AM,02/10/2016 08:37:53 AM,0.00,in,A
01/02/2016 06:23:51 PM,02/10/2016 08:37:53 AM,0.00,in,A
01/02/2016 12:40:18 PM,02/10/2016 08:37:53 AM,0.04,in,A
01/02/2016 11:07:54 AM,02/10/2016 08:37:53 AM,0.04,in,A
01/02/2016 06:25:48 AM,02/10/2016 08:37:53 AM,0.00,in,A
01/01/2016 06:27:44 PM,02/10/2016 08:37:53 AM,0.00,in,A
01/01/2016 03:16:16 PM,02/10/2016 08:37:53 AM,0.04,in,A
01/01/2016 01:18:18 PM,02/10/2016 08:37:53 AM,0.04,in,A
01/01/2016 11:26:56 AM,02/10/2016 08:37:53 AM,0.04,in,AN
12/31/2015 06:31:37 PM,12/31/2015 06:31:55 PM,0.00,in,A
12/31/2015 03:22:25 PM,12/31/2015 03:22:55 PM,0.04,in,A
12/31/2015 02:37:18 PM,12/31/2015 02:37:25 PM,0.04,in,A
12/31/2015 01:49:15 PM,12/31/2015 01:49:25 PM,0.04,in,A
12/31/2015 01:04:08 PM,12/31/2015 01:04:25 PM,0.04,in,A
12/31/2015 12:23:06 PM,12/31/2015 12:23:25 PM,0.04,in,A
12/31/2015 11:31:28 AM,12/31/2015 11:31:55 AM,0.04,in,A
12/31/2015 06:33:33 AM,12/31/2015 06:33:55 AM,0.00,in,A
12/30/2015 06:35:30 PM,12/30/2015 06:35:55 PM,0.00,in,A
12/30/2015 01:42:37 PM,12/30/2015 01:42:55 PM,0.04,in,A
12/30/2015 12:09:07 PM,12/30/2015 12:09:25 PM,0.04,in,A
12/30/2015 06:37:26 AM,12/30/2015 06:37:55 AM,0.00,in,A
12/29/2015 06:39:23 PM,12/29/2015 06:39:25 PM,0.00,in,A
12/29/2015 06:41:19 AM,12/29/2015 06:41:25 AM,0.00,in,A
12/28/2015 01:16:27 AM,12/28/2015 01:16:55 AM,0.04,in,A
12/28/2015 12:34:20 AM,12/28/2015 12:34:25 AM,0.04,in,A
12/27/2015 11:50:57 PM,12/27/2015 11:51:25 PM,0.04,in,A
12/27/2015 11:14:30 PM,12/27/2015 11:14:55 PM,0.04,in,A
12/27/2015 09:04:12 PM,12/27/2015 09:04:25 PM,0.04,in,A
12/27/2015 06:47:09 PM,12/27/2015 06:47:25 PM,0.00,in,A
12/27/2015 06:49:05 AM,12/27/2015 06:49:25 AM,0.00,in,A
12/27/2015 01:04:36 AM,12/27/2015 01:04:55 AM,0.04,in,A
12/26/2015 10:37:54 PM,12/26/2015 10:37:55 PM,0.04,in,A
12/26/2015 09:24:53 PM,12/26/2015 09:24:55 PM,0.04,in,A
12/26/2015 08:59:43 PM,12/26/2015 08:59:55 PM,0.04,in,A
12/26/2015 08:46:47 PM,12/26/2015 08:46:56 PM,0.04,in,A
12/26/2015 08:38:29 PM,12/26/2015 08:38:56 PM,0.04,in,A
12/26/2015 08:28:17 PM,12/26/2015 08:28:26 PM,0.04,in,A
12/26/2015 08:04:41 PM,12/26/2015 08:04:55 PM,0.04,in,A
12/26/2015 07:33:17 PM,12/26/2015 07:33:25 PM,0.04,in,A
12/26/2015 07:09:04 PM,12/26/2015 07:09:25 PM,0.04,in,A
12/26/2015 06:51:02 PM,12/26/2015 06:51:25 PM,0.00,in,A
12/26/2015 06:30:08 PM,12/26/2015 06:30:25 PM,0.04,in,A
12/26/2015 06:04:40 PM,12/26/2015 06:04:55 PM,0.04,in,A
12/26/2015 05:48:32 PM,12/26/2015 05:48:56 PM,0.04,in,A
12/26/2015 05:27:12 PM,12/26/2015 05:27:26 PM,0.04,in,A
12/26/2015 05:12:38 PM,12/26/2015 05:12:55 PM,0.04,in,A
12/26/2015 05:03:33 PM,12/26/2015 05:03:55 PM,0.04,in,A
12/26/2015 04:56:22 PM,12/26/2015 04:56:26 PM,0.08,in,A
12/26/2015 04:38:53 PM,12/26/2015 04:38:55 PM,0.08,in,A
12/26/2015 04:18:53 PM,12/26/2015 04:18:55 PM,0.04,in,A
12/26/2015 04:01:44 PM,12/26/2015 04:01:56 PM,0.04,in,A
12/26/2015 06:52:59 AM,12/26/2015 06:53:25 AM,0.00,in,A
12/25/2015 06:54:56 PM,12/25/2015 06:55:25 PM,0.00,in,A
12/25/2015 06:56:53 AM,12/25/2015 06:56:55 AM,0.00,in,A
12/24/2015 06:58:49 PM,12/24/2015 06:58:55 PM,0.00,in,A
12/24/2015 07:00:46 AM,12/24/2015 07:00:55 AM,0.00,in,A
12/22/2015 07:06:37 PM,12/22/2015 07:06:55 PM,0.00,in,A
12/22/2015 07:08:33 AM,12/22/2015 07:08:55 AM,0.00,in,A
12/21/2015 07:10:30 PM,12/21/2015 07:10:55 PM,0.00,in,A
12/21/2015 07:12:27 AM,12/21/2015 07:12:55 AM,0.00,in,A
12/20/2015 07:14:24 PM,12/20/2015 07:14:25 PM,0.00,in,A
12/20/2015 07:16:20 AM,12/20/2015 07:16:25 AM,0.00,in,A
12/19/2015 07:18:17 PM,12/19/2015 07:18:25 PM,0.00,in,A
12/19/2015 07:20:14 AM,12/19/2015 07:20:25 AM,0.00,in,A
12/18/2015 07:22:10 PM,12/18/2015 07:22:25 PM,0.00,in,A
12/18/2015 07:24:07 AM,12/18/2015 07:24:25 AM,0.00,in,A
12/17/2015 07:26:03 PM,12/17/2015 07:26:25 PM,0.00,in,A
12/17/2015 07:28:00 AM,12/17/2015 07:28:25 AM,0.00,in,A
12/16/2015 07:29:56 PM,12/16/2015 07:30:25 PM,0.00,in,A
12/16/2015 07:31:53 AM,12/16/2015 07:31:55 AM,0.00,in,A
12/15/2015 07:35:47 AM,12/15/2015 07:35:55 AM,0.00,in,A
12/14/2015 07:37:44 PM,12/14/2015 07:37:55 PM,0.00,in,A
12/14/2015 07:39:40 AM,12/14/2015 07:39:55 AM,0.00,in,A
12/14/2015 04:27:47 AM,12/14/2015 04:27:55 AM,0.04,in,A
12/13/2015 10:19:12 PM,12/13/2015 10:19:25 PM,0.04,in,A
12/13/2015 09:19:54 PM,12/13/2015 09:19:55 PM,0.04,in,A
12/13/2015 07:41:37 PM,12/13/2015 07:41:55 PM,0.00,in,A
12/13/2015 07:02:01 PM,12/13/2015 07:02:25 PM,0.04,in,A
12/13/2015 06:33:13 PM,12/13/2015 06:33:25 PM,0.04,in,A
12/13/2015 05:01:29 PM,12/13/2015 05:01:55 PM,0.04,in,A
12/13/2015 04:04:14 PM,12/13/2015 04:04:25 PM,0.04,in,A
12/13/2015 02:45:04 PM,12/13/2015 02:45:25 PM,0.04,in,A
12/13/2015 01:24:10 PM,12/13/2015 01:24:25 PM,0.04,in,A
12/13/2015 12:32:12 PM,12/13/2015 12:32:25 PM,0.04,in,A
12/13/2015 12:04:16 PM,12/13/2015 12:04:26 PM,0.08,in,A
12/13/2015 11:24:39 AM,12/13/2015 11:24:55 AM,0.04,in,A
12/13/2015 11:19:41 AM,12/13/2015 11:19:56 AM,0.04,in,A
12/13/2015 11:04:54 AM,12/13/2015 11:04:56 AM,0.04,in,A
12/13/2015 11:00:01 AM,12/13/2015 11:00:25 AM,0.04,in,A
12/13/2015 10:55:58 AM,12/13/2015 10:56:26 AM,0.04,in,A
12/13/2015 10:52:15 AM,12/13/2015 10:52:26 AM,0.04,in,A
12/13/2015 10:41:29 AM,12/13/2015 10:41:56 AM,0.04,in,A
12/13/2015 10:22:36 AM,12/13/2015 10:22:55 AM,0.16,in,A
12/13/2015 09:44:05 AM,12/13/2015 09:44:25 AM,0.04,in,A
12/13/2015 09:36:23 AM,12/13/2015 09:36:27 AM,0.04,in,A
12/13/2015 09:26:23 AM,12/13/2015 09:26:26 AM,0.04,in,A
12/13/2015 09:19:21 AM,12/13/2015 09:19:26 AM,0.04,in,A
12/13/2015 09:16:03 AM,12/13/2015 09:16:25 AM,0.04,in,A
12/13/2015 09:11:20 AM,12/13/2015 09:11:26 AM,0.04,in,A
12/13/2015 09:06:32 AM,12/13/2015 09:06:56 AM,0.04,in,A
12/13/2015 09:00:51 AM,12/13/2015 09:00:55 AM,0.04,in,A
12/13/2015 08:57:47 AM,12/13/2015 08:57:55 AM,0.04,in,A
12/13/2015 08:53:48 AM,12/13/2015 08:53:56 AM,0.04,in,A
12/13/2015 08:47:28 AM,12/13/2015 08:47:55 AM,0.04,in,A
12/13/2015 08:44:54 AM,12/13/2015 08:44:56 AM,0.04,in,A
12/13/2015 08:37:17 AM,12/13/2015 08:37:25 AM,0.04,in,A
12/13/2015 08:27:29 AM,12/13/2015 08:27:55 AM,0.08,in,A
12/13/2015 08:11:15 AM,12/13/2015 08:11:25 AM,0.04,in,A
12/13/2015 08:01:19 AM,12/13/2015 08:01:26 AM,0.04,in,A
12/13/2015 07:48:15 AM,12/13/2015 07:48:26 AM,0.04,in,A
12/13/2015 07:44:27 AM,12/13/2015 07:44:55 AM,0.08,in,A
12/13/2015 07:00:49 AM,12/13/2015 07:00:55 AM,0.04,in,A
12/13/2015 06:39:37 AM,12/13/2015 06:39:56 AM,0.04,in,A
12/13/2015 06:22:48 AM,12/13/2015 06:22:55 AM,0.04,in,A
12/13/2015 05:54:59 AM,12/13/2015 05:55:25 AM,0.04,in,A
12/13/2015 05:41:38 AM,12/13/2015 05:41:55 AM,0.04,in,A
12/13/2015 05:37:17 AM,12/13/2015 05:37:25 AM,0.04,in,A
12/13/2015 05:34:36 AM,12/13/2015 05:34:55 AM,0.04,in,A
12/13/2015 12:56:19 AM,12/13/2015 12:56:25 AM,0.04,in,A
12/12/2015 10:20:31 PM,12/12/2015 10:20:55 PM,0.04,in,A
12/12/2015 07:47:19 PM,12/12/2015 07:47:25 PM,0.00,in,A
12/12/2015 07:50:11 AM,12/12/2015 07:50:25 AM,0.00,in,A
12/11/2015 07:53:03 PM,12/11/2015 07:53:25 PM,0.00,in,A
12/11/2015 07:55:55 AM,12/11/2015 07:56:25 AM,0.00,in,A
12/10/2015 07:58:47 PM,12/10/2015 07:58:55 PM,0.00,in,A
12/10/2015 08:01:39 AM,12/10/2015 08:01:55 AM,0.00,in,A
12/09/2015 08:04:31 PM,12/09/2015 08:04:55 PM,0.00,in,A
12/09/2015 08:07:23 AM,12/09/2015 08:07:25 AM,0.00,in,A
12/08/2015 08:10:15 PM,12/08/2015 08:10:25 PM,0.00,in,A
12/08/2015 08:13:07 AM,12/08/2015 08:13:25 AM,0.00,in,A
12/07/2015 08:15:58 PM,12/07/2015 08:16:25 PM,0.00,in,A
12/07/2015 08:18:50 AM,12/07/2015 08:18:55 AM,0.00,in,A
12/06/2015 08:21:42 PM,12/06/2015 08:21:55 PM,0.00,in,A
12/06/2015 08:24:34 AM,12/06/2015 08:24:55 AM,0.00,in,A
12/05/2015 08:27:26 PM,12/05/2015 08:27:55 PM,0.00,in,A
12/05/2015 08:30:18 AM,12/05/2015 08:30:25 AM,0.00,in,A
12/04/2015 08:33:10 PM,12/04/2015 08:33:25 PM,0.00,in,A
12/04/2015 08:36:01 AM,12/04/2015 08:36:25 AM,0.00,in,A
12/03/2015 08:38:53 PM,12/03/2015 08:38:55 PM,0.00,in,A
12/03/2015 08:41:45 AM,12/03/2015 08:41:55 AM,0.00,in,A
12/02/2015 08:44:37 PM,12/02/2015 08:44:55 PM,0.00,in,A
12/02/2015 08:47:28 AM,12/02/2015 08:47:55 AM,0.00,in,A
12/01/2015 08:50:20 PM,12/01/2015 08:50:25 PM,0.00,in,A
11/30/2015 08:56:04 PM,11/30/2015 08:56:25 PM,0.00,in,A
11/30/2015 11:16:50 AM,11/30/2015 11:16:55 AM,0.04,in,A
11/30/2015 10:30:33 AM,11/30/2015 10:30:55 AM,0.04,in,A
11/30/2015 10:17:35 AM,11/30/2015 10:17:55 AM,0.04,in,A
11/30/2015 10:07:35 AM,11/30/2015 10:07:55 AM,0.04,in,A
11/30/2015 09:28:11 AM,11/30/2015 09:28:25 AM,0.04,in,A
11/30/2015 09:10:19 AM,11/30/2015 09:10:26 AM,0.04,in,A
11/30/2015 09:00:39 AM,11/30/2015 09:00:55 AM,0.04,in,A
11/30/2015 08:58:56 AM,11/30/2015 08:59:25 AM,0.00,in,A
11/30/2015 08:48:30 AM,11/30/2015 08:48:55 AM,0.04,in,A
11/30/2015 07:10:33 AM,11/30/2015 07:10:55 AM,0.04,in,A
11/29/2015 09:01:47 PM,11/29/2015 09:01:55 PM,0.00,in,A
11/29/2015 07:03:19 PM,11/29/2015 07:03:26 PM,0.04,in,A
11/29/2015 05:17:20 PM,11/29/2015 05:17:26 PM,0.04,in,A
11/29/2015 04:49:45 PM,11/29/2015 04:49:55 PM,0.04,in,A
11/29/2015 03:21:45 PM,11/29/2015 03:21:55 PM,0.04,in,A
11/29/2015 02:46:04 PM,11/29/2015 02:46:25 PM,0.04,in,A
11/29/2015 01:54:29 PM,11/29/2015 01:54:55 PM,0.04,in,A
11/29/2015 01:31:23 PM,11/29/2015 01:31:25 PM,0.04,in,A
11/29/2015 01:06:18 PM,11/29/2015 01:06:26 PM,0.04,in,A
11/29/2015 11:56:09 AM,11/29/2015 11:56:25 AM,0.04,in,A
11/29/2015 11:33:30 AM,11/29/2015 11:33:55 AM,0.04,in,A
11/29/2015 11:08:43 AM,11/29/2015 11:08:55 AM,0.04,in,A
11/29/2015 09:50:36 AM,11/29/2015 09:50:55 AM,0.04,in,A
11/29/2015 09:04:39 AM,11/29/2015 09:04:55 AM,0.00,in,A
11/29/2015 07:32:10 AM,11/29/2015 07:32:25 AM,0.04,in,A
11/28/2015 09:07:31 PM,11/28/2015 09:07:55 PM,0.00,in,A
11/28/2015 04:06:31 PM,11/28/2015 04:06:55 PM,0.04,in,A
11/28/2015 02:04:42 PM,11/28/2015 02:04:55 PM,0.04,in,A
11/28/2015 12:38:13 PM,11/28/2015 12:38:25 PM,0.04,in,A
11/28/2015 06:30:44 AM,11/28/2015 06:30:55 AM,0.04,in,A
11/27/2015 09:13:15 PM,11/27/2015 09:13:25 PM,0.00,in,A
11/27/2015 03:53:17 PM,11/27/2015 03:53:25 PM,0.04,in,A
11/27/2015 02:02:00 PM,11/27/2015 02:02:25 PM,0.04,in,A
11/27/2015 10:55:20 AM,11/27/2015 10:55:25 AM,0.04,in,A
11/27/2015 09:56:58 AM,11/27/2015 09:57:25 AM,0.04,in,A
11/27/2015 09:16:06 AM,11/27/2015 09:16:25 AM,0.00,in,A
11/27/2015 06:44:03 AM,11/27/2015 06:44:25 AM,0.04,in,A
11/27/2015 02:16:48 AM,11/27/2015 02:16:55 AM,0.04,in,A
11/27/2015 01:31:05 AM,11/27/2015 01:31:25 AM,0.04,in,A
11/27/2015 12:41:12 AM,11/27/2015 12:41:25 AM,0.04,in,A
11/27/2015 12:00:14 AM,11/27/2015 12:00:25 AM,0.04,in,A
11/26/2015 11:47:23 PM,11/26/2015 11:47:26 PM,0.04,in,A
11/26/2015 11:24:03 PM,11/26/2015 11:24:25 PM,0.08,in,A
11/26/2015 10:20:28 PM,11/26/2015 10:20:55 PM,0.04,in,A
11/26/2015 10:08:41 PM,11/26/2015 10:08:56 PM,0.04,in,A
11/26/2015 09:58:35 PM,11/26/2015 09:58:56 PM,0.04,in,A
11/26/2015 09:50:33 PM,11/26/2015 09:50:56 PM,0.04,in,A
11/26/2015 09:41:08 PM,11/26/2015 09:41:26 PM,0.16,in,A
11/26/2015 09:12:23 PM,11/26/2015 09:12:26 PM,0.04,in,A
11/26/2015 09:08:41 PM,11/26/2015 09:08:56 PM,0.04,in,A
11/26/2015 09:04:42 PM,11/26/2015 09:04:56 PM,0.04,in,A
11/26/2015 09:00:07 PM,11/26/2015 09:00:26 PM,0.04,in,A
11/26/2015 08:56:38 PM,11/26/2015 08:56:56 PM,0.08,in,A
11/26/2015 08:40:43 PM,11/26/2015 08:40:56 PM,0.04,in,A
11/26/2015 08:24:59 PM,11/26/2015 08:25:26 PM,0.04,in,A
11/26/2015 08:19:22 PM,11/26/2015 08:19:26 PM,0.04,in,A
11/26/2015 08:11:46 PM,11/26/2015 08:11:56 PM,0.04,in,A
11/26/2015 08:07:24 PM,11/26/2015 08:07:26 PM,0.04,in,A
11/26/2015 07:58:26 PM,11/26/2015 07:58:55 PM,0.04,in,A
11/26/2015 07:48:28 PM,11/26/2015 07:48:55 PM,0.04,in,A
11/26/2015 07:39:43 PM,11/26/2015 07:39:56 PM,0.08,in,A
11/26/2015 07:23:44 PM,11/26/2015 07:23:55 PM,0.04,in,A
11/26/2015 07:17:43 PM,11/26/2015 07:17:55 PM,0.04,in,A
11/26/2015 07:09:26 PM,11/26/2015 07:09:55 PM,0.04,in,A
11/26/2015 06:57:05 PM,11/26/2015 06:57:25 PM,0.04,in,A
11/26/2015 06:38:42 PM,11/26/2015 06:38:56 PM,0.04,in,A
11/26/2015 06:20:12 PM,11/26/2015 06:20:25 PM,0.04,in,A
11/26/2015 06:07:59 PM,11/26/2015 06:08:25 PM,0.04,in,A
11/26/2015 05:54:48 PM,11/26/2015 05:54:56 PM,0.04,in,A
11/26/2015 05:44:05 PM,11/26/2015 05:44:26 PM,0.04,in,A
11/26/2015 05:38:43 PM,11/26/2015 05:38:56 PM,0.04,in,A
11/26/2015 05:26:45 PM,11/26/2015 05:26:56 PM,0.04,in,A
11/26/2015 05:16:12 PM,11/26/2015 05:16:26 PM,0.04,in,A
11/26/2015 05:09:55 PM,11/26/2015 05:10:25 PM,0.04,in,A
11/26/2015 04:59:59 PM,11/26/2015 05:00:25 PM,0.04,in,A
11/26/2015 04:48:40 PM,11/26/2015 04:48:55 PM,0.04,in,A
11/26/2015 04:40:05 PM,11/26/2015 04:40:25 PM,0.04,in,A
11/26/2015 04:32:57 PM,11/26/2015 04:33:25 PM,0.04,in,A
11/26/2015 04:24:31 PM,11/26/2015 04:24:56 PM,0.04,in,A
11/26/2015 04:15:52 PM,11/26/2015 04:15:55 PM,0.08,in,A
11/26/2015 03:57:51 PM,11/26/2015 03:57:56 PM,0.04,in,A
11/26/2015 03:47:07 PM,11/26/2015 03:47:26 PM,0.08,in,A
11/26/2015 03:21:36 PM,11/26/2015 03:21:56 PM,0.04,in,A
11/26/2015 03:08:20 PM,11/26/2015 03:08:25 PM,0.04,in,A
11/26/2015 02:53:25 PM,11/26/2015 02:53:55 PM,0.04,in,A
11/26/2015 02:39:23 PM,11/26/2015 02:39:26 PM,0.08,in,A
11/26/2015 02:20:17 PM,11/26/2015 02:20:26 PM,0.04,in,A
11/26/2015 01:59:05 PM,11/26/2015 01:59:25 PM,0.04,in,A
11/26/2015 01:45:31 PM,11/26/2015 01:45:55 PM,0.08,in,A
11/26/2015 01:27:39 PM,11/26/2015 01:27:55 PM,0.04,in,A
11/26/2015 01:22:40 PM,11/26/2015 01:22:55 PM,0.04,in,A
11/26/2015 01:19:12 PM,11/26/2015 01:19:26 PM,0.04,in,A
11/26/2015 01:16:32 PM,11/26/2015 01:16:55 PM,0.04,in,A
11/26/2015 01:14:43 PM,11/26/2015 01:14:55 PM,0.04,in,A
11/26/2015 01:13:20 PM,11/26/2015 01:13:25 PM,0.04,in,A
11/26/2015 11:37:15 AM,11/26/2015 11:37:25 AM,0.04,in,A
11/26/2015 09:21:50 AM,11/26/2015 09:21:55 AM,0.00,in,A
11/25/2015 09:24:43 PM,11/25/2015 09:24:55 PM,0.00,in,A
11/25/2015 09:27:35 AM,11/25/2015 09:27:55 AM,0.00,in,A
11/24/2015 09:30:27 PM,11/24/2015 09:30:55 PM,0.00,in,A
11/24/2015 09:33:19 AM,11/24/2015 09:33:25 AM,0.00,in,A
11/23/2015 09:36:11 PM,11/23/2015 09:36:25 PM,0.00,in,A
11/23/2015 09:39:03 AM,11/23/2015 09:39:25 AM,0.00,in,A
11/22/2015 09:44:46 AM,11/22/2015 09:44:55 AM,0.00,in,A
11/21/2015 09:47:38 PM,11/21/2015 09:47:55 PM,0.00,in,A
11/21/2015 09:50:30 AM,11/21/2015 09:50:55 AM,0.00,in,A
11/20/2015 09:53:22 PM,11/20/2015 09:53:25 PM,0.00,in,A
11/20/2015 08:54:42 PM,11/20/2015 08:54:55 PM,0.04,in,A
11/20/2015 09:56:14 AM,11/20/2015 09:56:25 AM,0.00,in,A
11/19/2015 09:59:06 PM,11/19/2015 09:59:25 PM,0.00,in,A
11/19/2015 10:01:58 AM,11/19/2015 10:02:25 AM,0.00,in,A
11/18/2015 10:04:50 PM,11/18/2015 10:04:55 PM,0.00,in,A
11/18/2015 10:07:42 AM,11/18/2015 10:07:55 AM,0.00,in,A
11/17/2015 10:10:34 PM,11/17/2015 10:10:55 PM,0.00,in,A
11/17/2015 05:44:47 PM,11/17/2015 05:44:55 PM,0.04,in,A
11/17/2015 01:38:29 PM,11/17/2015 01:38:55 PM,0.08,in,A
11/17/2015 12:23:31 PM,11/17/2015 12:23:55 PM,0.04,in,A
11/17/2015 11:59:05 AM,11/17/2015 11:59:25 AM,0.04,in,A
11/17/2015 11:35:02 AM,11/17/2015 11:35:25 AM,0.04,in,A
11/17/2015 11:09:14 AM,11/17/2015 11:09:25 AM,0.04,in,A
11/17/2015 10:13:26 AM,11/17/2015 10:13:55 AM,0.00,in,A
11/17/2015 09:59:51 AM,11/17/2015 09:59:56 AM,0.04,in,A
11/17/2015 09:35:36 AM,11/17/2015 09:35:55 AM,0.04,in,A
11/17/2015 09:18:31 AM,11/17/2015 09:18:55 AM,0.04,in,A
11/17/2015 09:01:39 AM,11/17/2015 09:01:55 AM,0.04,in,A
11/17/2015 08:29:49 AM,11/17/2015 08:29:55 AM,0.04,in,A
11/17/2015 08:05:28 AM,11/17/2015 08:05:55 AM,0.04,in,A
11/17/2015 07:34:59 AM,11/17/2015 07:35:25 AM,0.04,in,A
11/17/2015 07:00:16 AM,11/17/2015 07:00:25 AM,0.04,in,A
11/17/2015 06:16:35 AM,11/17/2015 06:16:56 AM,0.04,in,A
11/17/2015 06:12:07 AM,11/17/2015 06:12:26 AM,0.04,in,A
11/17/2015 06:11:27 AM,11/17/2015 06:11:56 AM,0.04,in,A
11/17/2015 06:09:29 AM,11/17/2015 06:09:56 AM,0.04,in,A
11/17/2015 06:02:48 AM,11/17/2015 06:02:56 AM,0.04,in,A
11/17/2015 05:41:56 AM,11/17/2015 05:42:26 AM,0.04,in,A
11/17/2015 05:39:56 AM,11/17/2015 05:40:25 AM,0.04,in,A
11/17/2015 05:39:05 AM,11/17/2015 05:39:26 AM,0.04,in,A
11/17/2015 05:38:19 AM,11/17/2015 05:38:26 AM,0.04,in,A
11/17/2015 05:37:34 AM,11/17/2015 05:37:56 AM,0.08,in,A
11/17/2015 05:35:49 AM,11/17/2015 05:35:56 AM,0.04,in,A
11/17/2015 05:35:12 AM,11/17/2015 05:35:26 AM,0.04,in,A
11/17/2015 05:34:35 AM,11/17/2015 05:34:56 AM,0.04,in,A
11/17/2015 05:33:34 AM,11/17/2015 05:33:55 AM,0.04,in,A
11/17/2015 05:32:23 AM,11/17/2015 05:32:26 AM,0.04,in,A
11/17/2015 05:29:37 AM,11/17/2015 05:29:55 AM,0.04,in,A
11/17/2015 05:25:09 AM,11/17/2015 05:25:27 AM,0.04,in,A
11/17/2015 05:15:49 AM,11/17/2015 05:15:55 AM,0.04,in,A
11/17/2015 05:10:15 AM,11/17/2015 05:10:25 AM,0.08,in,A
11/17/2015 04:54:35 AM,11/17/2015 04:54:55 AM,0.04,in,A
11/17/2015 04:44:05 AM,11/17/2015 04:44:26 AM,0.04,in,A
11/17/2015 04:00:57 AM,11/17/2015 04:01:25 AM,0.04,in,A
11/17/2015 03:38:41 AM,11/17/2015 03:38:56 AM,0.04,in,A
11/17/2015 03:23:36 AM,11/17/2015 03:23:55 AM,0.04,in,A
11/17/2015 03:08:13 AM,11/17/2015 03:08:26 AM,0.04,in,A
11/17/2015 02:30:41 AM,11/17/2015 02:30:56 AM,0.04,in,A
11/17/2015 02:12:10 AM,11/17/2015 02:12:25 AM,0.04,in,A
11/17/2015 02:04:35 AM,11/17/2015 02:04:55 AM,0.04,in,A
11/17/2015 01:20:58 AM,11/17/2015 01:21:26 AM,0.04,in,A
11/17/2015 12:41:38 AM,11/17/2015 12:41:55 AM,0.04,in,A
11/16/2015 10:16:18 PM,11/16/2015 10:16:25 PM,0.00,in,A
11/16/2015 09:33:52 PM,11/16/2015 09:33:56 PM,0.04,in,A
11/16/2015 09:31:18 PM,11/16/2015 09:31:25 PM,0.04,in,A
11/16/2015 09:30:04 PM,11/16/2015 09:30:25 PM,0.04,in,A
11/16/2015 09:28:00 PM,11/16/2015 09:28:25 PM,0.04,in,A
11/16/2015 08:53:37 PM,11/16/2015 08:53:56 PM,0.04,in,A
11/16/2015 08:52:45 PM,11/16/2015 08:52:55 PM,0.04,in,A
11/16/2015 08:50:27 PM,11/16/2015 08:50:55 PM,0.04,in,A
11/16/2015 08:49:39 PM,11/16/2015 08:49:55 PM,0.04,in,A
11/16/2015 10:19:11 AM,11/16/2015 10:19:25 AM,0.00,in,A
11/16/2015 06:42:16 AM,11/16/2015 06:42:25 AM,0.04,in,A
11/16/2015 05:15:07 AM,11/16/2015 05:15:25 AM,0.04,in,A
11/16/2015 04:35:25 AM,11/16/2015 04:35:55 AM,0.04,in,A
11/16/2015 04:13:00 AM,11/16/2015 04:13:25 AM,0.04,in,A
11/16/2015 03:39:24 AM,11/16/2015 03:39:25 AM,0.04,in,A
11/16/2015 02:18:51 AM,11/16/2015 02:18:55 AM,0.04,in,A
11/15/2015 10:22:03 PM,11/15/2015 10:22:25 PM,0.00,in,A
11/15/2015 10:24:55 AM,11/15/2015 10:25:25 AM,0.00,in,A
11/14/2015 10:27:47 PM,11/14/2015 10:27:55 PM,0.00,in,A
11/14/2015 10:30:39 AM,11/14/2015 10:30:55 AM,0.00,in,A
11/13/2015 10:33:31 PM,11/13/2015 10:33:55 PM,0.00,in,A
11/13/2015 10:36:23 AM,11/13/2015 10:36:25 AM,0.00,in,A
11/12/2015 10:39:15 PM,11/12/2015 10:39:25 PM,0.00,in,A
11/12/2015 10:42:07 AM,11/12/2015 10:42:25 AM,0.00,in,A
11/11/2015 10:44:59 PM,11/11/2015 10:45:25 PM,0.00,in,A
11/11/2015 10:47:51 AM,11/11/2015 10:47:55 AM,0.00,in,A
11/10/2015 10:50:43 PM,11/10/2015 10:50:55 PM,0.00,in,A
11/10/2015 10:53:36 AM,11/10/2015 10:53:55 AM,0.00,in,A
11/09/2015 10:56:27 PM,11/09/2015 10:56:55 PM,0.00,in,A
11/09/2015 10:59:19 AM,11/09/2015 10:59:25 AM,0.00,in,A
11/08/2015 11:02:11 PM,11/08/2015 11:02:25 PM,0.00,in,A
11/08/2015 11:05:03 AM,11/08/2015 11:05:25 AM,0.00,in,A
11/07/2015 11:07:55 PM,11/07/2015 11:08:25 PM,0.00,in,A
11/07/2015 11:10:47 AM,11/07/2015 11:10:55 AM,0.00,in,A
11/06/2015 11:13:39 PM,11/06/2015 11:13:55 PM,0.00,in,A
11/06/2015 11:16:32 AM,11/06/2015 11:16:55 AM,0.00,in,A
11/05/2015 11:19:24 PM,11/05/2015 11:19:25 PM,0.00,in,A
11/05/2015 07:33:08 PM,11/05/2015 07:33:25 PM,0.04,in,A
11/05/2015 11:22:16 AM,11/05/2015 11:22:25 AM,0.00,in,A
11/04/2015 11:25:08 PM,11/04/2015 11:25:25 PM,0.00,in,A
11/04/2015 11:28:00 AM,11/04/2015 11:28:25 AM,0.00,in,A
11/03/2015 11:30:53 PM,11/03/2015 11:30:55 PM,0.00,in,A
11/03/2015 11:33:45 AM,11/03/2015 11:33:55 AM,0.00,in,A
11/02/2015 11:36:37 PM,11/02/2015 11:36:55 PM,0.00,in,A
11/02/2015 11:39:29 AM,11/02/2015 11:39:55 AM,0.00,in,A
11/01/2015 11:42:21 PM,11/01/2015 11:42:25 PM,0.00,in,A
11/01/2015 11:45:13 AM,11/01/2015 11:45:25 AM,0.00,in,A
11/01/2015 12:48:05 AM,11/01/2015 12:48:25 AM,0.00,in,A
10/31/2015 12:50:57 PM,10/31/2015 12:51:25 PM,0.00,in,A
10/31/2015 06:00:08 AM,10/31/2015 06:00:25 AM,0.04,in,A
10/31/2015 04:39:38 AM,10/31/2015 04:39:55 AM,0.04,in,A
10/31/2015 04:12:08 AM,10/31/2015 04:12:26 AM,0.04,in,A
10/31/2015 03:17:16 AM,10/31/2015 03:17:26 AM,0.04,in,A
10/31/2015 02:20:23 AM,10/31/2015 02:20:26 AM,0.04,in,A
10/31/2015 01:35:34 AM,10/31/2015 01:35:55 AM,0.04,in,A
10/31/2015 12:53:50 AM,10/31/2015 12:53:55 AM,0.00,in,A
10/30/2015 11:21:22 PM,10/30/2015 11:21:25 PM,0.04,in,A
10/30/2015 11:02:35 PM,10/30/2015 11:02:55 PM,0.04,in,A
10/30/2015 10:44:48 PM,10/30/2015 10:44:56 PM,0.04,in,A
10/30/2015 10:17:38 PM,10/30/2015 10:17:55 PM,0.04,in,A
10/30/2015 09:14:52 PM,10/30/2015 09:14:56 PM,0.04,in,A
10/30/2015 08:56:33 PM,10/30/2015 08:56:55 PM,0.04,in,A
10/30/2015 08:40:31 PM,10/30/2015 08:40:55 PM,0.04,in,A
10/30/2015 08:17:32 PM,10/30/2015 08:17:55 PM,0.04,in,A
10/30/2015 07:42:07 PM,10/30/2015 07:42:25 PM,0.04,in,A
10/30/2015 06:42:17 PM,10/30/2015 06:42:25 PM,0.04,in,A
10/30/2015 05:51:18 PM,10/30/2015 05:51:25 PM,0.04,in,A
10/30/2015 12:56:42 PM,10/30/2015 12:56:55 PM,0.00,in,A
10/30/2015 12:59:33 AM,10/30/2015 12:59:55 AM,0.00,in,A
10/29/2015 01:02:26 PM,10/29/2015 01:02:55 PM,0.00,in,A
10/29/2015 01:05:18 AM,10/29/2015 01:05:25 AM,0.00,in,A
10/28/2015 01:08:10 PM,10/28/2015 01:08:25 PM,0.00,in,A
10/28/2015 01:11:02 AM,10/28/2015 01:11:25 AM,0.00,in,A
10/27/2015 06:22:26 PM,10/27/2015 06:22:55 PM,0.04,in,A
10/27/2015 04:32:27 PM,10/27/2015 04:32:55 PM,0.08,in,A
10/27/2015 03:16:35 PM,10/27/2015 03:16:55 PM,0.04,in,A
10/27/2015 01:13:54 PM,10/27/2015 01:13:55 PM,0.00,in,A
10/27/2015 09:59:23 AM,10/27/2015 09:59:25 AM,0.04,in,A
10/27/2015 08:20:06 AM,10/27/2015 08:20:25 AM,0.04,in,A
10/27/2015 05:39:52 AM,10/27/2015 05:39:55 AM,0.04,in,A
10/27/2015 01:16:47 AM,10/27/2015 01:16:55 AM,0.00,in,A
10/26/2015 01:19:39 PM,10/26/2015 01:19:55 PM,0.00,in,A
10/26/2015 01:22:31 AM,10/26/2015 01:22:55 AM,0.00,in,A
10/25/2015 01:25:23 PM,10/25/2015 01:25:25 PM,0.00,in,A
10/25/2015 01:28:15 AM,10/25/2015 01:28:25 AM,0.00,in,A
10/24/2015 01:31:08 PM,10/24/2015 01:31:25 PM,0.00,in,A
10/24/2015 01:34:00 AM,10/24/2015 01:34:25 AM,0.00,in,A
10/23/2015 10:45:55 PM,10/23/2015 10:46:25 PM,0.04,in,A
10/23/2015 10:25:53 PM,10/23/2015 10:25:55 PM,0.04,in,A
10/23/2015 10:18:06 PM,10/23/2015 10:18:25 PM,0.04,in,A
10/23/2015 01:36:52 PM,10/23/2015 01:36:55 PM,0.00,in,A
10/23/2015 07:01:48 AM,10/23/2015 07:01:55 AM,0.04,in,A
10/23/2015 06:06:06 AM,10/23/2015 06:06:25 AM,0.04,in,A
10/23/2015 05:49:21 AM,10/23/2015 05:49:26 AM,0.04,in,A
10/23/2015 01:39:45 AM,10/23/2015 01:39:55 AM,0.00,in,A
10/22/2015 01:42:37 PM,10/22/2015 01:42:55 PM,0.00,in,A
10/22/2015 01:45:29 AM,10/22/2015 01:45:55 AM,0.00,in,A
10/21/2015 01:48:22 PM,10/21/2015 01:48:25 PM,0.00,in,A
10/21/2015 01:51:14 AM,10/21/2015 01:51:25 AM,0.00,in,A
10/20/2015 01:54:07 PM,10/20/2015 01:54:25 PM,0.00,in,A
10/20/2015 01:56:59 AM,10/20/2015 01:57:25 AM,0.00,in,A
10/19/2015 01:59:51 PM,10/19/2015 01:59:55 PM,0.00,in,A
10/19/2015 02:02:44 AM,10/19/2015 02:02:55 AM,0.00,in,A
10/18/2015 02:05:36 PM,10/18/2015 02:05:55 PM,0.00,in,A
10/18/2015 02:08:28 AM,10/18/2015 02:08:55 AM,0.00,in,A
10/17/2015 02:11:20 PM,10/17/2015 02:11:25 PM,0.00,in,A
10/17/2015 02:14:13 AM,10/17/2015 02:14:25 AM,0.00,in,A
10/16/2015 02:17:05 PM,10/16/2015 02:17:25 PM,0.00,in,A
10/16/2015 02:19:57 AM,10/16/2015 02:20:25 AM,0.00,in,A
10/15/2015 02:22:49 PM,10/15/2015 02:22:55 PM,0.00,in,A
10/15/2015 02:25:42 AM,10/15/2015 02:25:55 AM,0.00,in,A
10/14/2015 02:28:34 PM,10/14/2015 02:28:55 PM,0.00,in,A
10/14/2015 02:31:26 AM,10/14/2015 02:31:55 AM,0.00,in,A
10/13/2015 02:34:19 PM,10/13/2015 02:34:25 PM,0.00,in,A
10/13/2015 02:37:11 AM,10/13/2015 02:37:25 AM,0.00,in,A
10/12/2015 02:40:03 PM,10/12/2015 02:40:25 PM,0.00,in,A
10/12/2015 02:42:56 AM,10/12/2015 02:43:25 AM,0.00,in,A
10/11/2015 02:45:48 PM,10/11/2015 02:45:55 PM,0.00,in,A
10/11/2015 02:48:40 AM,10/11/2015 02:48:55 AM,0.00,in,A
10/10/2015 02:51:33 PM,10/10/2015 02:51:55 PM,0.00,in,A
10/10/2015 02:54:25 AM,10/10/2015 02:54:55 AM,0.00,in,A
10/09/2015 02:57:17 PM,10/09/2015 02:57:25 PM,0.00,in,A
10/09/2015 03:00:10 AM,10/09/2015 03:00:25 AM,0.00,in,A
10/08/2015 03:03:02 PM,10/08/2015 03:03:25 PM,0.00,in,A
10/07/2015 03:08:47 PM,10/07/2015 03:08:55 PM,0.00,in,A
10/07/2015 03:11:39 AM,10/07/2015 03:11:55 AM,0.00,in,A
10/06/2015 03:14:31 PM,10/06/2015 03:14:55 PM,0.00,in,A
10/06/2015 03:17:24 AM,10/06/2015 03:17:25 AM,0.00,in,A
10/05/2015 03:20:16 PM,10/05/2015 03:20:25 PM,0.00,in,A
10/05/2015 03:23:08 AM,10/05/2015 03:23:25 AM,0.00,in,A
10/04/2015 03:26:01 PM,10/04/2015 03:26:25 PM,0.00,in,A
10/04/2015 03:28:53 AM,10/04/2015 03:28:55 AM,0.00,in,A
10/03/2015 03:31:45 PM,10/03/2015 03:31:55 PM,0.00,in,A
10/03/2015 03:34:37 AM,10/03/2015 03:34:55 AM,0.00,in,A
10/02/2015 03:37:30 PM,10/02/2015 03:37:55 PM,0.00,in,A
10/02/2015 03:40:22 AM,10/02/2015 03:40:25 AM,0.00,in,A
10/01/2015 03:43:14 PM,10/01/2015 03:43:25 PM,0.00,in,A
10/01/2015 03:46:07 AM,10/01/2015 03:46:25 AM,0.00,in,A
09/30/2015 03:48:59 PM,09/30/2015 03:49:25 PM,0.00,in,A
09/30/2015 03:51:51 AM,09/30/2015 03:51:55 AM,0.00,in,A
09/29/2015 03:54:44 PM,09/29/2015 03:54:55 PM,0.00,in,A
09/29/2015 03:57:36 AM,09/29/2015 03:57:55 AM,0.00,in,A
09/28/2015 04:00:28 PM,09/28/2015 04:00:55 PM,0.00,in,A
09/28/2015 04:03:21 AM,09/28/2015 04:03:25 AM,0.00,in,A
09/27/2015 04:06:13 PM,09/27/2015 04:06:25 PM,0.00,in,A
09/27/2015 04:09:06 AM,09/27/2015 04:09:25 AM,0.00,in,A
09/26/2015 04:11:58 PM,09/26/2015 04:12:25 PM,0.00,in,A
09/26/2015 04:14:50 AM,09/26/2015 04:14:55 AM,0.00,in,A
09/25/2015 04:17:43 PM,09/25/2015 04:17:55 PM,0.00,in,A
09/25/2015 04:20:35 AM,09/25/2015 04:20:55 AM,0.00,in,A
09/24/2015 04:23:28 PM,09/24/2015 04:23:55 PM,0.00,in,A
09/24/2015 04:26:20 AM,09/24/2015 04:26:25 AM,0.00,in,A
09/23/2015 04:29:13 PM,09/23/2015 04:29:25 PM,0.00,in,A
09/23/2015 04:32:05 AM,09/23/2015 04:32:25 AM,0.00,in,A
09/22/2015 04:34:57 PM,09/22/2015 04:35:25 PM,0.00,in,A
09/22/2015 04:37:50 AM,09/22/2015 04:37:55 AM,0.00,in,A
09/21/2015 04:40:42 PM,09/21/2015 04:40:55 PM,0.00,in,A
09/21/2015 04:43:35 AM,09/21/2015 04:43:55 AM,0.00,in,A
09/20/2015 04:46:27 PM,09/20/2015 04:46:55 PM,0.00,in,A
09/20/2015 04:49:19 AM,09/20/2015 04:49:26 AM,0.00,in,A
09/19/2015 04:52:12 PM,09/19/2015 04:52:25 PM,0.00,in,A
09/19/2015 04:55:04 AM,09/19/2015 04:55:25 AM,0.00,in,A
09/18/2015 06:49:51 PM,09/18/2015 06:49:56 PM,0.04,in,A
09/18/2015 06:42:19 PM,09/18/2015 06:42:26 PM,0.04,in,A
09/18/2015 06:37:58 PM,09/18/2015 06:38:26 PM,0.08,in,A
09/18/2015 04:57:57 PM,09/18/2015 04:58:25 PM,0.00,in,A
09/18/2015 03:29:04 PM,09/18/2015 03:29:25 PM,0.04,in,A
09/18/2015 02:46:55 PM,09/18/2015 02:47:25 PM,0.04,in,A
09/18/2015 12:56:26 PM,09/18/2015 12:56:55 PM,0.04,in,A
09/18/2015 12:45:37 PM,09/18/2015 12:45:55 PM,0.04,in,A
09/18/2015 11:30:53 AM,09/18/2015 11:30:55 AM,0.04,in,A
09/18/2015 08:45:02 AM,09/18/2015 08:45:25 AM,0.04,in,A
09/18/2015 07:47:47 AM,09/18/2015 07:47:56 AM,0.04,in,A
09/18/2015 05:00:49 AM,09/18/2015 05:00:55 AM,0.00,in,A
09/18/2015 03:17:21 AM,09/18/2015 03:17:27 AM,0.04,in,A
09/18/2015 03:12:43 AM,09/18/2015 03:12:55 AM,0.04,in,A
09/18/2015 03:10:53 AM,09/18/2015 03:10:55 AM,0.04,in,A
09/18/2015 03:06:50 AM,09/18/2015 03:06:55 AM,0.04,in,A
09/18/2015 03:04:28 AM,09/18/2015 03:04:55 AM,0.04,in,A
09/17/2015 05:03:41 PM,09/17/2015 05:03:55 PM,0.00,in,A
09/17/2015 05:06:34 AM,09/17/2015 05:06:55 AM,0.00,in,A
09/16/2015 05:09:26 PM,09/16/2015 05:09:55 PM,0.00,in,A
09/16/2015 05:12:19 AM,09/16/2015 05:12:25 AM,0.00,in,A
09/15/2015 05:15:11 PM,09/15/2015 05:15:25 PM,0.00,in,A
09/15/2015 05:18:04 AM,09/15/2015 05:18:25 AM,0.00,in,A
09/14/2015 05:20:56 PM,09/14/2015 05:21:25 PM,0.00,in,A
09/14/2015 05:23:49 AM,09/14/2015 05:23:55 AM,0.00,in,A
09/13/2015 05:29:33 AM,09/13/2015 05:29:55 AM,0.00,in,A
09/12/2015 05:32:26 PM,09/12/2015 05:32:55 PM,0.00,in,A
09/12/2015 05:35:18 AM,09/12/2015 05:35:25 AM,0.00,in,A
09/11/2015 05:38:10 PM,09/11/2015 05:38:25 PM,0.00,in,A
09/11/2015 05:41:03 AM,09/11/2015 05:41:25 AM,0.00,in,A
09/11/2015 12:33:11 AM,09/11/2015 12:33:26 AM,0.04,in,A
09/11/2015 12:04:38 AM,09/11/2015 12:04:56 AM,0.04,in,A
09/10/2015 11:53:47 PM,09/10/2015 11:53:56 PM,0.04,in,A
09/10/2015 11:47:16 PM,09/10/2015 11:47:26 PM,0.04,in,A
09/10/2015 11:37:30 PM,09/10/2015 11:37:56 PM,0.04,in,A
09/10/2015 11:29:58 PM,09/10/2015 11:30:25 PM,0.08,in,A
09/10/2015 11:02:37 PM,09/10/2015 11:02:56 PM,0.04,in,A
09/10/2015 10:47:50 PM,09/10/2015 10:47:56 PM,0.08,in,A
09/10/2015 10:13:36 PM,09/10/2015 10:13:56 PM,0.04,in,A
09/10/2015 10:06:26 PM,09/10/2015 10:06:56 PM,0.04,in,A
09/10/2015 10:00:43 PM,09/10/2015 10:00:56 PM,0.04,in,A
09/10/2015 09:56:25 PM,09/10/2015 09:56:56 PM,0.04,in,A
09/10/2015 09:38:42 PM,09/10/2015 09:38:57 PM,0.04,in,A
09/10/2015 05:43:55 PM,09/10/2015 05:44:25 PM,0.00,in,A
09/10/2015 06:03:00 AM,09/10/2015 06:03:25 AM,0.04,in,A
09/10/2015 05:46:48 AM,09/10/2015 05:46:55 AM,0.00,in,A
09/10/2015 05:42:18 AM,09/10/2015 05:42:26 AM,0.04,in,A
09/10/2015 05:39:51 AM,09/10/2015 05:39:56 AM,0.04,in,A
09/09/2015 05:49:40 PM,09/09/2015 05:49:55 PM,0.00,in,A
09/09/2015 05:52:33 AM,09/09/2015 05:52:55 AM,0.00,in,A
09/08/2015 05:55:25 PM,09/08/2015 05:55:55 PM,0.00,in,A
09/08/2015 05:58:18 AM,09/08/2015 05:58:25 AM,0.00,in,A
09/08/2015 05:10:32 AM,09/08/2015 05:10:55 AM,0.04,in,A
09/08/2015 05:04:28 AM,09/08/2015 05:04:55 AM,0.04,in,A
09/07/2015 10:59:52 PM,09/07/2015 10:59:55 PM,0.08,in,A
09/07/2015 06:01:10 PM,09/07/2015 06:01:25 PM,0.00,in,A
09/07/2015 11:37:02 AM,09/07/2015 11:37:25 AM,0.04,in,A
09/07/2015 10:10:21 AM,09/07/2015 10:10:26 AM,0.04,in,A
09/07/2015 09:41:27 AM,09/07/2015 09:41:55 AM,0.04,in,A
09/07/2015 09:37:40 AM,09/07/2015 09:37:55 AM,0.04,in,A
09/07/2015 08:43:00 AM,09/07/2015 08:43:25 AM,0.04,in,A
09/07/2015 08:03:33 AM,09/07/2015 08:03:56 AM,0.04,in,A
09/07/2015 06:04:03 AM,09/07/2015 06:04:25 AM,0.00,in,A
09/06/2015 06:06:55 PM,09/06/2015 06:07:25 PM,0.00,in,A
09/05/2015 06:12:40 PM,09/05/2015 06:12:55 PM,0.00,in,A
09/05/2015 06:15:32 AM,09/05/2015 06:15:55 AM,0.00,in,A
09/04/2015 06:18:25 PM,09/04/2015 06:18:55 PM,0.00,in,A
09/04/2015 06:21:17 AM,09/04/2015 06:21:25 AM,0.00,in,A
09/03/2015 06:24:10 PM,09/03/2015 06:24:25 PM,0.00,in,A
09/03/2015 06:27:02 AM,09/03/2015 06:27:25 AM,0.00,in,A
09/02/2015 06:29:55 PM,09/02/2015 06:29:55 PM,0.00,in,A
09/02/2015 06:32:47 AM,09/02/2015 06:32:55 AM,0.00,in,A
09/01/2015 06:35:39 PM,09/01/2015 06:35:55 PM,0.00,in,A
09/01/2015 06:38:32 AM,09/01/2015 06:38:55 AM,0.00,in,A
08/31/2015 06:44:17 AM,08/31/2015 06:44:25 AM,0.00,in,A
08/30/2015 06:47:09 PM,08/30/2015 06:47:25 PM,0.00,in,A
08/30/2015 06:50:02 AM,08/30/2015 06:50:25 AM,0.00,in,A
08/29/2015 06:52:54 PM,08/29/2015 06:52:55 PM,0.00,in,A
08/29/2015 06:55:47 AM,08/29/2015 06:55:55 AM,0.00,in,A
08/28/2015 06:58:39 PM,08/28/2015 06:58:55 PM,0.00,in,A
08/28/2015 07:01:32 AM,08/28/2015 07:01:55 AM,0.00,in,A
08/27/2015 07:04:24 PM,08/27/2015 07:04:25 PM,0.00,in,A
08/27/2015 03:58:39 PM,08/27/2015 03:58:55 PM,0.04,in,A
08/27/2015 02:08:46 PM,08/27/2015 02:08:56 PM,0.04,in,A
08/27/2015 01:45:32 PM,08/27/2015 01:45:55 PM,0.04,in,A
08/27/2015 01:41:21 PM,08/27/2015 01:41:27 PM,0.04,in,A
08/27/2015 01:37:34 PM,08/27/2015 01:37:56 PM,0.04,in,A
08/27/2015 09:45:37 AM,08/27/2015 09:45:55 AM,0.04,in,A
08/27/2015 09:34:28 AM,08/27/2015 09:34:55 AM,0.04,in,A
08/27/2015 09:30:56 AM,08/27/2015 09:31:25 AM,0.04,in,A
08/27/2015 09:29:42 AM,08/27/2015 09:29:56 AM,0.04,in,A
08/27/2015 09:28:38 AM,08/27/2015 09:28:56 AM,0.04,in,A
08/27/2015 09:27:15 AM,08/27/2015 09:27:25 AM,0.08,in,A
08/27/2015 09:25:22 AM,08/27/2015 09:25:25 AM,0.04,in,A
08/27/2015 09:24:29 AM,08/27/2015 09:24:55 AM,0.04,in,A
08/27/2015 09:23:40 AM,08/27/2015 09:23:55 AM,0.04,in,A
08/27/2015 09:23:04 AM,08/27/2015 09:23:25 AM,0.04,in,A
08/27/2015 09:22:32 AM,08/27/2015 09:22:55 AM,0.04,in,A
08/27/2015 09:21:45 AM,08/27/2015 09:21:56 AM,0.04,in,A
08/27/2015 09:20:37 AM,08/27/2015 09:20:56 AM,0.04,in,A
08/27/2015 09:19:08 AM,08/27/2015 09:19:25 AM,0.08,in,A
08/27/2015 09:17:10 AM,08/27/2015 09:17:25 AM,0.04,in,A
08/27/2015 09:16:15 AM,08/27/2015 09:16:26 AM,0.04,in,A
08/27/2015 09:15:25 AM,08/27/2015 09:15:55 AM,0.04,in,A
08/27/2015 09:14:24 AM,08/27/2015 09:14:26 AM,0.04,in,A
08/27/2015 09:13:09 AM,08/27/2015 09:13:26 AM,0.08,in,A
08/27/2015 09:10:02 AM,08/27/2015 09:10:25 AM,0.08,in,A
08/27/2015 09:00:57 AM,08/27/2015 09:01:25 AM,0.04,in,A
08/27/2015 07:57:31 AM,08/27/2015 07:57:55 AM,0.04,in,A
08/27/2015 07:07:17 AM,08/27/2015 07:07:25 AM,0.00,in,A
08/26/2015 07:10:09 PM,08/26/2015 07:10:25 PM,0.00,in,A
08/26/2015 07:13:01 AM,08/26/2015 07:13:25 AM,0.00,in,A
08/25/2015 07:15:54 PM,08/25/2015 07:15:55 PM,0.00,in,A
08/25/2015 07:18:46 AM,08/25/2015 07:18:55 AM,0.00,in,A
08/24/2015 07:21:39 PM,08/24/2015 07:21:55 PM,0.00,in,A
08/24/2015 07:24:31 AM,08/24/2015 07:24:55 AM,0.00,in,A
08/23/2015 07:27:23 PM,08/23/2015 07:27:25 PM,0.00,in,A
08/23/2015 07:30:16 AM,08/23/2015 07:30:25 AM,0.04,in,A
08/23/2015 02:12:59 AM,08/23/2015 02:13:25 AM,0.04,in,A
08/22/2015 07:33:08 PM,08/22/2015 07:33:25 PM,0.00,in,A
08/22/2015 07:36:01 AM,08/22/2015 07:36:25 AM,0.00,in,A
08/21/2015 07:38:53 PM,08/21/2015 07:38:55 PM,0.00,in,A
08/21/2015 07:41:46 AM,08/21/2015 07:41:55 AM,0.00,in,A
08/20/2015 07:44:38 PM,08/20/2015 07:44:55 PM,0.00,in,A
08/20/2015 07:47:31 AM,08/20/2015 07:47:55 AM,0.00,in,A
08/19/2015 07:50:23 PM,08/19/2015 07:50:25 PM,0.00,in,A
08/19/2015 07:53:16 AM,08/19/2015 07:53:25 AM,0.00,in,A
08/18/2015 08:14:18 PM,08/18/2015 08:14:26 PM,0.04,in,A
08/18/2015 07:56:08 PM,08/18/2015 07:56:25 PM,0.00,in,A
08/18/2015 07:55:01 PM,08/18/2015 07:55:25 PM,0.08,in,A
08/18/2015 07:19:45 PM,08/18/2015 07:19:56 PM,0.12,in,A
08/18/2015 07:17:18 PM,08/18/2015 07:17:26 PM,0.04,in,A
08/18/2015 07:16:52 PM,08/18/2015 07:16:56 PM,0.04,in,A
08/18/2015 07:16:40 PM,08/18/2015 07:16:56 PM,0.04,in,A
08/18/2015 07:16:19 PM,08/18/2015 07:16:26 PM,0.04,in,A
08/18/2015 07:15:58 PM,08/18/2015 07:16:25 PM,0.04,in,A
08/18/2015 07:15:36 PM,08/18/2015 07:15:56 PM,0.04,in,A
08/18/2015 07:15:15 PM,08/18/2015 07:15:26 PM,0.04,in,A
08/18/2015 07:14:53 PM,08/18/2015 07:14:56 PM,0.04,in,A
08/18/2015 07:14:25 PM,08/18/2015 07:14:55 PM,0.04,in,A
08/18/2015 07:12:56 PM,08/18/2015 07:13:25 PM,0.04,in,A
08/18/2015 02:17:39 PM,08/18/2015 02:17:55 PM,0.04,in,A
08/18/2015 02:01:33 PM,08/18/2015 02:01:55 PM,0.04,in,A
08/18/2015 01:14:47 PM,08/18/2015 01:14:56 PM,0.04,in,A
08/18/2015 12:55:04 PM,08/18/2015 12:55:25 PM,0.04,in,A
08/18/2015 12:53:24 PM,08/18/2015 12:53:26 PM,0.04,in,A
08/18/2015 12:52:36 PM,08/18/2015 12:52:55 PM,0.08,in,A
08/18/2015 12:51:06 PM,08/18/2015 12:51:26 PM,0.04,in,A
08/18/2015 12:50:31 PM,08/18/2015 12:50:56 PM,0.08,in,A
08/18/2015 12:23:47 PM,08/18/2015 12:23:55 PM,0.04,in,A
08/18/2015 12:10:43 PM,08/18/2015 12:10:55 PM,0.04,in,A
08/18/2015 12:00:45 PM,08/18/2015 12:00:56 PM,0.04,in,A
08/18/2015 11:57:55 AM,08/18/2015 11:57:56 AM,0.04,in,A
08/18/2015 11:54:07 AM,08/18/2015 11:54:26 AM,0.04,in,A
08/18/2015 11:50:57 AM,08/18/2015 11:51:25 AM,0.04,in,A
08/18/2015 11:49:36 AM,08/18/2015 11:49:55 AM,0.04,in,A
08/18/2015 11:27:36 AM,08/18/2015 11:27:55 AM,0.04,in,A
08/18/2015 11:08:15 AM,08/18/2015 11:08:25 AM,0.04,in,A
08/18/2015 07:59:00 AM,08/18/2015 07:59:25 AM,0.00,in,A
08/18/2015 07:31:05 AM,08/18/2015 07:31:25 AM,0.04,in,A
08/17/2015 08:01:53 PM,08/17/2015 08:01:55 PM,0.00,in,A
08/17/2015 08:04:45 AM,08/17/2015 08:04:55 AM,0.00,in,A
08/16/2015 08:07:38 PM,08/16/2015 08:07:55 PM,0.00,in,A
08/16/2015 08:10:30 AM,08/16/2015 08:10:55 AM,0.00,in,A
08/15/2015 08:13:23 PM,08/15/2015 08:13:25 PM,0.00,in,A
08/15/2015 08:16:15 AM,08/15/2015 08:16:25 AM,0.00,in,A
08/14/2015 08:19:08 PM,08/14/2015 08:19:25 PM,0.00,in,A
08/14/2015 08:22:00 AM,08/14/2015 08:22:25 AM,0.00,in,A
08/13/2015 08:24:52 PM,08/13/2015 08:24:55 PM,0.00,in,A
08/13/2015 08:27:45 AM,08/13/2015 08:27:55 AM,0.00,in,A
08/12/2015 08:30:37 PM,08/12/2015 08:30:55 PM,0.00,in,A
08/12/2015 08:33:30 AM,08/12/2015 08:33:55 AM,0.00,in,A
08/11/2015 08:36:22 PM,08/11/2015 08:36:25 PM,0.00,in,A
08/11/2015 08:39:15 AM,08/11/2015 08:39:25 AM,0.00,in,A
08/10/2015 08:42:07 PM,08/10/2015 08:42:25 PM,0.00,in,A
08/10/2015 08:44:59 AM,08/10/2015 08:45:25 AM,0.00,in,A
08/10/2015 04:21:56 AM,08/10/2015 04:22:25 AM,0.04,in,A
08/10/2015 04:20:58 AM,08/10/2015 04:21:25 AM,0.04,in,A
08/10/2015 04:20:20 AM,08/10/2015 04:20:25 AM,0.04,in,A
08/10/2015 04:18:37 AM,08/10/2015 04:18:55 AM,0.04,in,A
08/10/2015 04:16:03 AM,08/10/2015 04:16:25 AM,0.04,in,A
08/10/2015 04:14:37 AM,08/10/2015 04:14:55 AM,0.04,in,A
08/10/2015 04:13:54 AM,08/10/2015 04:13:56 AM,0.04,in,A
08/09/2015 08:47:52 PM,08/09/2015 08:47:55 PM,0.00,in,A
08/08/2015 08:53:37 PM,08/08/2015 08:53:55 PM,0.00,in,A
08/08/2015 08:56:29 AM,08/08/2015 08:56:55 AM,0.00,in,A
08/08/2015 08:30:54 AM,08/08/2015 08:30:55 AM,0.04,in,A
08/08/2015 08:17:44 AM,08/08/2015 08:17:55 AM,0.04,in,A
08/07/2015 08:59:22 PM,08/07/2015 08:59:25 PM,0.00,in,A
08/07/2015 09:02:14 AM,08/07/2015 09:02:25 AM,0.00,in,A
08/06/2015 09:05:07 PM,08/06/2015 09:05:25 PM,0.00,in,A
08/06/2015 09:07:59 AM,08/06/2015 09:08:25 AM,0.00,in,A
08/05/2015 09:10:52 PM,08/05/2015 09:10:55 PM,0.00,in,A
08/05/2015 09:13:44 AM,08/05/2015 09:13:55 AM,0.00,in,A
08/04/2015 09:16:37 PM,08/04/2015 09:16:55 PM,0.00,in,A
08/04/2015 07:50:33 PM,08/04/2015 07:50:55 PM,0.04,in,A
08/04/2015 07:29:44 PM,08/04/2015 07:29:55 PM,0.04,in,A
08/04/2015 07:10:55 PM,08/04/2015 07:11:25 PM,0.04,in,A
08/04/2015 07:05:11 PM,08/04/2015 07:05:25 PM,0.04,in,A
08/04/2015 06:54:03 PM,08/04/2015 06:54:25 PM,0.04,in,A
08/04/2015 06:38:34 PM,08/04/2015 06:38:55 PM,0.04,in,A
08/04/2015 06:24:16 PM,08/04/2015 06:24:25 PM,0.04,in,A
08/04/2015 06:07:06 PM,08/04/2015 06:07:25 PM,0.04,in,A
08/04/2015 05:16:48 PM,08/04/2015 05:16:56 PM,0.04,in,A
08/04/2015 05:09:27 PM,08/04/2015 05:09:55 PM,0.08,in,A
08/04/2015 05:01:13 PM,08/04/2015 05:01:25 PM,0.04,in,A
08/04/2015 04:58:48 PM,08/04/2015 04:58:58 PM,0.04,in,A
08/04/2015 04:57:32 PM,08/04/2015 04:57:55 PM,0.04,in,A
08/04/2015 09:19:29 AM,08/04/2015 09:19:55 AM,0.00,in,A
08/03/2015 09:22:21 PM,08/03/2015 09:22:25 PM,0.00,in,A
08/03/2015 09:25:14 AM,08/03/2015 09:25:25 AM,0.00,in,A
08/02/2015 09:28:06 PM,08/02/2015 09:28:25 PM,0.00,in,A
08/02/2015 09:30:59 AM,08/02/2015 09:31:25 AM,0.00,in,A
08/01/2015 09:33:51 PM,08/01/2015 09:33:55 PM,0.00,in,A
08/01/2015 09:36:44 AM,08/01/2015 09:36:55 AM,0.00,in,A
07/31/2015 09:39:36 PM,07/31/2015 09:39:55 PM,0.00,in,A
07/31/2015 09:42:29 AM,07/31/2015 09:42:55 AM,0.00,in,A
07/30/2015 09:45:21 PM,07/30/2015 09:45:25 PM,0.00,in,A
07/30/2015 09:48:13 AM,07/30/2015 09:48:25 AM,0.00,in,A
07/29/2015 09:51:06 PM,07/29/2015 09:51:25 PM,0.00,in,A
07/29/2015 09:53:58 AM,07/29/2015 09:54:25 AM,0.00,in,A
07/29/2015 07:38:59 AM,07/29/2015 07:39:25 AM,0.04,in,A
07/29/2015 07:15:47 AM,07/29/2015 07:15:56 AM,0.04,in,A
07/29/2015 05:10:17 AM,07/29/2015 05:10:25 AM,0.04,in,A
07/29/2015 03:51:37 AM,07/29/2015 03:51:55 AM,0.04,in,A
07/29/2015 03:49:11 AM,07/29/2015 03:49:25 AM,0.04,in,A
07/29/2015 03:47:52 AM,07/29/2015 03:47:56 AM,0.04,in,A
07/29/2015 03:46:30 AM,07/29/2015 03:46:55 AM,0.04,in,A
07/29/2015 03:45:13 AM,07/29/2015 03:45:25 AM,0.04,in,A
07/29/2015 03:43:38 AM,07/29/2015 03:43:56 AM,0.04,in,A
07/28/2015 09:56:51 PM,07/28/2015 09:56:55 PM,0.00,in,A
07/28/2015 09:59:43 AM,07/28/2015 09:59:55 AM,0.00,in,A
07/27/2015 10:02:36 PM,07/27/2015 10:02:55 PM,0.00,in,A
07/27/2015 10:05:28 AM,07/27/2015 02:54:08 PM,0.00,in,A
07/26/2015 10:08:21 PM,07/27/2015 02:54:08 PM,0.00,in,A
07/26/2015 10:11:13 AM,07/27/2015 02:54:08 PM,0.00,in,A
07/25/2015 10:14:06 PM,07/27/2015 02:54:08 PM,0.00,in,A
07/25/2015 10:16:58 AM,07/27/2015 02:54:08 PM,0.00,in,A
07/24/2015 10:19:50 PM,07/27/2015 02:54:08 PM,0.00,in,A
07/24/2015 10:22:43 AM,07/27/2015 02:54:08 PM,0.00,in,A
07/23/2015 10:25:35 PM,07/27/2015 02:54:08 PM,0.00,in,A
07/23/2015 10:28:28 AM,07/27/2015 02:54:08 PM,0.00,in,A
07/22/2015 10:31:20 PM,07/27/2015 02:54:07 PM,0.00,in,A
07/22/2015 10:34:13 AM,07/27/2015 02:54:07 PM,0.00,in,A
07/21/2015 10:37:05 PM,07/27/2015 02:54:07 PM,0.00,in,A
07/21/2015 10:39:58 AM,07/27/2015 02:54:07 PM,0.00,in,A
07/20/2015 10:42:50 PM,07/27/2015 02:54:07 PM,0.00,in,A
07/20/2015 10:45:42 AM,07/27/2015 02:54:07 PM,0.00,in,A
07/20/2015 07:35:17 AM,07/27/2015 02:54:07 PM,0.04,in,A
07/20/2015 07:33:16 AM,07/27/2015 02:54:07 PM,0.04,in,A
07/20/2015 07:11:15 AM,07/27/2015 02:54:07 PM,0.08,in,A
07/20/2015 06:46:23 AM,07/27/2015 02:54:07 PM,0.04,in,A
07/20/2015 06:44:01 AM,07/27/2015 02:54:07 PM,0.04,in,A
07/20/2015 06:32:02 AM,07/27/2015 02:54:07 PM,0.04,in,A
07/20/2015 05:38:29 AM,07/27/2015 02:54:07 PM,0.04,in,A
07/20/2015 05:35:41 AM,07/27/2015 02:54:06 PM,0.04,in,A
07/20/2015 05:31:24 AM,07/27/2015 02:54:06 PM,0.04,in,A
07/20/2015 05:29:25 AM,07/27/2015 02:54:06 PM,0.04,in,A
07/20/2015 05:28:02 AM,07/27/2015 02:54:06 PM,0.04,in,A
07/20/2015 05:27:00 AM,07/27/2015 02:54:06 PM,0.04,in,A
07/20/2015 05:25:23 AM,07/27/2015 02:54:06 PM,0.04,in,A
07/20/2015 05:21:53 AM,07/27/2015 02:54:06 PM,0.04,in,A
07/20/2015 05:20:32 AM,07/27/2015 02:54:06 PM,0.04,in,A
07/20/2015 05:17:07 AM,07/27/2015 02:54:06 PM,0.04,in,A
07/20/2015 05:14:07 AM,07/27/2015 02:54:06 PM,0.04,in,A
07/20/2015 05:10:11 AM,07/27/2015 02:54:06 PM,0.04,in,A
07/20/2015 05:07:25 AM,07/27/2015 02:54:06 PM,0.04,in,A
07/20/2015 05:04:50 AM,07/27/2015 02:54:05 PM,0.08,in,A
07/20/2015 05:01:20 AM,07/27/2015 02:54:05 PM,0.12,in,AN
07/20/2015 04:48:55 AM,07/27/2015 02:54:05 PM,0.08,in,A
07/20/2015 04:46:17 AM,07/27/2015 02:54:05 PM,0.04,in,A
07/20/2015 04:45:23 AM,07/27/2015 02:54:05 PM,0.04,in,A
07/20/2015 04:44:31 AM,07/27/2015 02:54:05 PM,0.04,in,A
07/20/2015 04:43:45 AM,07/27/2015 02:54:05 PM,0.04,in,A
07/20/2015 04:43:14 AM,07/27/2015 02:54:05 PM,0.04,in,A
07/20/2015 04:42:46 AM,07/27/2015 02:54:04 PM,0.04,in,A
07/20/2015 04:42:20 AM,07/27/2015 02:54:04 PM,0.08,in,A
07/20/2015 04:39:32 AM,07/27/2015 02:54:04 PM,0.08,in,A
07/20/2015 04:35:50 AM,07/27/2015 02:54:04 PM,0.12,in,A
07/20/2015 04:29:34 AM,07/27/2015 02:54:04 PM,0.04,in,A
07/19/2015 10:48:35 PM,07/27/2015 02:54:04 PM,0.00,in,A
07/19/2015 10:51:27 AM,07/27/2015 02:54:04 PM,0.00,in,A
07/18/2015 10:54:20 PM,07/27/2015 02:54:04 PM,0.00,in,A
07/18/2015 10:57:12 AM,07/27/2015 02:54:03 PM,0.00,in,A
07/17/2015 11:00:05 PM,07/27/2015 02:54:03 PM,0.00,in,A
07/17/2015 11:02:57 AM,07/27/2015 02:54:03 PM,0.00,in,A
07/16/2015 11:05:50 PM,07/27/2015 02:54:03 PM,0.00,in,A
07/16/2015 11:08:42 AM,07/27/2015 02:54:03 PM,0.00,in,A
07/15/2015 11:11:35 PM,07/27/2015 02:54:03 PM,0.00,in,A
07/15/2015 11:14:27 AM,07/27/2015 02:54:03 PM,0.00,in,A
07/15/2015 09:43:56 AM,07/27/2015 02:54:03 PM,0.04,in,A
07/15/2015 09:40:10 AM,07/27/2015 02:54:03 PM,0.04,in,A
07/14/2015 11:17:20 PM,07/27/2015 02:54:03 PM,0.00,in,A
07/14/2015 11:20:12 AM,07/27/2015 02:54:03 PM,0.00,in,A
07/13/2015 11:23:05 PM,07/27/2015 02:54:03 PM,0.00,in,A
07/13/2015 11:25:57 AM,07/27/2015 02:54:03 PM,0.00,in,A
07/12/2015 11:28:50 PM,07/27/2015 02:54:03 PM,0.00,in,A
07/12/2015 11:31:42 AM,07/27/2015 02:54:02 PM,0.00,in,A
07/11/2015 11:34:35 PM,07/27/2015 02:54:02 PM,0.00,in,A
07/11/2015 11:37:27 AM,07/27/2015 02:54:02 PM,0.00,in,A
07/10/2015 11:40:19 PM,07/27/2015 02:54:02 PM,0.00,in,A
07/10/2015 08:37:00 PM,07/27/2015 02:54:02 PM,0.04,in,A
07/10/2015 08:18:26 PM,07/27/2015 02:54:02 PM,0.04,in,A
07/10/2015 07:55:32 PM,07/27/2015 02:54:02 PM,0.04,in,A
07/10/2015 07:35:00 PM,07/27/2015 02:54:02 PM,0.04,in,A
07/10/2015 07:27:13 PM,07/27/2015 02:54:02 PM,0.08,in,A
07/10/2015 07:24:38 PM,07/27/2015 02:54:02 PM,0.04,in,A
07/10/2015 07:23:40 PM,07/27/2015 02:54:02 PM,0.04,in,A
07/10/2015 07:22:41 PM,07/27/2015 02:54:02 PM,0.04,in,A
07/10/2015 07:21:28 PM,07/27/2015 02:54:01 PM,0.04,in,A
07/10/2015 07:19:39 PM,07/27/2015 02:54:01 PM,0.04,in,A
07/10/2015 07:17:42 PM,07/27/2015 02:54:01 PM,0.04,in,A
07/10/2015 07:15:58 PM,07/27/2015 02:54:01 PM,0.04,in,A
07/10/2015 07:12:28 PM,07/27/2015 02:54:01 PM,0.04,in,A
07/10/2015 07:00:58 PM,07/27/2015 02:54:01 PM,0.04,in,A
07/10/2015 11:43:12 AM,07/27/2015 02:54:01 PM,0.00,in,A
07/09/2015 11:46:04 PM,07/27/2015 02:54:01 PM,0.00,in,A
07/09/2015 11:48:57 AM,07/27/2015 02:54:01 PM,0.00,in,A
07/08/2015 11:51:49 PM,07/27/2015 02:54:01 PM,0.00,in,A
07/08/2015 01:56:17 PM,07/27/2015 02:54:01 PM,0.08,in,A
07/08/2015 12:08:46 PM,07/27/2015 02:54:01 PM,0.04,in,A
07/08/2015 11:54:42 AM,07/27/2015 02:54:01 PM,0.00,in,A
07/08/2015 11:52:45 AM,07/27/2015 02:54:01 PM,0.04,in,A
07/08/2015 10:33:40 AM,07/27/2015 02:54:00 PM,0.04,in,A
07/08/2015 10:08:00 AM,07/27/2015 02:54:00 PM,0.04,in,A
07/08/2015 09:52:09 AM,07/27/2015 02:54:00 PM,0.04,in,A
07/08/2015 09:19:18 AM,07/27/2015 02:54:00 PM,0.04,in,A
07/08/2015 08:35:32 AM,07/27/2015 02:54:00 PM,0.04,in,A
07/08/2015 07:58:08 AM,07/27/2015 02:54:00 PM,0.04,in,A
07/08/2015 07:39:00 AM,07/27/2015 02:54:00 PM,0.04,in,A
07/08/2015 07:31:46 AM,07/27/2015 02:54:00 PM,0.04,in,A
07/08/2015 07:13:15 AM,07/27/2015 02:54:00 PM,0.04,in,A
07/08/2015 03:59:14 AM,07/27/2015 02:54:00 PM,0.04,in,A
07/08/2015 02:08:24 AM,07/27/2015 02:54:00 PM,0.04,in,A
07/07/2015 11:58:30 PM,07/27/2015 02:54:00 PM,0.04,in,A
07/07/2015 11:57:34 PM,07/27/2015 02:53:59 PM,0.04,in,A
07/07/2015 10:08:39 PM,07/27/2015 02:53:59 PM,0.04,in,A
07/07/2015 09:14:18 PM,07/27/2015 02:53:59 PM,0.04,in,A
07/07/2015 08:11:55 PM,07/27/2015 02:53:59 PM,0.04,in,A
07/07/2015 12:00:27 PM,07/27/2015 02:53:59 PM,0.00,in,A
07/07/2015 04:57:06 AM,07/27/2015 02:53:59 PM,0.04,in,A
07/07/2015 04:02:34 AM,07/27/2015 02:53:59 PM,0.08,in,A
07/07/2015 02:56:35 AM,07/27/2015 02:53:59 PM,0.04,in,A
07/07/2015 02:47:59 AM,07/27/2015 02:53:59 PM,0.04,in,A
07/07/2015 02:14:43 AM,07/27/2015 02:53:59 PM,0.04,in,A
07/07/2015 02:07:19 AM,07/27/2015 02:53:59 PM,0.08,in,A
07/07/2015 01:20:19 AM,07/27/2015 02:53:59 PM,0.04,in,A
07/07/2015 01:02:13 AM,07/27/2015 02:53:59 PM,0.04,in,A
07/07/2015 12:03:19 AM,07/27/2015 02:53:58 PM,0.00,in,A
07/06/2015 10:01:45 PM,07/27/2015 02:53:58 PM,0.04,in,A
07/06/2015 08:04:27 PM,07/27/2015 02:53:58 PM,0.04,in,A
07/06/2015 07:49:15 PM,07/27/2015 02:53:58 PM,0.04,in,A
07/06/2015 07:34:10 PM,07/27/2015 02:53:58 PM,0.08,in,AN
07/06/2015 06:08:25 PM,07/27/2015 02:53:58 PM,0.04,in,A
07/06/2015 06:07:46 PM,07/27/2015 02:53:58 PM,0.08,in,A
07/06/2015 06:06:09 PM,07/27/2015 02:53:58 PM,0.08,in,A
07/06/2015 06:04:42 PM,07/27/2015 02:53:58 PM,0.04,in,A
07/06/2015 06:03:58 PM,07/27/2015 02:53:58 PM,0.04,in,A
07/06/2015 06:03:12 PM,07/27/2015 02:53:58 PM,0.08,in,A
07/06/2015 06:01:17 PM,07/27/2015 02:53:57 PM,0.04,in,A
07/06/2015 12:06:12 PM,07/27/2015 02:53:57 PM,0.00,in,A
07/06/2015 12:09:04 AM,07/27/2015 02:53:57 PM,0.00,in,A
07/05/2015 12:11:57 PM,07/27/2015 02:53:57 PM,0.00,in,A
07/05/2015 12:14:49 AM,07/27/2015 02:53:57 PM,0.00,in,A
07/04/2015 12:17:42 PM,07/27/2015 02:53:57 PM,0.00,in,A
07/04/2015 12:20:34 AM,07/27/2015 02:53:57 PM,0.00,in,A
07/03/2015 12:23:26 PM,07/27/2015 02:53:57 PM,0.00,in,A
07/03/2015 10:50:24 AM,07/27/2015 02:53:57 PM,0.04,in,A
07/03/2015 12:26:19 AM,07/27/2015 02:53:57 PM,0.00,in,A
07/02/2015 12:29:11 PM,07/27/2015 02:53:57 PM,0.00,in,A
07/02/2015 12:32:04 AM,07/27/2015 02:53:57 PM,0.00,in,A
07/01/2015 12:34:56 PM,07/27/2015 02:53:57 PM,0.00,in,A
07/01/2015 07:14:13 AM,07/27/2015 02:53:57 PM,0.04,in,A
07/01/2015 06:39:36 AM,07/27/2015 02:53:56 PM,0.04,in,A
07/01/2015 06:18:41 AM,07/27/2015 02:53:56 PM,0.04,in,A
07/01/2015 05:54:51 AM,07/27/2015 02:53:56 PM,0.04,in,A
07/01/2015 04:47:27 AM,07/27/2015 02:53:56 PM,0.04,in,A
07/01/2015 01:50:08 AM,07/27/2015 02:53:56 PM,0.04,in,A
07/01/2015 01:43:14 AM,07/27/2015 02:53:56 PM,0.08,in,A
07/01/2015 01:40:15 AM,07/27/2015 02:53:56 PM,0.04,in,A
07/01/2015 12:37:49 AM,07/27/2015 02:53:56 PM,0.00,in,A
06/30/2015 12:40:42 PM,07/27/2015 02:53:56 PM,0.00,in,A
06/30/2015 12:43:35 AM,07/27/2015 02:53:56 PM,0.00,in,A
06/29/2015 12:46:27 PM,07/27/2015 02:53:56 PM,0.00,in,A
06/29/2015 12:49:20 AM,07/27/2015 02:53:56 PM,0.00,in,A
06/28/2015 12:52:12 PM,07/27/2015 02:53:56 PM,0.00,in,A
06/27/2015 12:57:57 PM,07/27/2015 02:53:55 PM,0.00,in,A
06/27/2015 01:00:49 AM,07/27/2015 02:53:55 PM,0.00,in,A
06/26/2015 06:40:36 AM,07/27/2015 02:53:55 PM,0.04,in,A
06/26/2015 05:52:32 AM,07/27/2015 02:53:55 PM,0.04,in,A
06/26/2015 05:41:33 AM,07/27/2015 02:53:55 PM,0.04,in,A
06/26/2015 05:28:02 AM,07/27/2015 02:53:55 PM,0.04,in,A
06/26/2015 05:18:20 AM,07/27/2015 02:53:55 PM,0.04,in,A
06/26/2015 04:52:30 AM,07/27/2015 02:53:55 PM,0.08,in,A
06/26/2015 03:40:08 AM,07/27/2015 02:53:55 PM,0.04,in,A
06/26/2015 03:16:52 AM,07/27/2015 02:53:55 PM,0.04,in,A
06/26/2015 02:40:47 AM,07/27/2015 02:53:54 PM,0.04,in,A
06/26/2015 02:32:52 AM,07/27/2015 02:53:54 PM,0.04,in,A
06/26/2015 02:30:18 AM,07/27/2015 02:53:54 PM,0.04,in,A
06/26/2015 02:28:39 AM,07/27/2015 02:53:54 PM,0.04,in,A
06/26/2015 02:26:58 AM,07/27/2015 02:53:54 PM,0.08,in,A
06/26/2015 02:23:55 AM,07/27/2015 02:53:54 PM,0.04,in,A
06/26/2015 02:22:44 AM,07/27/2015 02:53:54 PM,0.04,in,A
06/26/2015 02:21:23 AM,07/27/2015 02:53:54 PM,0.08,in,A
06/26/2015 02:16:27 AM,07/27/2015 02:53:54 PM,0.12,in,A
06/26/2015 02:13:12 AM,07/27/2015 02:53:54 PM,0.04,in,A
06/26/2015 02:12:23 AM,07/27/2015 02:53:54 PM,0.12,in,A
06/26/2015 02:10:04 AM,07/27/2015 02:53:54 PM,0.04,in,A
06/26/2015 02:09:45 AM,07/27/2015 02:53:54 PM,0.04,in,A
06/26/2015 02:09:25 AM,07/27/2015 02:53:53 PM,0.04,in,A
06/26/2015 02:09:03 AM,07/27/2015 02:53:53 PM,0.04,in,A
06/26/2015 02:08:42 AM,07/27/2015 02:53:53 PM,0.04,in,A
06/26/2015 02:08:19 AM,07/27/2015 02:53:53 PM,0.08,in,A
06/26/2015 02:07:05 AM,07/27/2015 02:53:53 PM,0.04,in,A
06/26/2015 02:06:29 AM,07/27/2015 02:53:53 PM,0.08,in,A
06/26/2015 02:05:26 AM,07/27/2015 02:53:53 PM,0.04,in,A
06/26/2015 02:04:57 AM,07/27/2015 02:53:53 PM,0.04,in,A
06/26/2015 02:04:28 AM,07/27/2015 02:53:53 PM,0.04,in,A
06/26/2015 02:03:54 AM,07/27/2015 02:53:53 PM,0.04,in,A
06/26/2015 02:03:11 AM,07/27/2015 02:53:53 PM,0.04,in,A
06/26/2015 02:02:27 AM,07/27/2015 02:53:53 PM,0.04,in,A
06/26/2015 02:01:44 AM,07/27/2015 02:53:53 PM,0.04,in,A
06/26/2015 02:01:16 AM,07/27/2015 02:53:53 PM,0.04,in,A
06/26/2015 02:00:36 AM,07/27/2015 02:53:52 PM,0.04,in,A
06/26/2015 01:59:56 AM,07/27/2015 02:53:52 PM,0.08,in,A
06/26/2015 01:58:28 AM,07/27/2015 02:53:52 PM,0.08,in,A
06/26/2015 01:56:43 AM,07/27/2015 02:53:52 PM,0.08,in,A
06/26/2015 01:55:05 AM,07/27/2015 02:53:52 PM,0.04,in,A
06/26/2015 01:54:21 AM,07/27/2015 02:53:52 PM,0.04,in,A
06/26/2015 01:53:42 AM,07/27/2015 02:53:52 PM,0.16,in,A
06/26/2015 01:06:34 AM,07/27/2015 02:53:52 PM,0.00,in,A
06/25/2015 01:09:27 PM,07/27/2015 02:53:52 PM,0.00,in,A
06/25/2015 01:12:19 AM,07/27/2015 02:53:52 PM,0.00,in,A
06/24/2015 01:15:12 PM,07/27/2015 02:53:52 PM,0.00,in,A
06/24/2015 01:18:04 AM,07/27/2015 02:53:52 PM,0.00,in,A
06/23/2015 01:20:57 PM,07/27/2015 02:53:51 PM,0.00,in,A
06/23/2015 01:23:49 AM,07/27/2015 02:53:51 PM,0.00,in,A
06/22/2015 01:26:42 PM,07/27/2015 02:53:51 PM,0.00,in,A
06/22/2015 01:29:34 AM,07/27/2015 02:53:51 PM,0.00,in,A
06/21/2015 01:32:27 PM,07/27/2015 02:53:51 PM,0.00,in,A
06/21/2015 01:35:19 AM,07/27/2015 02:53:51 PM,0.00,in,A
06/20/2015 01:38:12 PM,07/27/2015 02:53:51 PM,0.00,in,A
06/20/2015 01:41:04 AM,07/27/2015 02:53:51 PM,0.00,in,A
06/19/2015 01:43:56 PM,07/27/2015 02:53:51 PM,0.00,in,A
06/18/2015 01:49:41 PM,07/27/2015 02:53:51 PM,0.00,in,A
06/18/2015 01:52:34 AM,07/27/2015 02:53:51 PM,0.00,in,A
06/17/2015 01:55:26 PM,07/27/2015 02:53:51 PM,0.00,in,A
06/17/2015 02:14:55 AM,07/27/2015 02:53:50 PM,0.04,in,A
06/17/2015 01:58:19 AM,07/27/2015 02:53:50 PM,0.00,in,A
06/17/2015 01:42:57 AM,07/27/2015 02:53:50 PM,0.04,in,A
06/17/2015 01:39:20 AM,07/27/2015 02:53:50 PM,0.04,in,A
06/17/2015 01:36:48 AM,07/27/2015 02:53:50 PM,0.04,in,A
06/17/2015 01:33:23 AM,07/27/2015 02:53:50 PM,0.04,in,A
06/16/2015 06:20:30 PM,07/27/2015 02:53:50 PM,0.04,in,A
06/16/2015 02:01:11 PM,07/27/2015 02:53:50 PM,0.00,in,A
06/16/2015 02:04:04 AM,07/27/2015 02:53:50 PM,0.00,in,A
06/15/2015 02:06:56 PM,07/27/2015 02:53:50 PM,0.00,in,A
06/15/2015 02:09:49 AM,07/27/2015 02:53:50 PM,0.00,in,A
06/14/2015 06:06:28 PM,07/27/2015 02:53:49 PM,0.04,in,A
06/14/2015 05:59:12 PM,07/27/2015 02:53:49 PM,0.04,in,A
06/14/2015 05:56:16 PM,07/27/2015 02:53:49 PM,0.04,in,A
06/14/2015 02:12:41 PM,07/27/2015 02:53:49 PM,0.00,in,A
06/14/2015 02:15:34 AM,07/27/2015 02:53:49 PM,0.00,in,A
06/13/2015 02:18:26 PM,07/27/2015 02:53:49 PM,0.04,in,A
06/13/2015 01:43:48 PM,07/27/2015 02:53:49 PM,0.04,in,A
06/13/2015 01:25:56 PM,07/27/2015 02:53:49 PM,0.04,in,A
06/13/2015 12:51:09 PM,07/27/2015 02:53:49 PM,0.04,in,A
06/12/2015 02:24:11 PM,07/27/2015 02:53:49 PM,0.00,in,A
06/12/2015 02:27:03 AM,07/27/2015 02:53:49 PM,0.00,in,A
06/11/2015 02:29:56 PM,07/27/2015 02:53:49 PM,0.00,in,A
06/11/2015 02:32:48 AM,07/27/2015 02:53:49 PM,0.00,in,A
06/10/2015 02:35:41 PM,07/27/2015 02:53:49 PM,0.00,in,A
06/10/2015 02:38:33 AM,07/27/2015 02:53:49 PM,0.00,in,A
06/09/2015 02:41:26 PM,07/27/2015 02:53:48 PM,0.00,in,A
06/09/2015 02:44:18 AM,07/27/2015 02:53:48 PM,0.00,in,A
06/08/2015 02:47:11 PM,07/27/2015 02:53:48 PM,0.00,in,A
06/08/2015 02:50:03 AM,07/27/2015 02:53:48 PM,0.00,in,A
06/08/2015 01:59:22 AM,07/27/2015 02:53:48 PM,0.04,in,A
06/08/2015 01:39:22 AM,07/27/2015 02:53:48 PM,0.04,in,A
06/07/2015 11:31:54 PM,07/27/2015 02:53:48 PM,0.04,in,A
06/07/2015 11:30:35 PM,07/27/2015 02:53:48 PM,0.04,in,A
06/07/2015 11:29:09 PM,07/27/2015 02:53:48 PM,0.04,in,A
06/07/2015 02:52:55 PM,07/27/2015 02:53:48 PM,0.00,in,A
06/07/2015 02:55:48 AM,07/27/2015 02:53:48 PM,0.00,in,A
06/06/2015 02:58:40 PM,07/27/2015 02:53:47 PM,0.00,in,A
06/06/2015 03:01:33 AM,07/27/2015 02:53:47 PM,0.00,in,A
06/05/2015 03:04:25 PM,07/27/2015 02:53:47 PM,0.00,in,A
06/05/2015 07:14:00 AM,07/27/2015 02:53:47 PM,0.04,in,A
06/05/2015 06:26:09 AM,07/27/2015 02:53:47 PM,0.04,in,A
06/05/2015 06:10:48 AM,07/27/2015 02:53:47 PM,0.04,in,A
06/05/2015 06:02:29 AM,07/27/2015 02:53:47 PM,0.04,in,A
06/05/2015 05:59:16 AM,07/27/2015 02:53:47 PM,0.04,in,A
06/05/2015 05:52:42 AM,07/27/2015 02:53:47 PM,0.04,in,A
06/05/2015 05:44:12 AM,07/27/2015 02:53:47 PM,0.04,in,A
06/05/2015 05:35:36 AM,07/27/2015 02:53:47 PM,0.04,in,A
06/05/2015 05:27:24 AM,07/27/2015 02:53:46 PM,0.04,in,A
06/05/2015 05:17:46 AM,07/27/2015 02:53:46 PM,0.04,in,A
06/05/2015 05:09:53 AM,07/27/2015 02:53:46 PM,0.04,in,A
06/05/2015 05:04:52 AM,07/27/2015 02:53:46 PM,0.04,in,A
06/05/2015 04:53:13 AM,07/27/2015 02:53:46 PM,0.04,in,A
06/05/2015 04:45:37 AM,07/27/2015 02:53:46 PM,0.04,in,A
06/05/2015 04:39:02 AM,07/27/2015 02:53:46 PM,0.04,in,A
06/05/2015 04:30:02 AM,07/27/2015 02:53:46 PM,0.04,in,A
06/05/2015 04:26:45 AM,07/27/2015 02:53:46 PM,0.08,in,A
06/05/2015 04:24:45 AM,07/27/2015 02:53:46 PM,0.04,in,A
06/05/2015 04:23:47 AM,07/27/2015 02:53:46 PM,0.04,in,A
06/05/2015 04:23:03 AM,07/27/2015 02:53:45 PM,0.04,in,A
06/05/2015 04:22:20 AM,07/27/2015 02:53:45 PM,0.04,in,A
06/05/2015 04:21:28 AM,07/27/2015 02:53:45 PM,0.04,in,A
06/05/2015 04:20:46 AM,07/27/2015 02:53:45 PM,0.04,in,A
06/05/2015 04:19:56 AM,07/27/2015 02:53:45 PM,0.04,in,A
06/05/2015 04:19:12 AM,07/27/2015 02:53:45 PM,0.04,in,A
06/05/2015 04:18:20 AM,07/27/2015 02:53:45 PM,0.04,in,A
06/05/2015 04:17:28 AM,07/27/2015 02:53:45 PM,0.04,in,A
06/05/2015 04:16:34 AM,07/27/2015 02:53:45 PM,0.04,in,A
06/05/2015 04:15:20 AM,07/27/2015 02:53:45 PM,0.04,in,A
06/05/2015 04:13:34 AM,07/27/2015 02:53:44 PM,0.04,in,A
06/05/2015 03:07:18 AM,07/27/2015 02:53:44 PM,0.00,in,A
06/04/2015 11:10:33 PM,07/27/2015 02:53:44 PM,0.04,in,A
06/04/2015 03:10:10 PM,07/27/2015 02:53:44 PM,0.00,in,A
06/04/2015 03:13:03 AM,07/27/2015 02:53:44 PM,0.00,in,A
06/03/2015 04:32:06 PM,07/27/2015 02:53:44 PM,0.04,in,A
06/03/2015 03:15:55 PM,07/27/2015 02:53:44 PM,0.00,in,A
06/03/2015 12:36:06 PM,07/27/2015 02:53:43 PM,0.04,in,A
06/03/2015 12:24:34 PM,07/27/2015 02:53:43 PM,0.04,in,A
06/03/2015 12:22:22 PM,07/27/2015 02:53:43 PM,0.04,in,A
06/03/2015 12:18:02 PM,07/27/2015 02:53:43 PM,0.04,in,A
06/03/2015 12:14:42 PM,07/27/2015 02:53:43 PM,0.04,in,A
06/03/2015 12:14:01 PM,07/27/2015 02:53:43 PM,0.08,in,A
06/03/2015 12:12:11 PM,07/27/2015 02:53:43 PM,0.08,in,A
06/03/2015 12:08:03 PM,07/27/2015 02:53:43 PM,0.04,in,A
06/03/2015 12:06:39 PM,07/27/2015 02:53:43 PM,0.04,in,A
06/03/2015 03:18:48 AM,07/27/2015 02:53:43 PM,0.00,in,A
06/02/2015 03:21:40 PM,07/27/2015 02:53:42 PM,0.00,in,A
06/02/2015 03:24:32 AM,07/27/2015 02:53:42 PM,0.00,in,A
06/01/2015 03:27:25 PM,07/27/2015 02:53:42 PM,0.00,in,A
06/01/2015 03:30:17 AM,07/27/2015 02:53:42 PM,0.00,in,A
05/31/2015 03:33:09 PM,07/27/2015 02:53:42 PM,0.00,in,A
05/31/2015 03:36:02 AM,07/27/2015 02:53:42 PM,0.00,in,A
05/30/2015 03:38:54 PM,07/27/2015 02:53:42 PM,0.00,in,A
05/30/2015 03:41:46 AM,07/27/2015 02:53:41 PM,0.00,in,A
05/29/2015 03:44:39 PM,07/27/2015 02:53:41 PM,0.00,in,A
05/29/2015 03:30:03 PM,07/27/2015 02:53:41 PM,0.04,in,A
05/29/2015 02:18:49 PM,07/27/2015 02:53:41 PM,0.04,in,A
05/29/2015 12:16:17 PM,07/27/2015 02:53:41 PM,0.04,in,A
05/29/2015 07:40:24 AM,07/27/2015 02:53:41 PM,0.04,in,A
05/29/2015 07:12:01 AM,07/27/2015 02:53:41 PM,0.04,in,A
05/29/2015 06:59:42 AM,07/27/2015 02:53:41 PM,0.04,in,A
05/29/2015 06:49:45 AM,07/27/2015 02:53:41 PM,0.04,in,A
05/29/2015 06:37:58 AM,07/27/2015 02:53:41 PM,0.04,in,A
05/29/2015 06:28:55 AM,07/27/2015 02:53:41 PM,0.04,in,A
05/29/2015 06:18:32 AM,07/27/2015 02:53:40 PM,0.04,in,A
05/29/2015 06:09:00 AM,07/27/2015 02:53:40 PM,0.04,in,A
05/29/2015 06:01:16 AM,07/27/2015 02:53:40 PM,0.04,in,A
05/29/2015 03:47:31 AM,07/27/2015 02:53:40 PM,0.00,in,A
05/28/2015 03:50:23 PM,07/27/2015 02:53:40 PM,0.00,in,A
05/28/2015 01:48:58 PM,07/27/2015 02:53:40 PM,0.04,in,A
05/28/2015 03:53:16 AM,07/27/2015 02:53:40 PM,0.00,in,A
05/27/2015 03:56:08 PM,07/27/2015 02:53:40 PM,0.00,in,A
05/27/2015 03:59:01 AM,07/27/2015 02:53:40 PM,0.00,in,A
05/26/2015 04:01:53 PM,07/27/2015 02:53:40 PM,0.00,in,A
05/26/2015 05:06:43 AM,07/27/2015 02:53:40 PM,0.04,in,A
05/26/2015 04:31:11 AM,07/27/2015 02:53:40 PM,0.04,in,A
05/26/2015 04:23:16 AM,07/27/2015 02:53:40 PM,0.04,in,A
05/26/2015 04:04:45 AM,07/27/2015 02:53:40 PM,0.00,in,A
05/26/2015 03:55:19 AM,07/27/2015 02:53:39 PM,0.04,in,A
05/26/2015 03:13:20 AM,07/27/2015 02:53:39 PM,0.04,in,A
05/26/2015 03:03:24 AM,07/27/2015 02:53:39 PM,0.04,in,A
05/26/2015 02:59:58 AM,07/27/2015 02:53:39 PM,0.04,in,A
05/26/2015 02:55:33 AM,07/27/2015 02:53:39 PM,0.04,in,A
05/26/2015 02:42:12 AM,07/27/2015 02:53:39 PM,0.04,in,A
05/26/2015 02:07:48 AM,07/27/2015 02:53:39 PM,0.04,in,A
05/26/2015 01:58:13 AM,07/27/2015 02:53:39 PM,0.04,in,A
05/26/2015 01:54:26 AM,07/27/2015 02:53:39 PM,0.04,in,A
05/26/2015 01:48:59 AM,07/27/2015 02:53:39 PM,0.04,in,A
05/25/2015 11:31:47 PM,07/27/2015 02:53:39 PM,0.04,in,A
05/25/2015 11:16:56 PM,07/27/2015 02:53:39 PM,0.04,in,A
05/25/2015 11:14:08 PM,07/27/2015 02:53:38 PM,0.04,in,A
05/25/2015 04:07:38 PM,07/27/2015 02:53:38 PM,0.00,in,A
05/25/2015 04:10:30 AM,07/27/2015 02:53:38 PM,0.00,in,A
05/25/2015 02:13:20 AM,07/27/2015 02:53:38 PM,0.04,in,A
05/24/2015 04:13:23 PM,07/27/2015 02:53:38 PM,0.00,in,A
05/24/2015 06:42:04 AM,07/27/2015 02:53:38 PM,0.04,in,A
05/24/2015 04:16:15 AM,07/27/2015 02:53:38 PM,0.00,in,A
05/24/2015 03:36:47 AM,07/27/2015 02:53:38 PM,0.04,in,A
05/24/2015 03:35:10 AM,07/27/2015 02:53:38 PM,0.08,in,A
05/24/2015 02:31:48 AM,07/27/2015 02:53:38 PM,0.04,in,A
05/24/2015 02:28:19 AM,07/27/2015 02:53:38 PM,0.04,in,A
05/24/2015 02:27:04 AM,07/27/2015 02:53:38 PM,0.04,in,A
05/24/2015 02:14:27 AM,07/27/2015 02:53:37 PM,0.04,in,A
05/24/2015 02:06:50 AM,07/27/2015 02:53:37 PM,0.04,in,A
05/24/2015 01:56:12 AM,07/27/2015 02:53:37 PM,0.04,in,A
05/24/2015 01:27:58 AM,07/27/2015 02:53:37 PM,0.08,in,A
05/24/2015 12:52:40 AM,07/27/2015 02:53:37 PM,0.04,in,A
05/24/2015 12:30:57 AM,07/27/2015 02:53:37 PM,0.08,in,A
05/24/2015 12:10:05 AM,07/27/2015 02:53:37 PM,0.08,in,A
05/23/2015 11:56:52 PM,07/27/2015 02:53:37 PM,0.04,in,A
05/23/2015 11:53:34 PM,07/27/2015 02:53:37 PM,0.08,in,A
05/23/2015 11:46:48 PM,07/27/2015 02:53:37 PM,0.12,in,A
05/23/2015 11:36:00 PM,07/27/2015 02:53:37 PM,0.04,in,A
05/23/2015 11:33:41 PM,07/27/2015 02:53:36 PM,0.04,in,A
05/23/2015 11:31:35 PM,07/27/2015 02:53:36 PM,0.08,in,A
05/23/2015 11:24:59 PM,07/27/2015 02:53:36 PM,0.04,in,A
05/23/2015 11:23:09 PM,07/27/2015 02:53:36 PM,0.04,in,A
05/23/2015 11:18:03 PM,07/27/2015 02:53:36 PM,0.04,in,A
05/23/2015 11:10:48 PM,07/27/2015 02:53:36 PM,0.04,in,A
05/23/2015 11:02:41 PM,07/27/2015 02:53:36 PM,0.04,in,A
05/23/2015 10:53:00 PM,07/27/2015 02:53:36 PM,0.04,in,A
05/23/2015 10:45:23 PM,07/27/2015 02:53:36 PM,0.04,in,A
05/23/2015 10:38:29 PM,07/27/2015 02:53:35 PM,0.04,in,A
05/23/2015 10:26:56 PM,07/27/2015 02:53:35 PM,0.04,in,A
05/23/2015 10:18:36 PM,07/27/2015 02:53:35 PM,0.04,in,A
05/23/2015 10:04:52 PM,07/27/2015 02:53:35 PM,0.04,in,A
05/23/2015 09:53:13 PM,07/27/2015 02:53:35 PM,0.04,in,A
05/23/2015 09:43:40 PM,07/27/2015 02:53:35 PM,0.04,in,A
05/23/2015 09:10:11 PM,07/27/2015 02:53:35 PM,0.04,in,A
05/23/2015 08:19:08 PM,07/27/2015 02:53:35 PM,0.04,in,A
05/23/2015 07:57:20 PM,07/27/2015 02:53:35 PM,0.04,in,A
05/23/2015 07:40:03 PM,07/27/2015 02:53:35 PM,0.04,in,A
05/23/2015 04:19:08 PM,07/27/2015 02:53:35 PM,0.00,in,A
05/23/2015 04:22:00 AM,07/27/2015 02:53:35 PM,0.00,in,A
05/22/2015 04:24:52 PM,07/27/2015 02:53:34 PM,0.00,in,A
05/22/2015 04:27:45 AM,07/27/2015 02:53:34 PM,0.00,in,A
05/21/2015 04:30:37 PM,07/27/2015 02:53:34 PM,0.00,in,A
05/21/2015 04:33:29 AM,07/27/2015 02:53:34 PM,0.00,in,A
05/21/2015 03:11:44 AM,07/27/2015 02:53:34 PM,0.04,in,A
05/20/2015 04:36:21 PM,07/27/2015 02:53:34 PM,0.00,in,A
05/20/2015 08:27:55 AM,07/27/2015 02:53:34 PM,0.04,in,A
05/20/2015 08:08:24 AM,07/27/2015 02:53:34 PM,0.04,in,A
05/20/2015 08:03:05 AM,07/27/2015 02:53:34 PM,0.04,in,A
05/20/2015 07:59:09 AM,07/27/2015 02:53:34 PM,0.04,in,A
05/20/2015 07:00:45 AM,07/27/2015 02:53:34 PM,0.08,in,A
05/20/2015 05:24:17 AM,07/27/2015 02:53:34 PM,0.04,in,A
05/20/2015 05:11:41 AM,07/27/2015 02:53:34 PM,0.04,in,A
05/20/2015 05:05:46 AM,07/27/2015 02:53:34 PM,0.04,in,A
05/20/2015 05:01:24 AM,07/27/2015 02:53:34 PM,0.04,in,A
05/20/2015 04:51:20 AM,07/27/2015 02:53:33 PM,0.04,in,A
05/20/2015 04:39:14 AM,07/27/2015 02:53:33 PM,0.00,in,A
05/20/2015 04:30:59 AM,07/27/2015 02:53:33 PM,0.04,in,A
05/20/2015 04:19:34 AM,07/27/2015 02:53:33 PM,0.04,in,A
05/20/2015 04:17:02 AM,07/27/2015 02:53:33 PM,0.04,in,A
05/20/2015 04:15:48 AM,07/27/2015 02:53:33 PM,0.04,in,A
05/20/2015 04:14:48 AM,07/27/2015 02:53:33 PM,0.04,in,A
05/20/2015 04:13:06 AM,07/27/2015 02:53:33 PM,0.08,in,A
05/20/2015 03:59:37 AM,07/27/2015 02:53:33 PM,0.08,in,A
05/20/2015 03:08:21 AM,07/27/2015 02:53:33 PM,0.04,in,A
05/20/2015 02:51:39 AM,07/27/2015 02:53:33 PM,0.04,in,A
05/20/2015 02:43:10 AM,07/27/2015 02:53:33 PM,0.04,in,A
05/20/2015 02:39:26 AM,07/27/2015 02:53:33 PM,0.04,in,A
05/20/2015 02:35:53 AM,07/27/2015 02:53:33 PM,0.04,in,A
05/20/2015 02:30:37 AM,07/27/2015 02:53:32 PM,0.04,in,A
05/20/2015 02:27:43 AM,07/27/2015 02:53:32 PM,0.04,in,A
05/20/2015 02:19:30 AM,07/27/2015 02:53:32 PM,0.04,in,A
05/19/2015 04:42:06 PM,07/27/2015 02:53:32 PM,0.00,in,A
05/19/2015 04:44:58 AM,07/27/2015 02:53:32 PM,0.00,in,A
05/18/2015 04:47:51 PM,07/27/2015 02:53:32 PM,0.00,in,A
05/18/2015 04:50:43 AM,07/27/2015 02:53:32 PM,0.00,in,A
05/17/2015 04:53:36 PM,07/27/2015 02:53:32 PM,0.00,in,A
05/17/2015 04:56:28 AM,07/27/2015 02:53:32 PM,0.00,in,A
05/17/2015 02:46:35 AM,07/27/2015 02:53:32 PM,0.04,in,A
05/17/2015 02:32:56 AM,07/27/2015 02:53:32 PM,0.08,in,A
05/17/2015 02:18:51 AM,07/27/2015 02:53:32 PM,0.04,in,A
05/17/2015 02:10:00 AM,07/27/2015 02:53:32 PM,0.04,in,A
05/17/2015 02:00:43 AM,07/27/2015 02:53:31 PM,0.04,in,A
05/17/2015 01:41:21 AM,07/27/2015 02:53:31 PM,0.04,in,A
05/17/2015 01:31:58 AM,07/27/2015 02:53:31 PM,0.04,in,A
05/17/2015 01:24:19 AM,07/27/2015 02:53:31 PM,0.04,in,A
05/17/2015 01:16:13 AM,07/27/2015 02:53:31 PM,0.04,in,A
05/17/2015 01:03:17 AM,07/27/2015 02:53:31 PM,0.04,in,A
05/17/2015 12:53:49 AM,07/27/2015 02:53:31 PM,0.12,in,A
05/17/2015 12:17:47 AM,07/27/2015 02:53:31 PM,0.08,in,A
05/17/2015 12:10:13 AM,07/27/2015 02:53:31 PM,0.04,in,A
05/17/2015 12:07:30 AM,07/27/2015 02:53:31 PM,0.04,in,A
05/17/2015 12:04:47 AM,07/27/2015 02:53:31 PM,0.04,in,A
05/17/2015 12:02:23 AM,07/27/2015 02:53:31 PM,0.08,in,A
05/16/2015 11:58:38 PM,07/27/2015 02:53:30 PM,0.04,in,A
05/16/2015 11:57:37 PM,07/27/2015 02:53:30 PM,0.04,in,A
05/16/2015 11:56:35 PM,07/27/2015 02:53:30 PM,0.08,in,A
05/16/2015 11:55:31 PM,07/27/2015 02:53:30 PM,0.08,in,A
05/16/2015 11:54:48 PM,07/27/2015 02:53:30 PM,0.08,in,A
05/16/2015 11:53:43 PM,07/27/2015 02:53:30 PM,0.04,in,A
05/16/2015 11:53:22 PM,07/27/2015 02:53:30 PM,0.12,in,A
05/16/2015 11:51:55 PM,07/27/2015 02:53:30 PM,0.04,in,A
05/16/2015 11:51:29 PM,07/27/2015 02:53:30 PM,0.08,in,A
05/16/2015 11:50:36 PM,07/27/2015 02:53:30 PM,0.08,in,A
05/16/2015 11:49:37 PM,07/27/2015 02:53:29 PM,0.08,in,A
05/16/2015 11:48:19 PM,07/27/2015 02:53:29 PM,0.04,in,A
05/16/2015 11:47:29 PM,07/27/2015 02:53:29 PM,0.04,in,A
05/16/2015 11:46:29 PM,07/27/2015 02:53:29 PM,0.04,in,A
05/16/2015 11:45:47 PM,07/27/2015 02:53:29 PM,0.04,in,A
05/16/2015 11:45:14 PM,07/27/2015 02:53:29 PM,0.08,in,A
05/16/2015 11:40:17 PM,07/27/2015 02:53:29 PM,0.04,in,A
05/16/2015 11:30:21 PM,07/27/2015 02:53:29 PM,0.04,in,A
05/16/2015 10:17:18 PM,07/27/2015 02:53:29 PM,0.04,in,A
05/16/2015 10:14:02 PM,07/27/2015 02:53:29 PM,0.04,in,A
05/16/2015 10:12:27 PM,07/27/2015 02:53:29 PM,0.04,in,A
05/16/2015 10:11:14 PM,07/27/2015 02:53:29 PM,0.04,in,A
05/16/2015 10:03:30 PM,07/27/2015 02:53:28 PM,0.04,in,A
05/16/2015 04:58:49 PM,07/27/2015 02:53:28 PM,0.00,in,A
05/16/2015 11:36:29 AM,07/27/2015 02:53:28 PM,0.04,in,A
05/16/2015 05:00:46 AM,07/27/2015 02:53:28 PM,0.00,in,A
05/15/2015 05:02:44 PM,07/27/2015 02:53:28 PM,0.04,in,A
05/15/2015 12:47:59 PM,07/27/2015 02:53:28 PM,0.04,in,A
05/15/2015 12:47:10 PM,07/27/2015 02:53:28 PM,0.04,in,A
05/15/2015 12:46:45 PM,07/27/2015 02:53:28 PM,0.04,in,A
05/15/2015 12:46:08 PM,07/27/2015 02:53:28 PM,0.04,in,A
05/15/2015 12:45:14 PM,07/27/2015 02:53:28 PM,0.12,in,A
05/15/2015 12:42:36 PM,07/27/2015 02:53:28 PM,0.04,in,A
05/15/2015 12:41:57 PM,07/27/2015 02:53:28 PM,0.04,in,A
05/15/2015 05:04:41 AM,07/27/2015 02:53:28 PM,0.00,in,A
05/14/2015 05:06:38 PM,07/27/2015 02:53:28 PM,0.00,in,A
05/14/2015 11:52:59 AM,07/27/2015 02:53:27 PM,0.04,in,A
05/14/2015 09:03:45 AM,07/27/2015 02:53:27 PM,0.04,in,A
05/14/2015 06:41:43 AM,07/27/2015 02:53:27 PM,0.04,in,A
05/14/2015 05:08:35 AM,07/27/2015 02:53:27 PM,0.04,in,A
05/14/2015 04:18:04 AM,07/27/2015 02:53:27 PM,0.04,in,A
05/14/2015 03:59:45 AM,07/27/2015 02:53:27 PM,0.04,in,A
05/14/2015 03:48:38 AM,07/27/2015 02:53:27 PM,0.04,in,A
05/14/2015 03:35:19 AM,07/27/2015 02:53:27 PM,0.04,in,A
05/14/2015 03:24:07 AM,07/27/2015 02:53:27 PM,0.04,in,A
05/14/2015 03:12:37 AM,07/27/2015 02:53:27 PM,0.08,in,A
05/14/2015 02:38:09 AM,07/27/2015 02:53:27 PM,0.04,in,A
05/14/2015 02:08:36 AM,07/27/2015 02:53:27 PM,0.04,in,A
05/14/2015 01:23:01 AM,07/27/2015 02:53:26 PM,0.04,in,A
05/13/2015 05:10:32 PM,07/27/2015 02:53:26 PM,0.00,in,A
05/13/2015 05:12:30 AM,07/27/2015 02:53:26 PM,0.00,in,A
05/12/2015 05:16:24 AM,07/27/2015 02:53:26 PM,0.00,in,A
05/11/2015 05:18:21 PM,07/27/2015 02:53:26 PM,0.00,in,A
05/11/2015 05:20:18 AM,07/27/2015 02:53:26 PM,0.00,in,A
05/10/2015 07:46:38 PM,07/27/2015 02:53:26 PM,0.04,in,A
05/10/2015 07:38:56 PM,07/27/2015 02:53:26 PM,0.04,in,A
05/10/2015 07:35:08 PM,07/27/2015 02:53:26 PM,0.04,in,A
05/10/2015 05:22:15 PM,07/27/2015 02:53:26 PM,0.00,in,A
05/10/2015 01:35:32 PM,07/27/2015 02:53:26 PM,0.08,in,A
05/10/2015 01:12:03 PM,07/27/2015 02:53:26 PM,0.12,in,A
05/10/2015 12:46:14 PM,07/27/2015 02:53:25 PM,0.08,in,A
05/10/2015 12:12:42 PM,07/27/2015 02:53:25 PM,0.04,in,A
05/10/2015 05:24:13 AM,07/27/2015 02:53:25 PM,0.00,in,A
05/10/2015 03:01:47 AM,07/27/2015 02:53:25 PM,0.04,in,A
05/10/2015 03:00:08 AM,07/27/2015 02:53:25 PM,0.08,in,A
05/09/2015 07:42:59 PM,07/27/2015 02:53:25 PM,0.04,in,A
05/09/2015 07:21:37 PM,07/27/2015 02:53:25 PM,0.04,in,A
05/09/2015 05:26:10 PM,07/27/2015 02:53:25 PM,0.00,in,A
05/09/2015 05:28:07 AM,07/27/2015 02:53:25 PM,0.00,in,A
05/08/2015 05:30:04 PM,07/27/2015 02:53:25 PM,0.00,in,A
05/08/2015 05:32:02 AM,07/27/2015 02:53:24 PM,0.00,in,A
05/08/2015 04:30:37 AM,07/27/2015 02:53:24 PM,0.04,in,A
05/08/2015 04:00:20 AM,07/27/2015 02:53:24 PM,0.04,in,A
05/08/2015 03:48:59 AM,07/27/2015 02:53:24 PM,0.04,in,A
05/08/2015 03:38:43 AM,07/27/2015 02:53:24 PM,0.04,in,A
05/08/2015 03:31:41 AM,07/27/2015 02:53:24 PM,0.04,in,A
05/08/2015 03:19:24 AM,07/27/2015 02:53:24 PM,0.04,in,A
05/08/2015 03:03:05 AM,07/27/2015 02:53:24 PM,0.04,in,A
05/08/2015 02:43:34 AM,07/27/2015 02:53:24 PM,0.04,in,A
05/08/2015 01:15:48 AM,07/27/2015 02:53:24 PM,0.04,in,A
05/07/2015 10:31:00 PM,07/27/2015 02:53:24 PM,0.04,in,A
05/07/2015 10:12:16 PM,07/27/2015 02:53:23 PM,0.04,in,A
05/07/2015 09:59:18 PM,07/27/2015 02:53:23 PM,0.04,in,A
05/07/2015 09:42:35 PM,07/27/2015 02:53:23 PM,0.04,in,A
05/07/2015 09:37:30 PM,07/27/2015 02:53:23 PM,0.04,in,A
05/07/2015 09:36:21 PM,07/27/2015 02:53:23 PM,0.04,in,A
05/07/2015 09:35:45 PM,07/27/2015 02:53:23 PM,0.04,in,A
05/07/2015 09:35:17 PM,07/27/2015 02:53:23 PM,0.04,in,A
05/07/2015 09:34:53 PM,07/27/2015 02:53:23 PM,0.04,in,A
05/07/2015 09:34:17 PM,07/27/2015 02:53:23 PM,0.04,in,A
05/07/2015 09:32:42 PM,07/27/2015 02:53:23 PM,0.04,in,A
05/07/2015 08:18:23 PM,07/27/2015 02:53:23 PM,0.04,in,A
05/07/2015 08:01:03 PM,07/27/2015 02:53:23 PM,0.04,in,A
05/07/2015 05:33:59 PM,07/27/2015 02:53:23 PM,0.00,in,A
05/07/2015 02:35:41 PM,07/27/2015 02:53:23 PM,0.04,in,A
05/07/2015 02:19:12 PM,07/27/2015 02:53:23 PM,0.04,in,A
05/07/2015 12:58:30 PM,07/27/2015 02:53:22 PM,0.04,in,A
05/07/2015 12:41:29 PM,07/27/2015 02:53:22 PM,0.04,in,A
05/07/2015 12:15:09 PM,07/27/2015 02:53:22 PM,0.04,in,A
05/07/2015 11:46:42 AM,07/27/2015 02:53:22 PM,0.08,in,A
05/07/2015 05:35:56 AM,07/27/2015 02:53:22 PM,0.00,in,A
05/06/2015 05:37:54 PM,07/27/2015 02:53:22 PM,0.00,in,A
05/06/2015 03:29:34 PM,07/27/2015 02:53:22 PM,0.04,in,A
05/06/2015 03:24:30 PM,07/27/2015 02:53:22 PM,0.04,in,A
05/06/2015 03:21:51 PM,07/27/2015 02:53:22 PM,0.04,in,A
05/06/2015 03:11:22 PM,07/27/2015 02:53:22 PM,0.04,in,A
05/06/2015 03:08:06 PM,07/27/2015 02:53:22 PM,0.04,in,A
05/06/2015 05:39:51 AM,07/27/2015 02:53:22 PM,0.00,in,A
05/05/2015 09:07:47 PM,07/27/2015 02:53:22 PM,0.04,in,A
05/05/2015 05:41:48 PM,07/27/2015 02:53:22 PM,0.00,in,A
05/05/2015 05:43:45 AM,07/27/2015 02:53:21 PM,0.00,in,A
05/04/2015 11:24:54 PM,07/27/2015 02:53:21 PM,0.04,in,A
05/04/2015 11:19:09 PM,07/27/2015 02:53:21 PM,0.04,in,A
05/04/2015 11:09:49 PM,07/27/2015 02:53:21 PM,0.04,in,A
05/04/2015 11:08:01 PM,07/27/2015 02:53:21 PM,0.04,in,A
05/04/2015 11:05:57 PM,07/27/2015 02:53:21 PM,0.04,in,A
05/04/2015 11:01:35 PM,07/27/2015 02:53:21 PM,0.04,in,A
05/04/2015 10:59:17 PM,07/27/2015 02:53:21 PM,0.04,in,A
05/04/2015 10:58:17 PM,07/27/2015 02:53:21 PM,0.04,in,A
05/04/2015 10:57:18 PM,07/27/2015 02:53:21 PM,0.04,in,A
05/04/2015 10:56:07 PM,07/27/2015 02:53:21 PM,0.04,in,A
05/04/2015 10:54:30 PM,07/27/2015 02:53:21 PM,0.04,in,A
05/04/2015 10:51:49 PM,07/27/2015 02:53:21 PM,0.04,in,A
05/04/2015 10:50:10 PM,07/27/2015 02:53:20 PM,0.04,in,A
05/04/2015 05:45:43 PM,07/27/2015 02:53:20 PM,0.00,in,A
05/04/2015 05:47:40 AM,07/27/2015 02:53:20 PM,0.00,in,A
05/03/2015 05:49:37 PM,07/27/2015 02:53:20 PM,0.00,in,A
05/03/2015 05:51:34 AM,07/27/2015 02:53:20 PM,0.00,in,A
05/02/2015 05:53:31 PM,07/27/2015 02:53:20 PM,0.00,in,A
05/02/2015 05:55:29 AM,07/27/2015 02:53:20 PM,0.00,in,A
05/01/2015 05:57:26 PM,07/27/2015 02:53:20 PM,0.00,in,A
04/30/2015 06:01:20 PM,07/27/2015 02:53:20 PM,0.00,in,A
04/30/2015 06:03:17 AM,07/27/2015 02:53:20 PM,0.00,in,A
04/29/2015 06:05:14 PM,07/27/2015 02:53:20 PM,0.00,in,A
04/29/2015 06:07:11 AM,07/27/2015 02:53:20 PM,0.00,in,A
04/28/2015 06:09:08 PM,07/27/2015 02:53:19 PM,0.00,in,A
04/28/2015 06:11:05 AM,07/27/2015 02:53:19 PM,0.00,in,A
04/27/2015 06:13:02 PM,07/27/2015 02:53:19 PM,0.00,in,A
04/27/2015 06:14:59 AM,07/27/2015 02:53:19 PM,0.00,in,A
04/26/2015 06:16:56 PM,07/27/2015 02:53:19 PM,0.00,in,A
04/26/2015 06:18:53 AM,07/27/2015 02:53:19 PM,0.00,in,A
04/25/2015 06:20:50 PM,07/27/2015 02:53:19 PM,0.00,in,A
04/25/2015 08:16:14 AM,07/27/2015 02:53:19 PM,0.04,in,A
04/25/2015 08:01:00 AM,07/27/2015 02:53:18 PM,0.04,in,A
04/25/2015 07:22:01 AM,07/27/2015 02:53:18 PM,0.04,in,A
04/25/2015 06:22:48 AM,07/27/2015 02:53:18 PM,0.00,in,A
04/25/2015 04:14:08 AM,07/27/2015 02:53:18 PM,0.04,in,A
04/25/2015 03:08:07 AM,07/27/2015 02:53:17 PM,0.04,in,A
04/24/2015 06:24:45 PM,07/27/2015 02:53:17 PM,0.00,in,A
04/24/2015 09:27:44 AM,07/27/2015 02:53:17 PM,0.04,in,A
04/24/2015 09:24:17 AM,07/27/2015 02:53:17 PM,0.04,in,A
04/24/2015 09:22:01 AM,07/27/2015 02:53:17 PM,0.04,in,A
04/24/2015 09:20:37 AM,07/27/2015 02:53:17 PM,0.04,in,A
04/24/2015 09:19:48 AM,07/27/2015 02:53:16 PM,0.04,in,A
04/24/2015 09:18:46 AM,07/27/2015 02:53:16 PM,0.04,in,A
04/24/2015 09:14:15 AM,07/27/2015 02:53:16 PM,0.04,in,A
04/24/2015 09:13:14 AM,07/27/2015 02:53:16 PM,0.04,in,A
04/24/2015 09:12:44 AM,07/27/2015 02:53:16 PM,0.04,in,A
04/24/2015 09:12:20 AM,07/27/2015 02:53:16 PM,0.04,in,A
04/24/2015 09:11:58 AM,07/27/2015 02:53:16 PM,0.04,in,A
04/24/2015 06:26:42 AM,07/27/2015 02:53:16 PM,0.00,in,A
04/23/2015 06:28:39 PM,07/27/2015 02:53:16 PM,0.00,in,A
04/23/2015 06:30:36 AM,07/27/2015 02:53:16 PM,0.00,in,A
04/22/2015 06:32:33 PM,07/27/2015 02:53:16 PM,0.00,in,A
04/22/2015 06:34:30 AM,07/27/2015 02:53:16 PM,0.00,in,A
04/21/2015 06:36:27 PM,07/27/2015 02:53:16 PM,0.00,in,A
04/21/2015 06:38:24 AM,07/27/2015 02:53:15 PM,0.00,in,A
04/20/2015 06:40:21 PM,07/27/2015 02:53:15 PM,0.00,in,A
04/20/2015 06:42:18 AM,07/27/2015 02:53:15 PM,0.00,in,A
04/19/2015 06:44:15 PM,07/27/2015 02:53:15 PM,0.00,in,A
04/19/2015 06:46:12 AM,07/27/2015 02:53:15 PM,0.00,in,A
04/19/2015 04:33:39 AM,07/27/2015 02:53:15 PM,0.04,in,A
04/19/2015 04:24:16 AM,07/27/2015 02:53:15 PM,0.04,in,A
04/19/2015 04:18:06 AM,07/27/2015 02:53:15 PM,0.04,in,A
04/19/2015 04:08:47 AM,07/27/2015 02:53:15 PM,0.04,in,A
04/19/2015 04:04:35 AM,07/27/2015 02:53:15 PM,0.04,in,A
04/19/2015 03:57:23 AM,07/27/2015 02:53:14 PM,0.04,in,A
04/19/2015 03:49:19 AM,07/27/2015 02:53:14 PM,0.04,in,A
04/19/2015 03:46:41 AM,07/27/2015 02:53:14 PM,0.04,in,A
04/19/2015 03:44:28 AM,07/27/2015 02:53:14 PM,0.04,in,A
04/19/2015 03:40:21 AM,07/27/2015 02:53:14 PM,0.04,in,A
04/19/2015 01:18:23 AM,07/27/2015 02:53:14 PM,0.04,in,A
04/19/2015 01:06:42 AM,07/27/2015 02:53:14 PM,0.04,in,A
04/19/2015 12:49:31 AM,07/27/2015 02:53:14 PM,0.04,in,A
04/19/2015 12:46:27 AM,07/27/2015 02:53:14 PM,0.08,in,A
04/19/2015 12:28:29 AM,07/27/2015 02:53:14 PM,0.04,in,A
04/18/2015 06:48:10 PM,07/27/2015 02:53:14 PM,0.00,in,A
04/18/2015 02:04:02 PM,07/27/2015 02:53:14 PM,0.04,in,A
04/18/2015 01:33:55 PM,07/27/2015 02:53:14 PM,0.04,in,A
04/18/2015 01:13:36 PM,07/27/2015 02:53:13 PM,0.04,in,A
04/18/2015 12:25:31 PM,07/27/2015 02:53:13 PM,0.08,in,A
04/18/2015 10:14:26 AM,07/27/2015 02:53:13 PM,0.04,in,A
04/18/2015 09:55:18 AM,07/27/2015 02:53:13 PM,0.04,in,A
04/18/2015 09:42:22 AM,07/27/2015 02:53:13 PM,0.04,in,A
04/18/2015 09:37:17 AM,07/27/2015 02:53:13 PM,0.04,in,A
04/18/2015 09:32:42 AM,07/27/2015 02:53:13 PM,0.04,in,A
04/18/2015 09:30:17 AM,07/27/2015 02:53:13 PM,0.04,in,A
04/18/2015 06:50:07 AM,07/27/2015 02:53:13 PM,0.00,in,A
04/17/2015 06:52:04 PM,07/27/2015 02:53:13 PM,0.00,in,A
04/17/2015 06:54:01 AM,07/27/2015 02:53:13 PM,0.00,in,A
04/16/2015 06:55:58 PM,07/27/2015 02:53:13 PM,0.00,in,A
04/16/2015 06:57:55 AM,07/27/2015 02:53:13 PM,0.00,in,A
04/15/2015 06:59:52 PM,07/27/2015 02:53:12 PM,0.00,in,A
04/15/2015 07:01:50 AM,07/27/2015 02:53:12 PM,0.00,in,A
04/14/2015 07:03:47 PM,07/27/2015 02:53:12 PM,0.00,in,A
04/14/2015 07:05:44 AM,07/27/2015 02:53:12 PM,0.00,in,A
04/13/2015 07:07:41 PM,07/27/2015 02:53:12 PM,0.00,in,A
04/13/2015 07:09:38 AM,07/27/2015 02:53:12 PM,0.00,in,A
04/13/2015 03:58:06 AM,07/27/2015 02:53:12 PM,0.04,in,A
04/13/2015 03:12:06 AM,07/27/2015 02:53:12 PM,0.04,in,A
04/13/2015 03:05:28 AM,07/27/2015 02:53:12 PM,0.04,in,A
04/13/2015 02:59:21 AM,07/27/2015 02:53:12 PM,0.04,in,A
04/13/2015 02:50:48 AM,07/27/2015 02:53:12 PM,0.04,in,A
04/13/2015 02:41:45 AM,07/27/2015 02:53:12 PM,0.04,in,A
04/13/2015 02:33:50 AM,07/27/2015 02:53:11 PM,0.04,in,A
04/13/2015 02:25:04 AM,07/27/2015 02:53:11 PM,0.04,in,A
04/13/2015 02:17:11 AM,07/27/2015 02:53:11 PM,0.04,in,A
04/13/2015 02:04:34 AM,07/27/2015 02:53:11 PM,0.04,in,A
04/13/2015 01:52:45 AM,07/27/2015 02:53:11 PM,0.04,in,A
04/13/2015 01:40:36 AM,07/27/2015 02:53:11 PM,0.04,in,A
04/13/2015 01:33:06 AM,07/27/2015 02:53:11 PM,0.04,in,A
04/13/2015 01:29:39 AM,07/27/2015 02:53:11 PM,0.04,in,A
04/13/2015 01:27:52 AM,07/27/2015 02:53:11 PM,0.04,in,A
04/13/2015 01:26:23 AM,07/27/2015 02:53:11 PM,0.04,in,A
04/13/2015 01:25:22 AM,07/27/2015 02:53:11 PM,0.04,in,A
04/13/2015 01:21:46 AM,07/27/2015 02:53:10 PM,0.04,in,A
04/13/2015 01:19:10 AM,07/27/2015 02:53:10 PM,0.08,in,A
04/13/2015 01:17:03 AM,07/27/2015 02:53:10 PM,0.08,in,A
04/13/2015 01:15:22 AM,07/27/2015 02:53:10 PM,0.04,in,A
04/13/2015 01:14:34 AM,07/27/2015 02:53:10 PM,0.04,in,A
04/13/2015 01:13:21 AM,07/27/2015 02:53:10 PM,0.04,in,A
04/13/2015 01:12:02 AM,07/27/2015 02:53:10 PM,0.04,in,A
04/13/2015 01:10:48 AM,07/27/2015 02:53:10 PM,0.04,in,A
04/13/2015 01:09:33 AM,07/27/2015 02:53:10 PM,0.04,in,A
04/13/2015 01:08:45 AM,07/27/2015 02:53:10 PM,0.16,in,A
04/13/2015 01:06:29 AM,07/27/2015 02:53:10 PM,0.16,in,A
04/13/2015 01:04:30 AM,07/27/2015 02:53:10 PM,0.04,in,A
04/13/2015 01:03:57 AM,07/27/2015 02:53:10 PM,0.04,in,A
04/13/2015 01:03:28 AM,07/27/2015 02:53:09 PM,0.04,in,A
04/13/2015 01:03:01 AM,07/27/2015 02:53:09 PM,0.04,in,A
04/13/2015 01:02:25 AM,07/27/2015 02:53:09 PM,0.08,in,A
04/13/2015 01:01:10 AM,07/27/2015 02:53:09 PM,0.08,in,A
04/13/2015 12:56:17 AM,07/27/2015 02:53:09 PM,0.04,in,A
04/13/2015 12:53:50 AM,07/27/2015 02:53:09 PM,0.08,in,A
04/12/2015 07:11:35 PM,07/27/2015 02:53:09 PM,0.00,in,A
04/12/2015 09:32:45 AM,07/27/2015 02:53:09 PM,0.04,in,A
04/12/2015 09:24:47 AM,07/27/2015 02:53:09 PM,0.04,in,A
04/12/2015 09:19:40 AM,07/27/2015 02:53:09 PM,0.04,in,A
04/12/2015 09:08:52 AM,07/27/2015 02:53:09 PM,0.04,in,A
04/12/2015 09:00:35 AM,07/27/2015 02:53:09 PM,0.04,in,A
04/12/2015 08:51:40 AM,07/27/2015 02:53:09 PM,0.08,in,A
04/12/2015 08:31:08 AM,07/27/2015 02:53:09 PM,0.08,in,A
04/12/2015 08:07:25 AM,07/27/2015 02:53:08 PM,0.04,in,A
04/12/2015 07:56:04 AM,07/27/2015 02:53:08 PM,0.04,in,A
04/12/2015 07:37:08 AM,07/27/2015 02:53:08 PM,0.08,in,A
04/12/2015 07:13:33 AM,07/27/2015 02:53:08 PM,0.00,in,A
04/12/2015 06:40:54 AM,07/27/2015 02:53:08 PM,0.04,in,A
04/12/2015 06:04:10 AM,07/27/2015 02:53:08 PM,0.04,in,A
04/12/2015 04:01:01 AM,07/27/2015 02:53:08 PM,0.04,in,A
04/11/2015 07:15:30 PM,07/27/2015 02:53:08 PM,0.00,in,A
04/11/2015 07:17:27 AM,07/27/2015 02:53:08 PM,0.00,in,A
04/10/2015 07:19:24 PM,07/27/2015 02:53:08 PM,0.00,in,A
04/10/2015 07:21:21 AM,07/27/2015 02:53:08 PM,0.00,in,A
04/09/2015 07:23:18 PM,07/27/2015 02:53:08 PM,0.00,in,A
04/09/2015 07:25:15 AM,07/27/2015 02:53:07 PM,0.00,in,A
04/08/2015 02:22:32 PM,07/27/2015 02:53:07 PM,0.04,in,A
04/08/2015 07:29:09 AM,07/27/2015 02:53:07 PM,0.00,in,A
04/08/2015 06:31:52 AM,07/27/2015 02:53:07 PM,0.04,in,A
04/08/2015 06:25:29 AM,07/27/2015 02:53:07 PM,0.04,in,A
04/08/2015 06:23:44 AM,07/27/2015 02:53:07 PM,0.04,in,A
04/07/2015 07:31:06 PM,07/27/2015 02:53:07 PM,0.00,in,A
04/07/2015 07:33:03 AM,07/27/2015 02:53:07 PM,0.00,in,A
04/06/2015 07:35:01 PM,07/27/2015 02:53:07 PM,0.00,in,A
04/06/2015 07:36:57 AM,07/27/2015 02:53:07 PM,0.00,in,A
04/05/2015 07:38:54 PM,07/27/2015 02:53:07 PM,0.00,in,A
04/05/2015 07:40:51 AM,07/27/2015 02:53:07 PM,0.00,in,A
04/04/2015 07:42:48 PM,07/27/2015 02:53:07 PM,0.00,in,A
04/04/2015 07:44:45 AM,07/27/2015 02:53:06 PM,0.00,in,A
04/03/2015 07:46:42 PM,07/27/2015 02:53:06 PM,0.00,in,A
04/03/2015 07:49:04 AM,07/27/2015 02:53:06 PM,0.04,in,A
04/03/2015 07:48:39 AM,07/27/2015 02:53:06 PM,0.00,in,A
04/03/2015 02:54:23 AM,07/27/2015 02:53:05 PM,0.04,in,A
04/03/2015 02:38:27 AM,07/27/2015 02:53:05 PM,0.04,in,A
04/02/2015 07:50:36 PM,07/27/2015 02:53:05 PM,0.00,in,A
04/02/2015 07:52:33 AM,07/27/2015 02:53:05 PM,0.12,in,A
04/02/2015 05:19:53 AM,07/27/2015 02:53:05 PM,0.08,in,A
04/02/2015 05:09:37 AM,07/27/2015 02:53:05 PM,0.04,in,A
04/02/2015 05:08:22 AM,07/27/2015 02:53:05 PM,0.04,in,A
04/02/2015 05:07:09 AM,07/27/2015 02:53:05 PM,0.12,in,A
04/02/2015 04:53:13 AM,07/27/2015 02:53:05 PM,0.04,in,A
04/02/2015 04:49:28 AM,07/27/2015 02:53:05 PM,0.04,in,A
04/02/2015 04:46:26 AM,07/27/2015 02:53:05 PM,0.04,in,A
04/01/2015 07:54:30 PM,07/27/2015 02:53:05 PM,0.00,in,A
04/01/2015 07:56:27 AM,07/27/2015 02:53:05 PM,0.00,in,A
03/31/2015 07:58:24 PM,07/27/2015 02:53:04 PM,0.00,in,A
03/31/2015 08:00:22 AM,07/27/2015 02:53:04 PM,0.00,in,A
03/30/2015 08:02:19 PM,07/27/2015 02:53:04 PM,0.00,in,A
03/30/2015 08:04:16 AM,07/27/2015 02:53:04 PM,0.00,in,A
03/29/2015 08:06:12 PM,07/27/2015 02:53:04 PM,0.00,in,A
03/29/2015 08:08:09 AM,07/27/2015 02:53:04 PM,0.00,in,A
03/28/2015 08:10:06 PM,07/27/2015 02:53:04 PM,0.00,in,A
03/28/2015 08:12:03 AM,07/27/2015 02:53:04 PM,0.00,in,A
03/27/2015 08:13:59 PM,07/27/2015 02:53:04 PM,0.00,in,A
03/27/2015 08:15:56 AM,07/27/2015 02:53:04 PM,0.04,in,A
03/26/2015 11:45:17 PM,07/27/2015 02:53:04 PM,0.04,in,A
03/26/2015 08:17:53 PM,07/27/2015 02:53:04 PM,0.00,in,A
03/26/2015 08:19:50 AM,07/27/2015 02:53:04 PM,0.00,in,A
03/25/2015 09:04:31 PM,07/27/2015 02:53:03 PM,0.04,in,A
03/25/2015 08:21:47 PM,07/27/2015 02:53:03 PM,0.00,in,A
03/25/2015 08:23:43 AM,07/27/2015 02:53:03 PM,0.00,in,A
03/24/2015 08:25:40 PM,07/27/2015 02:53:03 PM,0.00,in,A
03/24/2015 08:27:37 AM,07/27/2015 02:53:03 PM,0.00,in,A
03/24/2015 06:22:38 AM,07/27/2015 02:53:03 PM,0.04,in,A
03/23/2015 08:29:34 PM,07/27/2015 02:53:03 PM,0.00,in,A
03/23/2015 08:31:31 AM,07/27/2015 02:53:03 PM,0.00,in,A
03/22/2015 08:33:28 PM,07/27/2015 02:53:03 PM,0.00,in,A
03/22/2015 08:35:25 AM,07/27/2015 02:53:03 PM,0.00,in,A
03/21/2015 08:37:22 PM,07/27/2015 02:53:03 PM,0.00,in,A
03/21/2015 08:39:19 AM,07/27/2015 02:53:03 PM,0.00,in,A
03/20/2015 08:41:16 PM,07/27/2015 02:53:03 PM,0.00,in,A
03/20/2015 08:43:13 AM,07/27/2015 02:53:03 PM,0.00,in,A
03/19/2015 08:45:09 PM,07/27/2015 02:53:03 PM,0.00,in,A
03/19/2015 04:18:31 PM,07/27/2015 02:53:02 PM,0.04,in,A
03/19/2015 01:11:03 PM,07/27/2015 02:53:02 PM,0.04,in,A
03/19/2015 11:42:38 AM,07/27/2015 02:53:02 PM,0.04,in,A
03/19/2015 09:45:42 AM,07/27/2015 02:53:02 PM,0.04,in,A
03/19/2015 08:47:06 AM,07/27/2015 02:53:02 PM,0.00,in,A
03/19/2015 08:42:05 AM,07/27/2015 02:53:02 PM,0.04,in,A
03/19/2015 06:21:18 AM,07/27/2015 02:53:02 PM,0.04,in,A
03/19/2015 04:19:45 AM,07/27/2015 02:53:02 PM,0.04,in,A
03/19/2015 03:00:33 AM,07/27/2015 02:53:02 PM,0.04,in,A
03/19/2015 02:30:52 AM,07/27/2015 02:53:02 PM,0.04,in,A
03/19/2015 02:00:06 AM,07/27/2015 02:53:01 PM,0.04,in,A
03/19/2015 01:25:41 AM,07/27/2015 02:53:01 PM,0.04,in,A
03/18/2015 11:31:30 PM,07/27/2015 02:53:01 PM,0.04,in,A
03/18/2015 10:02:56 PM,07/27/2015 02:53:01 PM,0.04,in,A
03/18/2015 08:49:03 PM,07/27/2015 02:53:01 PM,0.00,in,A
03/18/2015 08:13:15 PM,07/27/2015 02:53:01 PM,0.04,in,A
03/18/2015 07:32:24 PM,07/27/2015 02:53:01 PM,0.04,in,A
03/18/2015 03:52:53 PM,07/27/2015 02:53:01 PM,0.04,in,A
03/18/2015 02:14:23 PM,07/27/2015 02:53:01 PM,0.04,in,A
03/18/2015 01:07:10 PM,07/27/2015 02:53:01 PM,0.04,in,A
03/18/2015 08:50:59 AM,07/27/2015 02:53:00 PM,0.00,in,A
03/17/2015 08:52:56 PM,07/27/2015 02:53:00 PM,0.00,in,A
03/17/2015 08:54:53 AM,07/27/2015 02:53:00 PM,0.00,in,A
03/16/2015 08:56:50 PM,07/27/2015 02:53:00 PM,0.00,in,A
03/16/2015 08:58:47 AM,07/27/2015 02:53:00 PM,0.00,in,A
03/15/2015 09:00:44 PM,07/27/2015 02:53:00 PM,0.00,in,A
03/15/2015 09:02:41 AM,07/27/2015 02:53:00 PM,0.00,in,A
03/14/2015 09:04:38 PM,07/27/2015 02:53:00 PM,0.00,in,A
03/14/2015 09:06:34 AM,07/27/2015 02:53:00 PM,0.00,in,A
03/13/2015 09:08:31 PM,07/27/2015 02:53:00 PM,0.00,in,A
03/13/2015 09:10:28 AM,07/27/2015 02:53:00 PM,0.00,in,A
03/12/2015 09:12:25 PM,07/27/2015 02:53:00 PM,0.00,in,A
03/12/2015 09:14:22 AM,07/27/2015 02:52:59 PM,0.00,in,A
03/11/2015 09:16:19 PM,07/27/2015 02:52:59 PM,0.00,in,A
03/11/2015 09:18:16 AM,07/27/2015 02:52:59 PM,0.00,in,A
03/10/2015 09:20:12 PM,07/27/2015 02:52:59 PM,0.00,in,A
03/10/2015 09:22:09 AM,07/27/2015 02:52:59 PM,0.00,in,A
03/09/2015 09:24:06 PM,07/27/2015 02:52:59 PM,0.00,in,A
03/09/2015 09:26:02 AM,07/27/2015 02:52:59 PM,0.00,in,A
03/08/2015 09:27:59 PM,07/27/2015 02:52:59 PM,0.00,in,A
03/08/2015 09:29:55 AM,07/27/2015 02:52:59 PM,0.00,in,A
03/07/2015 08:31:52 PM,07/27/2015 02:52:59 PM,0.00,in,A
03/07/2015 08:33:48 AM,07/27/2015 02:52:59 PM,0.00,in,A
03/06/2015 08:35:45 PM,07/27/2015 02:52:59 PM,0.00,in,A
03/06/2015 08:37:41 AM,07/27/2015 02:52:58 PM,0.00,in,A
03/05/2015 08:39:37 PM,07/27/2015 02:52:58 PM,0.00,in,A
03/03/2015 08:47:22 PM,07/27/2015 02:52:58 PM,0.00,in,A
03/03/2015 03:54:14 AM,07/27/2015 02:52:58 PM,0.04,in,A
03/02/2015 08:51:15 PM,07/27/2015 02:52:58 PM,0.00,in,A
03/02/2015 08:53:11 AM,07/27/2015 02:52:58 PM,0.00,in,A
03/01/2015 08:55:07 PM,07/27/2015 02:52:58 PM,0.00,in,A
03/01/2015 12:59:39 PM,07/27/2015 02:52:58 PM,0.04,in,A
03/01/2015 12:39:48 PM,07/27/2015 02:52:58 PM,0.04,in,A
03/01/2015 12:14:54 PM,07/27/2015 02:52:58 PM,0.04,in,A
03/01/2015 12:04:40 PM,07/27/2015 02:52:58 PM,0.04,in,A
03/01/2015 11:48:29 AM,07/27/2015 02:52:58 PM,0.04,in,A
03/01/2015 08:57:04 AM,07/27/2015 02:52:58 PM,0.00,in,A
02/28/2015 08:59:00 PM,07/27/2015 02:52:58 PM,0.00,in,A
02/28/2015 09:00:56 AM,07/27/2015 02:52:57 PM,0.00,in,A
02/27/2015 09:04:48 AM,07/27/2015 02:52:57 PM,0.00,in,A
02/26/2015 09:06:44 PM,07/27/2015 02:52:57 PM,0.00,in,A
02/26/2015 09:08:40 AM,07/27/2015 02:52:57 PM,0.00,in,A
02/25/2015 09:10:36 PM,07/27/2015 02:52:57 PM,0.00,in,A
02/25/2015 09:12:33 AM,07/27/2015 02:52:57 PM,0.00,in,A
02/24/2015 09:14:29 PM,07/27/2015 02:52:57 PM,0.00,in,A
02/24/2015 09:16:25 AM,07/27/2015 02:52:57 PM,0.00,in,A
02/23/2015 09:18:26 PM,07/27/2015 02:52:57 PM,0.00,in,A
02/23/2015 09:20:21 AM,07/27/2015 02:52:57 PM,0.00,in,A
02/22/2015 09:22:22 PM,07/27/2015 02:52:57 PM,0.00,in,A
02/22/2015 09:24:17 AM,07/27/2015 02:52:57 PM,0.00,in,A
02/21/2015 09:26:13 PM,07/27/2015 02:52:57 PM,0.00,in,A
02/21/2015 09:32:58 AM,07/27/2015 02:52:57 PM,0.04,in,A
02/21/2015 09:28:10 AM,07/27/2015 02:52:57 PM,0.00,in,A
02/21/2015 09:10:25 AM,07/27/2015 02:52:57 PM,0.04,in,A
02/21/2015 08:53:05 AM,07/27/2015 02:52:56 PM,0.04,in,A
02/21/2015 02:52:05 AM,07/27/2015 02:52:56 PM,0.04,in,A
02/21/2015 01:41:21 AM,07/27/2015 02:52:56 PM,0.04,in,A
02/21/2015 12:44:39 AM,07/27/2015 02:52:56 PM,0.04,in,A
02/20/2015 09:30:06 PM,07/27/2015 02:52:56 PM,0.00,in,A
02/20/2015 08:44:33 PM,07/27/2015 02:52:56 PM,0.04,in,A
02/20/2015 07:20:25 PM,07/27/2015 02:52:56 PM,0.04,in,A
02/20/2015 09:32:03 AM,07/27/2015 02:52:56 PM,0.00,in,A
02/19/2015 09:33:59 PM,07/27/2015 02:52:56 PM,0.00,in,A
02/19/2015 09:35:54 AM,07/27/2015 02:52:56 PM,0.00,in,A
02/18/2015 09:37:50 PM,07/27/2015 02:52:56 PM,0.00,in,A
02/18/2015 09:39:46 AM,07/27/2015 02:52:56 PM,0.00,in,A
02/17/2015 09:41:42 PM,07/27/2015 02:52:56 PM,0.00,in,A
02/17/2015 01:39:12 PM,07/27/2015 02:52:56 PM,0.08,in,A
02/17/2015 11:33:51 AM,07/27/2015 02:52:55 PM,0.04,in,A
02/17/2015 09:43:39 AM,07/27/2015 02:52:55 PM,0.00,in,A
02/16/2015 09:45:34 PM,07/27/2015 02:52:55 PM,0.00,in,A
02/16/2015 02:31:51 PM,07/27/2015 02:52:55 PM,0.04,in,A
02/16/2015 01:03:56 PM,07/27/2015 02:52:55 PM,0.04,in,A
02/16/2015 09:47:31 AM,07/27/2015 02:52:55 PM,0.00,in,A
02/15/2015 09:51:23 AM,07/27/2015 02:52:55 PM,0.00,in,A
02/14/2015 09:53:20 PM,07/27/2015 02:52:55 PM,0.00,in,A
02/14/2015 09:55:16 AM,07/27/2015 02:52:55 PM,0.00,in,A
02/13/2015 09:57:12 PM,07/27/2015 02:52:55 PM,0.00,in,A
02/13/2015 09:59:08 AM,07/27/2015 02:52:55 PM,0.00,in,A
02/12/2015 10:01:05 PM,07/27/2015 02:52:54 PM,0.00,in,A
02/12/2015 10:03:01 AM,07/27/2015 02:52:54 PM,0.00,in,A
02/11/2015 10:04:57 PM,07/27/2015 02:52:54 PM,0.00,in,A
02/11/2015 10:06:54 AM,07/27/2015 02:52:54 PM,0.00,in,A
02/10/2015 10:08:51 PM,07/27/2015 02:52:54 PM,0.00,in,A
02/10/2015 10:10:47 AM,07/27/2015 02:52:54 PM,0.00,in,A
02/09/2015 10:12:44 PM,07/27/2015 02:52:54 PM,0.00,in,A
02/09/2015 10:14:40 AM,07/27/2015 02:52:54 PM,0.00,in,A
02/08/2015 10:16:37 PM,07/27/2015 02:52:54 PM,0.00,in,A
02/08/2015 10:18:34 AM,07/27/2015 02:52:54 PM,0.00,in,A
02/07/2015 10:20:30 PM,07/27/2015 02:52:54 PM,0.00,in,A
02/07/2015 10:22:27 AM,07/27/2015 02:52:54 PM,0.00,in,A
02/06/2015 10:24:23 PM,07/27/2015 02:52:54 PM,0.00,in,A
02/06/2015 10:26:20 AM,07/27/2015 02:52:54 PM,0.00,in,A
02/05/2015 10:28:16 PM,07/27/2015 02:52:53 PM,0.00,in,A
02/05/2015 10:30:15 AM,07/27/2015 02:52:53 PM,0.00,in,A
02/04/2015 10:32:13 PM,07/27/2015 02:52:53 PM,0.00,in,A
02/04/2015 10:34:08 AM,07/27/2015 02:52:53 PM,0.00,in,A
02/03/2015 10:36:04 PM,07/27/2015 02:52:53 PM,0.00,in,A
02/03/2015 10:38:01 AM,07/27/2015 02:52:53 PM,0.00,in,A
02/02/2015 10:39:57 PM,07/27/2015 02:52:53 PM,0.00,in,A
02/02/2015 10:41:53 AM,07/27/2015 02:52:53 PM,0.00,in,A
02/01/2015 10:43:49 PM,07/27/2015 02:52:53 PM,0.00,in,A
02/01/2015 03:07:53 PM,07/27/2015 02:52:53 PM,0.04,in,A
02/01/2015 10:45:46 AM,07/27/2015 02:52:53 PM,0.00,in,A
02/01/2015 07:20:37 AM,07/27/2015 02:52:53 PM,0.04,in,A
02/01/2015 04:45:41 AM,07/27/2015 02:52:53 PM,0.04,in,A
02/01/2015 03:08:11 AM,07/27/2015 02:52:53 PM,0.04,in,A
02/01/2015 02:09:23 AM,07/27/2015 02:52:53 PM,0.04,in,A
02/01/2015 01:47:29 AM,07/27/2015 02:52:52 PM,0.04,in,A
02/01/2015 01:19:10 AM,07/27/2015 02:52:52 PM,0.04,in,A
02/01/2015 12:51:49 AM,07/27/2015 02:52:52 PM,0.04,in,A
02/01/2015 12:19:27 AM,07/27/2015 02:52:52 PM,0.04,in,A
01/31/2015 11:52:38 PM,07/27/2015 02:52:52 PM,0.04,in,A
01/31/2015 11:11:57 PM,07/27/2015 02:52:52 PM,0.04,in,A
01/31/2015 10:47:42 PM,07/27/2015 02:52:52 PM,0.00,in,A
01/31/2015 10:11:56 PM,07/27/2015 02:52:52 PM,0.04,in,A
01/31/2015 09:12:37 PM,07/27/2015 02:52:52 PM,0.04,in,A
01/31/2015 08:35:58 PM,07/27/2015 02:52:52 PM,0.04,in,A
01/31/2015 07:53:12 PM,07/27/2015 02:52:52 PM,0.04,in,A
01/31/2015 07:02:42 PM,07/27/2015 02:52:52 PM,0.04,in,A
01/31/2015 06:08:32 PM,07/27/2015 02:52:52 PM,0.04,in,A
01/31/2015 05:13:22 PM,07/27/2015 02:52:52 PM,0.04,in,A
01/31/2015 04:12:46 PM,07/27/2015 02:52:52 PM,0.04,in,A
01/31/2015 02:59:26 PM,07/27/2015 02:52:51 PM,0.04,in,A
01/31/2015 01:36:35 PM,07/27/2015 02:52:51 PM,0.04,in,A
01/31/2015 11:44:23 AM,07/27/2015 02:52:51 PM,0.04,in,A
01/31/2015 10:49:39 AM,07/27/2015 02:52:51 PM,0.00,in,A
01/31/2015 09:18:40 AM,07/27/2015 02:52:51 PM,0.04,in,A
01/31/2015 08:52:25 AM,07/27/2015 02:52:51 PM,0.04,in,A
01/31/2015 08:18:02 AM,07/27/2015 02:52:51 PM,0.04,in,A
01/31/2015 07:24:00 AM,07/27/2015 02:52:51 PM,0.04,in,A
01/31/2015 04:59:29 AM,07/27/2015 02:52:51 PM,0.04,in,A
01/30/2015 10:51:35 PM,07/27/2015 02:52:51 PM,0.00,in,A
01/30/2015 10:53:32 AM,07/27/2015 02:52:51 PM,0.00,in,A
01/29/2015 10:55:28 PM,07/27/2015 02:52:51 PM,0.00,in,A
01/29/2015 10:57:25 AM,07/27/2015 02:52:51 PM,0.00,in,A
01/28/2015 10:59:21 PM,07/27/2015 02:52:51 PM,0.00,in,A
01/28/2015 11:01:18 AM,07/27/2015 02:52:51 PM,0.00,in,A
01/27/2015 11:03:15 PM,07/27/2015 02:52:51 PM,0.00,in,A
01/27/2015 11:05:11 AM,07/27/2015 02:52:50 PM,0.00,in,A
01/26/2015 11:07:07 PM,07/27/2015 02:52:50 PM,0.00,in,A
01/26/2015 11:09:04 AM,07/27/2015 02:52:50 PM,0.00,in,A
01/25/2015 11:11:00 PM,07/27/2015 02:52:50 PM,0.00,in,A
01/25/2015 11:12:57 AM,07/27/2015 02:52:50 PM,0.00,in,A
01/24/2015 11:14:54 PM,07/27/2015 02:52:50 PM,0.00,in,A
01/24/2015 10:11:45 PM,07/27/2015 02:52:50 PM,0.04,in,A
01/24/2015 11:16:50 AM,07/27/2015 02:52:50 PM,0.00,in,A
01/23/2015 11:18:47 PM,07/27/2015 02:52:50 PM,0.00,in,A
01/22/2015 11:22:39 PM,07/27/2015 02:52:50 PM,0.00,in,A
01/22/2015 11:24:36 AM,07/27/2015 02:52:50 PM,0.00,in,A
01/21/2015 11:26:32 PM,07/27/2015 02:52:50 PM,0.00,in,A
01/21/2015 11:28:29 AM,07/27/2015 02:52:50 PM,0.00,in,A
01/20/2015 11:30:25 PM,07/27/2015 02:52:50 PM,0.00,in,A
01/20/2015 11:32:21 AM,07/27/2015 02:52:50 PM,0.00,in,A
01/19/2015 11:34:18 PM,07/27/2015 02:52:49 PM,0.00,in,A
01/19/2015 11:36:14 AM,07/27/2015 02:52:49 PM,0.00,in,A
01/18/2015 11:38:10 PM,07/27/2015 02:52:49 PM,0.00,in,A
01/17/2015 11:42:03 PM,07/27/2015 02:52:49 PM,0.00,in,A
01/17/2015 11:44:00 AM,07/27/2015 02:52:49 PM,0.00,in,A
01/16/2015 11:45:56 PM,07/27/2015 02:52:49 PM,0.00,in,A
01/16/2015 11:47:53 AM,07/27/2015 02:52:49 PM,0.00,in,A
01/15/2015 11:49:49 PM,07/27/2015 02:52:49 PM,0.00,in,A
01/15/2015 11:47:31 AM,07/27/2015 02:52:49 PM,0.00,in,A
01/15/2015 11:47:17 AM,07/27/2015 02:52:49 PM,0.00,in,A
01/15/2015 01:13:49 AM,07/27/2015 02:52:49 PM,0.00,in,A
01/14/2015 01:15:46 PM,07/27/2015 02:52:49 PM,0.00,in,A
01/14/2015 01:17:44 AM,07/27/2015 02:52:49 PM,0.00,in,A
01/13/2015 01:19:42 PM,07/27/2015 02:52:49 PM,0.00,in,A
01/13/2015 01:21:40 AM,07/27/2015 02:52:49 PM,0.00,in,A
01/12/2015 01:23:38 PM,07/27/2015 02:52:48 PM,0.00,in,A
01/11/2015 09:14:32 PM,07/27/2015 02:52:48 PM,0.04,in,A
01/11/2015 01:27:32 PM,07/27/2015 02:52:48 PM,0.00,in,A
01/11/2015 01:29:29 AM,07/27/2015 02:52:48 PM,0.00,in,A
01/10/2015 01:31:26 PM,07/27/2015 02:52:48 PM,0.00,in,A
01/10/2015 01:33:23 AM,07/27/2015 02:52:48 PM,0.00,in,A
01/09/2015 01:35:20 PM,07/27/2015 02:52:48 PM,0.00,in,A
01/09/2015 01:37:19 AM,07/27/2015 02:52:48 PM,0.00,in,A
01/08/2015 01:39:16 PM,07/27/2015 02:52:48 PM,0.00,in,A
01/08/2015 01:41:14 AM,07/27/2015 02:52:48 PM,0.00,in,A
01/07/2015 01:43:12 PM,07/27/2015 02:52:48 PM,0.00,in,A
01/07/2015 01:45:09 AM,07/27/2015 02:52:48 PM,0.00,in,A
01/06/2015 01:47:04 PM,07/27/2015 02:52:48 PM,0.00,in,A
01/06/2015 01:49:00 AM,07/27/2015 02:52:48 PM,0.00,in,A
01/05/2015 01:50:54 PM,07/27/2015 02:52:47 PM,0.00,in,A
01/05/2015 01:52:50 AM,07/27/2015 02:52:47 PM,0.00,in,A
01/04/2015 01:54:44 PM,07/27/2015 02:52:47 PM,0.00,in,A
01/04/2015 01:56:37 AM,07/27/2015 02:52:47 PM,0.00,in,A
01/03/2015 08:59:20 PM,07/27/2015 02:52:47 PM,0.04,in,A
01/03/2015 08:23:14 PM,07/27/2015 02:52:47 PM,0.04,in,A
01/03/2015 01:58:31 PM,07/27/2015 02:52:47 PM,0.00,in,A
01/03/2015 07:52:56 AM,07/27/2015 02:52:47 PM,0.04,in,A
01/03/2015 02:00:24 AM,07/27/2015 02:52:47 PM,0.00,in,A
01/02/2015 02:02:18 PM,07/27/2015 02:52:47 PM,0.00,in,A
01/02/2015 02:04:11 AM,07/27/2015 02:52:47 PM,0.00,in,A
01/01/2015 02:06:05 PM,07/27/2015 02:52:47 PM,0.00,in,AN
12/31/2014 02:09:56 PM,12/31/2014 02:10:25 PM,0.00,in,A
12/31/2014 02:11:50 AM,12/31/2014 02:11:55 AM,0.00,in,A
12/30/2014 02:13:44 PM,12/30/2014 02:13:55 PM,0.00,in,A
12/30/2014 02:15:37 AM,12/30/2014 02:15:55 AM,0.00,in,A
12/29/2014 02:17:30 PM,12/29/2014 02:17:55 PM,0.00,in,A
12/29/2014 02:19:24 AM,12/29/2014 02:19:25 AM,0.00,in,A
12/28/2014 02:21:17 PM,12/28/2014 02:21:25 PM,0.00,in,A
12/28/2014 02:23:11 AM,12/28/2014 02:23:25 AM,0.00,in,A
12/27/2014 02:25:04 PM,12/27/2014 02:25:25 PM,0.00,in,A
12/27/2014 02:26:58 AM,12/27/2014 02:27:25 AM,0.00,in,A
12/26/2014 02:28:52 PM,12/26/2014 02:28:55 PM,0.00,in,A
12/26/2014 02:30:46 AM,12/26/2014 02:30:55 AM,0.00,in,A
12/25/2014 02:32:40 PM,12/25/2014 02:32:55 PM,0.00,in,A
12/25/2014 02:34:33 AM,12/25/2014 02:34:55 AM,0.00,in,A
12/24/2014 02:36:27 PM,12/24/2014 02:36:55 PM,0.00,in,A
12/24/2014 06:36:07 AM,12/24/2014 06:36:25 AM,0.04,in,A
12/24/2014 02:38:21 AM,12/24/2014 02:38:25 AM,0.00,in,A
12/23/2014 11:52:01 PM,12/23/2014 11:52:26 PM,0.04,in,A
12/23/2014 02:40:14 PM,12/23/2014 02:40:25 PM,0.00,in,A
12/23/2014 02:42:08 AM,12/23/2014 02:42:25 AM,0.00,in,A
12/22/2014 02:44:02 PM,12/22/2014 02:44:25 PM,0.00,in,A
12/22/2014 12:21:01 PM,12/22/2014 12:21:25 PM,0.04,in,A
12/22/2014 08:08:43 AM,12/22/2014 08:08:55 AM,0.04,in,A
12/22/2014 02:45:55 AM,12/22/2014 02:46:25 AM,0.00,in,A
12/21/2014 02:47:49 PM,12/21/2014 02:47:55 PM,0.00,in,A
12/21/2014 02:49:43 AM,12/21/2014 02:49:55 AM,0.00,in,A
12/20/2014 02:51:36 PM,12/20/2014 02:51:55 PM,0.00,in,A
12/20/2014 02:53:30 AM,12/20/2014 02:53:55 AM,0.00,in,A
12/19/2014 07:57:53 PM,12/19/2014 07:57:55 PM,0.04,in,A
12/19/2014 02:58:08 PM,12/19/2014 02:58:25 PM,0.04,in,A
12/19/2014 02:55:24 PM,12/19/2014 02:55:25 PM,0.00,in,A
12/19/2014 02:57:17 AM,12/19/2014 02:57:25 AM,0.00,in,A
12/18/2014 03:46:56 PM,12/18/2014 03:47:25 PM,0.04,in,A
12/18/2014 02:59:11 PM,12/18/2014 02:59:25 PM,0.00,in,A
12/18/2014 02:04:56 PM,12/18/2014 02:05:25 PM,0.04,in,A
12/18/2014 01:27:37 PM,12/18/2014 01:27:55 PM,0.04,in,A
12/18/2014 03:01:05 AM,12/18/2014 03:01:25 AM,0.00,in,A
12/17/2014 03:02:58 PM,12/17/2014 03:03:25 PM,0.00,in,A
12/17/2014 03:04:52 AM,12/17/2014 03:04:55 AM,0.00,in,A
12/16/2014 03:06:45 PM,12/16/2014 03:06:55 PM,0.00,in,A
12/16/2014 03:08:39 AM,12/16/2014 03:08:55 AM,0.00,in,A
12/15/2014 03:10:33 PM,12/15/2014 03:10:55 PM,0.00,in,A
12/15/2014 08:14:51 AM,12/15/2014 08:14:55 AM,0.04,in,A
12/15/2014 07:38:14 AM,12/15/2014 07:38:25 AM,0.04,in,A
12/15/2014 03:12:27 AM,12/15/2014 03:12:55 AM,0.00,in,A
12/14/2014 11:21:12 PM,12/14/2014 11:21:25 PM,0.08,in,A
12/14/2014 10:57:25 PM,12/14/2014 10:57:55 PM,0.08,in,A
12/14/2014 10:27:55 PM,12/14/2014 10:28:25 PM,0.04,in,A
12/14/2014 10:18:03 PM,12/14/2014 10:18:25 PM,0.04,in,A
12/14/2014 10:07:42 PM,12/14/2014 10:07:56 PM,0.04,in,A
12/14/2014 09:53:28 PM,12/14/2014 09:53:55 PM,0.04,in,A
12/14/2014 09:42:16 PM,12/14/2014 09:42:25 PM,0.04,in,A
12/14/2014 09:30:02 PM,12/14/2014 09:30:25 PM,0.04,in,A
12/14/2014 09:09:32 PM,12/14/2014 09:09:56 PM,0.04,in,A
12/14/2014 08:52:58 PM,12/14/2014 08:53:25 PM,0.04,in,A
12/14/2014 08:40:36 PM,12/14/2014 08:40:55 PM,0.04,in,A
12/14/2014 08:33:45 PM,12/14/2014 08:33:56 PM,0.04,in,A
12/14/2014 08:25:33 PM,12/14/2014 08:25:55 PM,0.04,in,A
12/14/2014 08:16:06 PM,12/14/2014 08:16:25 PM,0.04,in,A
12/14/2014 08:07:57 PM,12/14/2014 08:08:25 PM,0.04,in,A
12/14/2014 07:52:44 PM,12/14/2014 07:52:55 PM,0.04,in,A
12/14/2014 03:14:21 PM,12/14/2014 03:14:25 PM,0.00,in,A
12/14/2014 03:16:15 AM,12/14/2014 03:16:25 AM,0.00,in,A
12/13/2014 03:18:09 PM,12/13/2014 03:18:25 PM,0.00,in,A
12/13/2014 03:20:03 AM,12/13/2014 03:20:25 AM,0.00,in,A
12/12/2014 03:21:56 PM,12/12/2014 03:22:25 PM,0.00,in,A
12/12/2014 03:23:50 AM,12/12/2014 03:23:55 AM,0.00,in,A
12/11/2014 03:25:44 PM,12/11/2014 03:25:55 PM,0.00,in,A
12/11/2014 03:27:37 AM,12/11/2014 03:27:55 AM,0.00,in,A
12/10/2014 07:06:25 PM,12/10/2014 07:06:55 PM,0.04,in,A
12/10/2014 03:29:31 PM,12/10/2014 03:29:55 PM,0.00,in,A
12/10/2014 03:21:42 PM,12/10/2014 03:21:55 PM,0.04,in,A
12/10/2014 10:32:21 AM,12/10/2014 10:40:20 AM,0.00,in,AS
12/10/2014 03:31:25 AM,12/10/2014 10:32:09 AM,0.00,in,A
12/09/2014 03:33:18 PM,12/09/2014 03:33:25 PM,0.00,in,A
12/09/2014 03:35:12 AM,12/09/2014 03:35:25 AM,0.00,in,A
12/08/2014 03:37:06 PM,12/08/2014 03:37:25 PM,0.00,in,A
12/08/2014 03:38:59 AM,12/08/2014 03:39:25 AM,0.00,in,A
12/07/2014 03:40:53 PM,12/07/2014 03:40:55 PM,0.00,in,A
12/07/2014 03:42:47 AM,12/07/2014 03:42:55 AM,0.00,in,A
12/06/2014 03:44:41 PM,12/06/2014 03:44:55 PM,0.00,in,A
12/06/2014 03:46:34 AM,12/06/2014 03:46:55 AM,0.04,in,A
12/05/2014 12:57:26 PM,12/05/2014 12:57:55 PM,0.04,in,A
12/05/2014 09:23:55 AM,12/05/2014 09:24:25 AM,0.04,in,A
12/05/2014 09:07:35 AM,12/05/2014 09:07:55 AM,0.04,in,A
12/05/2014 08:23:03 AM,12/05/2014 08:23:25 AM,0.04,in,A
12/05/2014 08:01:41 AM,12/05/2014 08:01:55 AM,0.04,in,A
12/05/2014 07:32:54 AM,12/05/2014 07:32:55 AM,0.04,in,A
12/05/2014 06:46:45 AM,12/05/2014 06:46:55 AM,0.04,in,A
12/05/2014 06:30:21 AM,12/05/2014 06:30:25 AM,0.04,in,A
12/05/2014 06:06:11 AM,12/05/2014 06:06:25 AM,0.04,in,A
12/05/2014 05:42:46 AM,12/05/2014 05:42:55 AM,0.04,in,A
12/05/2014 05:20:06 AM,12/05/2014 05:20:25 AM,0.04,in,A
12/05/2014 04:58:08 AM,12/05/2014 04:58:25 AM,0.04,in,A
12/05/2014 04:29:47 AM,12/05/2014 04:29:55 AM,0.04,in,A
12/05/2014 03:54:06 AM,12/05/2014 03:54:25 AM,0.04,in,A
12/05/2014 03:50:22 AM,12/05/2014 03:50:25 AM,0.00,in,A
12/05/2014 03:24:25 AM,12/05/2014 03:24:55 AM,0.04,in,A
12/05/2014 03:06:55 AM,12/05/2014 03:07:25 AM,0.04,in,A
12/05/2014 02:46:30 AM,12/05/2014 02:46:55 AM,0.04,in,A
12/05/2014 02:32:28 AM,12/05/2014 02:32:55 AM,0.04,in,A
12/05/2014 02:11:23 AM,12/05/2014 02:11:25 AM,0.04,in,A
12/04/2014 03:52:16 PM,12/04/2014 03:52:25 PM,0.00,in,A
12/04/2014 03:54:09 AM,12/04/2014 03:54:25 AM,0.00,in,A
12/03/2014 03:56:03 PM,12/03/2014 03:56:25 PM,0.00,in,A
12/03/2014 03:57:57 AM,12/03/2014 03:58:25 AM,0.00,in,A
12/02/2014 03:59:50 PM,12/02/2014 03:59:55 PM,0.00,in,A
12/02/2014 04:01:44 AM,12/02/2014 04:01:55 AM,0.00,in,A
12/01/2014 04:03:37 PM,12/01/2014 04:03:55 PM,0.00,in,A
12/01/2014 04:05:30 AM,12/01/2014 04:05:55 AM,0.00,in,A
11/30/2014 04:07:24 PM,11/30/2014 04:07:25 PM,0.00,in,A
11/30/2014 04:09:18 AM,11/30/2014 04:09:25 AM,0.00,in,A
11/29/2014 04:11:12 PM,11/29/2014 04:11:25 PM,0.00,in,A
11/29/2014 04:13:06 AM,11/29/2014 04:13:25 AM,0.00,in,A
11/28/2014 04:15:00 PM,11/28/2014 04:15:25 PM,0.00,in,A
11/28/2014 04:16:53 AM,11/28/2014 04:16:55 AM,0.00,in,A
11/27/2014 04:18:47 PM,11/27/2014 04:18:55 PM,0.00,in,A
11/27/2014 04:20:41 AM,11/27/2014 04:20:55 AM,0.00,in,A
11/26/2014 04:22:34 PM,11/26/2014 04:22:55 PM,0.00,in,A
11/26/2014 04:24:28 AM,11/26/2014 04:24:55 AM,0.00,in,A
11/26/2014 04:14:31 AM,11/26/2014 04:14:55 AM,0.04,in,A
11/25/2014 04:26:21 PM,11/25/2014 04:26:25 PM,0.00,in,A
11/25/2014 04:28:15 AM,11/25/2014 04:28:25 AM,0.00,in,A
11/24/2014 04:30:09 PM,11/24/2014 04:30:25 PM,0.00,in,A
11/24/2014 04:32:02 AM,11/24/2014 04:32:25 AM,0.00,in,A
11/23/2014 08:30:56 PM,11/23/2014 08:31:25 PM,0.04,in,A
11/23/2014 07:44:40 PM,11/23/2014 07:44:55 PM,0.04,in,A
11/23/2014 06:39:47 PM,11/23/2014 06:39:55 PM,0.04,in,A
11/23/2014 06:35:22 PM,11/23/2014 06:35:25 PM,0.04,in,A
11/23/2014 04:45:24 PM,11/23/2014 04:45:25 PM,0.04,in,A
11/23/2014 04:33:56 PM,11/23/2014 04:34:25 PM,0.00,in,A
11/23/2014 02:54:57 PM,11/23/2014 02:55:25 PM,0.04,in,A
11/23/2014 04:35:50 AM,11/23/2014 04:35:55 AM,0.00,in,A
11/22/2014 04:37:44 PM,11/22/2014 04:37:55 PM,0.00,in,A
11/22/2014 04:39:38 AM,11/22/2014 04:39:55 AM,0.00,in,A
11/21/2014 04:41:32 PM,11/21/2014 04:41:55 PM,0.00,in,A
11/21/2014 02:11:05 PM,11/21/2014 02:11:25 PM,0.04,in,A
11/21/2014 04:43:25 AM,11/21/2014 04:43:55 AM,0.00,in,A
11/20/2014 04:45:19 PM,11/20/2014 04:45:25 PM,0.00,in,A
11/20/2014 04:47:12 AM,11/20/2014 04:47:25 AM,0.00,in,A
11/19/2014 04:49:06 PM,11/19/2014 04:49:25 PM,0.00,in,A
11/19/2014 04:50:59 AM,11/19/2014 04:51:25 AM,0.00,in,A
11/18/2014 04:52:53 PM,11/18/2014 04:52:55 PM,0.00,in,A
11/18/2014 04:54:46 AM,11/18/2014 04:54:56 AM,0.00,in,A
11/17/2014 04:56:39 PM,11/17/2014 04:56:55 PM,0.00,in,A
11/17/2014 04:58:33 AM,11/17/2014 04:58:55 AM,0.00,in,A
11/16/2014 05:00:26 PM,11/16/2014 05:00:55 PM,0.00,in,A
11/16/2014 05:02:19 AM,11/16/2014 05:02:25 AM,0.00,in,A
11/15/2014 05:04:13 PM,11/15/2014 05:04:25 PM,0.00,in,A
11/15/2014 05:06:06 AM,11/15/2014 05:06:25 AM,0.00,in,A
11/14/2014 05:08:00 PM,11/14/2014 05:08:25 PM,0.00,in,A
11/14/2014 05:09:53 AM,11/14/2014 05:09:55 AM,0.00,in,A
11/13/2014 05:11:47 PM,11/13/2014 05:11:55 PM,0.00,in,A
11/13/2014 05:13:40 AM,11/13/2014 05:13:55 AM,0.00,in,A
11/12/2014 05:15:34 PM,11/12/2014 05:15:55 PM,0.00,in,A
11/12/2014 05:17:27 AM,11/12/2014 05:17:55 AM,0.00,in,A
11/11/2014 05:19:21 PM,11/11/2014 05:19:26 PM,0.00,in,A
11/11/2014 05:21:15 AM,11/11/2014 05:21:25 AM,0.00,in,A
11/10/2014 05:23:09 PM,11/10/2014 05:23:25 PM,0.00,in,A
11/10/2014 05:25:03 AM,11/10/2014 05:25:25 AM,0.00,in,A
11/09/2014 05:26:57 PM,11/09/2014 05:27:25 PM,0.00,in,A
11/09/2014 05:28:51 AM,11/09/2014 05:28:55 AM,0.00,in,A
11/08/2014 05:30:45 PM,11/08/2014 05:30:55 PM,0.00,in,A
11/08/2014 05:32:39 AM,11/08/2014 05:32:55 AM,0.00,in,A
11/07/2014 05:34:33 PM,11/07/2014 05:34:55 PM,0.00,in,A
11/07/2014 05:36:27 AM,11/07/2014 05:36:55 AM,0.00,in,A
11/06/2014 05:38:21 PM,11/06/2014 05:38:25 PM,0.00,in,A
11/06/2014 05:40:15 AM,11/06/2014 05:40:25 AM,0.00,in,A
11/05/2014 05:42:09 PM,11/05/2014 05:42:25 PM,0.00,in,A
11/05/2014 05:44:03 AM,11/05/2014 05:44:25 AM,0.00,in,A
11/04/2014 05:45:57 PM,11/04/2014 05:46:25 PM,0.00,in,A
11/04/2014 05:47:51 AM,11/04/2014 05:47:55 AM,0.00,in,A
11/03/2014 11:11:55 PM,11/03/2014 11:12:25 PM,0.04,in,A
11/03/2014 08:43:01 PM,11/03/2014 08:43:25 PM,0.04,in,A
11/03/2014 06:16:32 PM,11/03/2014 06:16:55 PM,0.04,in,A
11/03/2014 05:49:45 PM,11/03/2014 05:49:55 PM,0.00,in,A
11/03/2014 05:51:39 AM,11/03/2014 05:51:56 AM,0.00,in,A
11/02/2014 05:55:28 AM,11/02/2014 05:55:55 AM,0.00,in,A
11/01/2014 06:57:22 PM,11/01/2014 06:57:25 PM,0.00,in,A
11/01/2014 06:59:15 AM,11/01/2014 06:59:25 AM,0.00,in,A
10/31/2014 07:01:09 PM,10/31/2014 07:01:25 PM,0.00,in,A
10/31/2014 07:03:03 AM,10/31/2014 07:03:25 AM,0.00,in,A
10/30/2014 07:04:57 PM,10/30/2014 07:05:25 PM,0.00,in,A
10/30/2014 07:06:51 AM,10/30/2014 07:06:55 AM,0.00,in,A
10/29/2014 07:08:46 PM,10/29/2014 07:08:55 PM,0.00,in,A
10/29/2014 07:10:40 AM,10/29/2014 07:10:55 AM,0.00,in,A
10/28/2014 07:12:34 PM,10/28/2014 07:12:55 PM,0.00,in,A
10/28/2014 07:14:28 AM,10/28/2014 07:14:55 AM,0.00,in,A
10/27/2014 07:16:22 PM,10/27/2014 07:16:25 PM,0.00,in,A
10/27/2014 07:18:16 AM,10/27/2014 07:18:25 AM,0.00,in,A
10/26/2014 07:20:11 PM,10/26/2014 07:20:25 PM,0.00,in,A
10/26/2014 07:22:05 AM,10/26/2014 07:22:25 AM,0.00,in,A
10/25/2014 07:23:59 PM,10/25/2014 07:24:25 PM,0.00,in,A
10/25/2014 07:25:53 AM,10/25/2014 07:25:55 AM,0.00,in,A
10/24/2014 07:27:48 PM,10/24/2014 07:27:55 PM,0.00,in,A
10/24/2014 07:29:42 AM,10/24/2014 07:29:55 AM,0.00,in,A
10/23/2014 07:31:36 PM,10/23/2014 07:31:55 PM,0.00,in,A
10/23/2014 08:03:18 AM,10/23/2014 08:03:26 AM,0.04,in,A
10/23/2014 07:33:30 AM,10/23/2014 07:33:55 AM,0.00,in,A
10/23/2014 07:18:49 AM,10/23/2014 07:18:55 AM,0.04,in,A
10/23/2014 05:02:20 AM,10/23/2014 05:02:25 AM,0.04,in,A
10/23/2014 04:12:37 AM,10/23/2014 04:12:56 AM,0.04,in,A
10/22/2014 07:35:25 PM,10/22/2014 07:35:55 PM,0.00,in,A
10/22/2014 07:37:19 AM,10/22/2014 07:37:25 AM,0.00,in,A
10/21/2014 07:39:13 PM,10/21/2014 07:39:25 PM,0.00,in,A
10/21/2014 07:41:07 AM,10/21/2014 07:41:25 AM,0.00,in,A
10/20/2014 07:43:01 PM,10/20/2014 07:43:25 PM,0.00,in,A
10/20/2014 07:44:56 AM,10/20/2014 07:45:25 AM,0.00,in,A
10/19/2014 07:46:50 PM,10/19/2014 07:46:55 PM,0.00,in,A
10/19/2014 07:48:44 AM,10/19/2014 07:48:55 AM,0.00,in,A
10/18/2014 07:50:38 PM,10/18/2014 07:50:55 PM,0.00,in,A
10/18/2014 07:52:32 AM,10/18/2014 07:52:55 AM,0.00,in,A
10/17/2014 07:54:26 PM,10/17/2014 07:54:55 PM,0.00,in,A
10/17/2014 07:56:20 AM,10/17/2014 07:56:25 AM,0.00,in,A
10/16/2014 07:58:14 PM,10/16/2014 07:58:25 PM,0.00,in,A
10/16/2014 08:00:08 AM,10/16/2014 08:00:25 AM,0.00,in,A
10/15/2014 08:02:03 PM,10/15/2014 08:02:25 PM,0.00,in,A
10/15/2014 08:03:57 AM,10/15/2014 08:04:25 AM,0.00,in,A
10/14/2014 08:05:51 PM,10/14/2014 08:05:55 PM,0.00,in,A
10/14/2014 08:07:45 AM,10/14/2014 08:07:56 AM,0.00,in,A
10/13/2014 08:39:27 PM,10/13/2014 08:39:55 PM,0.04,in,A
10/13/2014 08:09:39 PM,10/13/2014 08:09:55 PM,0.00,in,A
10/13/2014 07:54:19 PM,10/13/2014 07:54:25 PM,0.04,in,A
10/13/2014 07:29:18 PM,10/13/2014 07:29:25 PM,0.04,in,A
10/13/2014 07:13:55 PM,10/13/2014 07:14:25 PM,0.04,in,A
10/13/2014 06:58:11 PM,10/13/2014 06:58:25 PM,0.04,in,A
10/13/2014 06:45:28 PM,10/13/2014 06:45:55 PM,0.04,in,A
10/13/2014 06:29:07 PM,10/13/2014 06:29:26 PM,0.08,in,A
10/13/2014 06:07:51 PM,10/13/2014 06:07:55 PM,0.04,in,A
10/13/2014 05:48:50 PM,10/13/2014 05:48:55 PM,0.04,in,A
10/13/2014 05:33:35 PM,10/13/2014 05:33:56 PM,0.04,in,A
10/13/2014 05:03:57 PM,10/13/2014 05:04:25 PM,0.04,in,A
10/13/2014 04:39:58 PM,10/13/2014 04:40:25 PM,0.04,in,A
10/13/2014 04:25:29 PM,10/13/2014 04:25:56 PM,0.04,in,A
10/13/2014 04:16:00 PM,10/13/2014 04:16:25 PM,0.04,in,A
10/13/2014 04:08:26 PM,10/13/2014 04:08:55 PM,0.04,in,A
10/13/2014 03:58:19 PM,10/13/2014 03:58:25 PM,0.04,in,A
10/13/2014 01:47:20 PM,10/13/2014 01:47:25 PM,0.04,in,A
10/13/2014 12:28:42 PM,10/13/2014 12:28:55 PM,0.04,in,A
10/13/2014 12:02:53 PM,10/13/2014 12:02:57 PM,0.04,in,A
10/13/2014 11:44:29 AM,10/13/2014 11:44:55 AM,0.08,in,A
10/13/2014 11:22:14 AM,10/13/2014 11:22:25 AM,0.04,in,A
10/13/2014 11:10:06 AM,10/13/2014 11:10:25 AM,0.04,in,A
10/13/2014 11:00:46 AM,10/13/2014 11:00:55 AM,0.04,in,A
10/13/2014 09:47:59 AM,10/13/2014 09:48:25 AM,0.04,in,A
10/13/2014 09:03:02 AM,10/13/2014 09:03:25 AM,0.04,in,A
10/13/2014 08:32:57 AM,10/13/2014 08:33:25 AM,0.08,in,A
10/13/2014 08:11:34 AM,10/13/2014 08:11:56 AM,0.00,in,A
10/13/2014 08:02:51 AM,10/13/2014 08:02:56 AM,0.04,in,A
10/13/2014 07:55:00 AM,10/13/2014 07:55:25 AM,0.04,in,A
10/13/2014 07:45:44 AM,10/13/2014 07:45:55 AM,0.04,in,A
10/13/2014 07:20:54 AM,10/13/2014 07:20:55 AM,0.04,in,A
10/13/2014 06:57:27 AM,10/13/2014 06:57:55 AM,0.04,in,A
10/13/2014 06:43:03 AM,10/13/2014 06:43:25 AM,0.04,in,A
10/13/2014 05:30:04 AM,10/13/2014 05:30:25 AM,0.04,in,A
10/13/2014 03:21:41 AM,10/13/2014 03:21:55 AM,0.08,in,A
10/12/2014 08:13:28 PM,10/12/2014 08:13:55 PM,0.00,in,A
10/12/2014 08:15:22 AM,10/12/2014 08:15:25 AM,0.00,in,A
10/11/2014 08:17:17 PM,10/11/2014 08:17:25 PM,0.00,in,A
10/11/2014 08:19:11 AM,10/11/2014 08:19:25 AM,0.00,in,A
10/10/2014 08:21:05 PM,10/10/2014 08:21:25 PM,0.00,in,A
10/10/2014 09:25:18 AM,10/10/2014 09:25:25 AM,0.04,in,A
10/10/2014 08:22:59 AM,10/10/2014 08:23:25 AM,0.00,in,A
10/10/2014 01:58:37 AM,10/10/2014 01:58:55 AM,0.04,in,A
10/10/2014 01:32:54 AM,10/10/2014 01:32:55 AM,0.04,in,A
10/10/2014 01:19:39 AM,10/10/2014 01:19:55 AM,0.04,in,A
10/10/2014 01:07:51 AM,10/10/2014 01:07:56 AM,0.04,in,A
10/10/2014 12:58:09 AM,10/10/2014 12:58:26 AM,0.04,in,A
10/10/2014 12:48:58 AM,10/10/2014 12:49:25 AM,0.08,in,A
10/10/2014 12:07:52 AM,10/10/2014 12:07:56 AM,0.04,in,A
10/10/2014 12:02:17 AM,10/10/2014 12:02:27 AM,0.08,in,A
10/09/2014 11:41:30 PM,10/09/2014 11:41:55 PM,0.04,in,A
10/09/2014 11:32:51 PM,10/09/2014 11:32:55 PM,0.04,in,A
10/09/2014 11:14:47 PM,10/09/2014 11:14:55 PM,0.04,in,A
10/09/2014 10:52:16 PM,10/09/2014 10:52:25 PM,0.04,in,A
10/09/2014 10:21:44 PM,10/09/2014 10:21:55 PM,0.04,in,A
10/09/2014 10:00:56 PM,10/09/2014 10:01:25 PM,0.04,in,A
10/09/2014 09:36:49 PM,10/09/2014 09:36:55 PM,0.04,in,A
10/09/2014 08:59:49 PM,10/09/2014 08:59:55 PM,0.08,in,A
10/09/2014 08:24:54 PM,10/09/2014 08:24:56 PM,0.00,in,A
10/09/2014 08:20:05 PM,10/09/2014 08:20:25 PM,0.04,in,A
10/09/2014 08:10:39 PM,10/09/2014 08:10:55 PM,0.04,in,A
10/09/2014 07:59:09 PM,10/09/2014 07:59:26 PM,0.04,in,A
10/09/2014 07:38:08 PM,10/09/2014 07:38:25 PM,0.12,in,A
10/09/2014 06:39:32 PM,10/09/2014 06:39:55 PM,0.04,in,A
10/09/2014 06:09:34 PM,10/09/2014 06:09:55 PM,0.04,in,A
10/09/2014 10:50:26 AM,10/09/2014 10:50:55 AM,0.08,in,A
10/09/2014 10:22:37 AM,10/09/2014 10:22:56 AM,0.12,in,A
10/09/2014 09:54:19 AM,10/09/2014 09:54:26 AM,0.04,in,A
10/09/2014 08:49:13 AM,10/09/2014 08:49:25 AM,0.04,in,A
10/09/2014 08:31:36 AM,10/09/2014 08:31:56 AM,0.04,in,A
10/09/2014 08:26:48 AM,10/09/2014 08:26:56 AM,0.00,in,A
10/09/2014 08:17:10 AM,10/09/2014 08:17:26 AM,0.04,in,A
10/08/2014 08:28:42 PM,10/08/2014 08:28:55 PM,0.00,in,A
10/08/2014 08:30:37 AM,10/08/2014 08:30:55 AM,0.00,in,A
10/07/2014 08:32:31 PM,10/07/2014 08:32:55 PM,0.00,in,A
10/07/2014 08:34:25 AM,10/07/2014 08:34:55 AM,0.00,in,A
10/06/2014 08:38:14 AM,10/06/2014 08:38:25 AM,0.00,in,A
10/06/2014 03:08:37 AM,10/06/2014 03:08:55 AM,0.04,in,A
10/05/2014 08:42:02 AM,10/05/2014 08:42:25 AM,0.00,in,A
10/04/2014 08:43:56 PM,10/04/2014 08:44:25 PM,0.00,in,A
10/04/2014 08:45:50 AM,10/04/2014 08:45:55 AM,0.00,in,A
10/03/2014 08:47:44 PM,10/03/2014 08:47:55 PM,0.00,in,A
10/03/2014 10:21:31 AM,10/03/2014 10:21:55 AM,0.04,in,A
10/03/2014 08:49:39 AM,10/03/2014 08:49:55 AM,0.00,in,A
10/02/2014 08:51:33 PM,10/02/2014 08:51:55 PM,0.04,in,A
10/02/2014 12:18:05 PM,10/02/2014 12:18:26 PM,0.08,in,AN
10/02/2014 12:13:03 PM,10/02/2014 12:13:26 PM,0.04,in,A
10/02/2014 12:12:40 PM,10/02/2014 12:12:56 PM,0.04,in,A
10/02/2014 12:12:11 PM,10/02/2014 12:12:26 PM,0.04,in,A
10/02/2014 12:11:38 PM,10/02/2014 12:11:56 PM,0.04,in,A
10/02/2014 12:11:06 PM,10/02/2014 12:11:26 PM,0.08,in,A
10/02/2014 12:09:45 PM,10/02/2014 12:09:57 PM,0.16,in,A
10/02/2014 10:56:11 AM,10/02/2014 10:56:26 AM,0.04,in,A
10/02/2014 10:54:44 AM,10/02/2014 10:54:55 AM,0.04,in,A
10/02/2014 10:53:38 AM,10/02/2014 10:53:55 AM,0.04,in,A
10/02/2014 10:52:34 AM,10/02/2014 10:52:55 AM,0.08,in,A
10/02/2014 09:30:13 AM,10/02/2014 09:30:25 AM,0.04,in,A
10/02/2014 09:03:00 AM,10/02/2014 09:03:25 AM,0.04,in,A
10/02/2014 08:53:28 AM,10/02/2014 08:53:55 AM,0.00,in,A
10/02/2014 08:33:00 AM,10/02/2014 08:33:26 AM,0.04,in,A
10/02/2014 08:22:29 AM,10/02/2014 08:22:55 AM,0.04,in,A
10/02/2014 06:58:22 AM,10/02/2014 06:58:25 AM,0.04,in,A
10/02/2014 06:45:31 AM,10/02/2014 06:45:55 AM,0.04,in,A
10/02/2014 06:42:55 AM,10/02/2014 06:43:25 AM,0.04,in,A
10/02/2014 06:37:49 AM,10/02/2014 06:37:55 AM,0.04,in,A
10/02/2014 01:11:53 AM,10/02/2014 01:11:55 AM,0.04,in,A
10/02/2014 01:09:28 AM,10/02/2014 01:09:55 AM,0.04,in,A
10/02/2014 01:04:27 AM,10/02/2014 01:04:55 AM,0.04,in,A
10/02/2014 01:03:06 AM,10/02/2014 01:03:25 AM,0.04,in,A
10/02/2014 01:01:57 AM,10/02/2014 01:02:25 AM,0.04,in,A
10/02/2014 12:35:41 AM,10/02/2014 12:35:56 AM,0.04,in,A
10/02/2014 12:30:53 AM,10/02/2014 12:30:55 AM,0.04,in,A
10/02/2014 12:29:03 AM,10/02/2014 12:29:25 AM,0.04,in,A
10/02/2014 12:27:46 AM,10/02/2014 12:27:55 AM,0.04,in,A
10/02/2014 12:26:23 AM,10/02/2014 12:26:25 AM,0.04,in,A
10/02/2014 12:25:04 AM,10/02/2014 12:25:25 AM,0.04,in,A
10/02/2014 12:23:32 AM,10/02/2014 12:23:55 AM,0.04,in,A
10/02/2014 12:21:29 AM,10/02/2014 12:21:55 AM,0.04,in,A
10/02/2014 12:19:24 AM,10/02/2014 12:19:25 AM,0.04,in,A
10/02/2014 12:14:43 AM,10/02/2014 12:14:55 AM,0.04,in,A
10/02/2014 12:09:58 AM,10/02/2014 12:10:25 AM,0.04,in,A
10/02/2014 12:07:37 AM,10/02/2014 12:07:55 AM,0.04,in,A
10/02/2014 12:01:08 AM,10/02/2014 12:01:30 AM,0.04,in,A
10/01/2014 11:56:45 PM,10/01/2014 11:56:56 PM,0.04,in,A
10/01/2014 11:54:30 PM,10/01/2014 11:54:55 PM,0.04,in,A
10/01/2014 11:41:48 PM,10/01/2014 11:41:55 PM,0.04,in,A
10/01/2014 11:17:00 PM,10/01/2014 11:17:25 PM,0.04,in,A
10/01/2014 10:03:26 PM,10/01/2014 10:03:55 PM,0.04,in,A
10/01/2014 10:02:22 PM,10/01/2014 10:02:26 PM,0.04,in,A
10/01/2014 10:01:15 PM,10/01/2014 10:01:26 PM,0.04,in,A
10/01/2014 09:56:19 PM,10/01/2014 09:56:26 PM,0.04,in,A
10/01/2014 09:36:21 PM,10/01/2014 09:36:27 PM,0.04,in,A
10/01/2014 08:55:23 PM,10/01/2014 08:55:25 PM,0.00,in,A
10/01/2014 05:48:51 PM,10/01/2014 05:48:56 PM,0.04,in,A
10/01/2014 05:47:10 PM,10/01/2014 05:47:26 PM,0.08,in,A
10/01/2014 05:24:28 PM,10/01/2014 05:24:55 PM,0.04,in,A
10/01/2014 05:23:04 PM,10/01/2014 05:23:25 PM,0.04,in,A
10/01/2014 05:22:38 PM,10/01/2014 05:22:56 PM,0.04,in,A
10/01/2014 05:22:15 PM,10/01/2014 05:22:25 PM,0.04,in,A
10/01/2014 05:21:39 PM,10/01/2014 05:21:55 PM,0.04,in,A
10/01/2014 05:20:53 PM,10/01/2014 05:20:55 PM,0.04,in,A
10/01/2014 05:20:24 PM,10/01/2014 05:20:25 PM,0.04,in,A
10/01/2014 05:20:02 PM,10/01/2014 05:20:25 PM,0.04,in,A
10/01/2014 05:19:41 PM,10/01/2014 05:19:55 PM,0.04,in,A
10/01/2014 05:19:18 PM,10/01/2014 05:19:26 PM,0.04,in,A
10/01/2014 05:18:48 PM,10/01/2014 05:18:55 PM,0.04,in,A
10/01/2014 05:18:08 PM,10/01/2014 05:18:25 PM,0.04,in,A
10/01/2014 05:17:22 PM,10/01/2014 05:17:25 PM,0.04,in,A
10/01/2014 05:16:32 PM,10/01/2014 05:16:55 PM,0.04,in,A
10/01/2014 12:59:38 PM,10/01/2014 12:59:55 PM,0.04,in,A
10/01/2014 08:57:17 AM,10/01/2014 08:57:25 AM,0.00,in,A
10/01/2014 07:01:07 AM,10/01/2014 07:01:25 AM,0.04,in,A
10/01/2014 06:31:15 AM,10/01/2014 06:31:25 AM,0.04,in,A
09/30/2014 08:59:12 PM,09/30/2014 08:59:25 PM,0.00,in,A
09/30/2014 09:01:06 AM,09/30/2014 09:01:25 AM,0.00,in,A
09/29/2014 09:03:00 PM,09/29/2014 09:03:25 PM,0.00,in,A
09/29/2014 09:04:54 AM,09/29/2014 09:04:55 AM,0.00,in,A
09/28/2014 09:06:49 PM,09/28/2014 09:06:55 PM,0.00,in,A
09/28/2014 09:08:43 AM,09/28/2014 09:08:55 AM,0.00,in,A
09/27/2014 09:10:37 PM,09/27/2014 09:10:55 PM,0.00,in,A
09/27/2014 09:12:32 AM,09/27/2014 09:12:55 AM,0.00,in,A
09/26/2014 09:14:26 PM,09/26/2014 09:14:55 PM,0.00,in,A
09/26/2014 09:16:20 AM,09/26/2014 09:16:25 AM,0.00,in,A
09/25/2014 09:18:15 PM,09/25/2014 09:18:25 PM,0.00,in,A
09/25/2014 09:20:09 AM,09/25/2014 09:20:25 AM,0.00,in,A
09/24/2014 09:22:03 PM,09/24/2014 09:22:25 PM,0.00,in,A
09/24/2014 02:40:17 PM,09/24/2014 02:40:25 PM,0.04,in,A
09/24/2014 09:23:57 AM,09/24/2014 09:24:25 AM,0.00,in,A
09/23/2014 09:25:52 PM,09/23/2014 09:25:55 PM,0.00,in,A
09/23/2014 09:27:46 AM,09/23/2014 09:27:55 AM,0.00,in,A
09/22/2014 09:29:40 PM,09/22/2014 09:29:55 PM,0.00,in,A
09/22/2014 09:31:35 AM,09/22/2014 09:31:55 AM,0.00,in,A
09/21/2014 09:33:29 PM,09/21/2014 09:33:55 PM,0.00,in,A
09/21/2014 09:35:23 AM,09/21/2014 09:35:25 AM,0.00,in,A
09/20/2014 09:37:18 PM,09/20/2014 09:37:25 PM,0.00,in,A
09/20/2014 09:39:12 AM,09/20/2014 09:39:25 AM,0.00,in,A
09/19/2014 09:41:06 PM,09/19/2014 09:41:25 PM,0.00,in,A
09/19/2014 09:43:01 AM,09/19/2014 09:43:25 AM,0.00,in,A
09/18/2014 09:44:55 PM,09/18/2014 09:45:25 PM,0.00,in,A
09/18/2014 09:46:49 AM,09/18/2014 09:46:55 AM,0.00,in,A
09/17/2014 09:48:43 PM,09/17/2014 09:48:55 PM,0.00,in,A
09/17/2014 09:50:38 AM,09/17/2014 09:50:55 AM,0.00,in,A
09/17/2014 06:38:50 AM,09/17/2014 06:38:55 AM,0.04,in,A
09/17/2014 05:51:29 AM,09/17/2014 05:51:55 AM,0.04,in,A
09/17/2014 05:48:43 AM,09/17/2014 05:48:55 AM,0.04,in,A
09/17/2014 05:47:50 AM,09/17/2014 05:47:55 AM,0.04,in,A
09/17/2014 05:45:51 AM,09/17/2014 05:45:56 AM,0.04,in,A
09/17/2014 05:38:36 AM,09/17/2014 05:38:55 AM,0.04,in,A
09/17/2014 05:15:12 AM,09/17/2014 05:15:25 AM,0.04,in,A
09/17/2014 05:12:14 AM,09/17/2014 05:12:25 AM,0.04,in,A
09/17/2014 05:06:56 AM,09/17/2014 05:07:25 AM,0.04,in,A
09/16/2014 09:52:32 PM,09/16/2014 09:52:55 PM,0.00,in,A
09/16/2014 09:54:27 AM,09/16/2014 09:54:55 AM,0.00,in,A
09/15/2014 09:56:21 PM,09/15/2014 09:56:25 PM,0.00,in,A
09/15/2014 09:58:15 AM,09/15/2014 09:58:25 AM,0.00,in,A
09/14/2014 10:00:09 PM,09/14/2014 10:00:25 PM,0.00,in,A
09/14/2014 10:02:04 AM,09/14/2014 10:02:25 AM,0.00,in,A
09/13/2014 10:03:58 PM,09/13/2014 10:04:25 PM,0.00,in,A
09/13/2014 10:05:52 AM,09/13/2014 10:05:55 AM,0.00,in,A
09/12/2014 10:07:46 PM,09/12/2014 10:07:55 PM,0.00,in,A
09/12/2014 10:09:41 AM,09/12/2014 10:09:55 AM,0.00,in,A
09/11/2014 10:11:35 PM,09/11/2014 10:11:55 PM,0.00,in,A
09/11/2014 10:13:29 AM,09/11/2014 10:13:55 AM,0.00,in,A
09/10/2014 10:15:23 PM,09/10/2014 10:15:25 PM,0.00,in,A
09/10/2014 10:17:18 AM,09/10/2014 10:17:25 AM,0.00,in,A
09/10/2014 03:28:06 AM,09/10/2014 03:28:25 AM,0.04,in,A
09/10/2014 03:17:09 AM,09/10/2014 03:17:25 AM,0.04,in,A
09/10/2014 03:10:25 AM,09/10/2014 03:10:55 AM,0.04,in,A
09/10/2014 02:56:48 AM,09/10/2014 02:56:56 AM,0.04,in,A
09/09/2014 10:19:12 PM,09/09/2014 10:19:25 PM,0.00,in,A
09/09/2014 10:21:07 AM,09/09/2014 10:21:25 AM,0.00,in,A
09/08/2014 10:23:01 PM,09/08/2014 10:23:25 PM,0.00,in,A
09/07/2014 10:26:50 PM,09/07/2014 10:26:55 PM,0.00,in,A
09/07/2014 10:28:44 AM,09/07/2014 10:28:55 AM,0.00,in,A
09/06/2014 10:30:38 PM,09/06/2014 10:30:55 PM,0.00,in,A
09/06/2014 10:32:33 AM,09/06/2014 10:32:55 AM,0.00,in,A
09/05/2014 10:34:27 PM,09/05/2014 10:34:55 PM,0.00,in,A
09/05/2014 06:09:03 PM,09/05/2014 06:09:25 PM,0.04,in,A
09/05/2014 06:07:12 PM,09/05/2014 06:07:25 PM,0.04,in,A
09/05/2014 06:05:29 PM,09/05/2014 06:05:55 PM,0.04,in,A
09/05/2014 06:01:26 PM,09/05/2014 06:01:55 PM,0.04,in,A
09/05/2014 10:36:21 AM,09/05/2014 10:36:25 AM,0.00,in,A
09/04/2014 10:38:16 PM,09/04/2014 10:38:25 PM,0.00,in,A
09/04/2014 10:40:10 AM,09/04/2014 10:40:25 AM,0.00,in,A
09/03/2014 10:42:04 PM,09/03/2014 10:42:25 PM,0.00,in,A
09/03/2014 10:43:59 AM,09/03/2014 10:44:25 AM,0.00,in,A
09/03/2014 09:56:38 AM,09/03/2014 09:56:55 AM,0.04,in,A
09/03/2014 08:13:49 AM,09/03/2014 08:13:55 AM,0.04,in,A
09/02/2014 10:45:53 PM,09/02/2014 10:45:55 PM,0.00,in,A
09/02/2014 10:47:48 AM,09/02/2014 10:47:55 AM,0.00,in,A
09/01/2014 11:12:31 PM,09/01/2014 11:12:55 PM,0.04,in,A
09/01/2014 11:07:44 PM,09/01/2014 11:07:55 PM,0.04,in,A
09/01/2014 11:06:40 PM,09/01/2014 11:06:55 PM,0.04,in,A
09/01/2014 11:05:25 PM,09/01/2014 11:05:55 PM,0.04,in,A
09/01/2014 10:49:42 PM,09/01/2014 10:49:55 PM,0.00,in,A
09/01/2014 09:44:00 PM,09/01/2014 09:44:25 PM,0.08,in,A
09/01/2014 10:51:37 AM,09/01/2014 10:51:55 AM,0.00,in,A
09/01/2014 05:27:02 AM,09/01/2014 05:27:25 AM,0.04,in,A
09/01/2014 04:42:54 AM,09/01/2014 04:42:55 AM,0.04,in,A
09/01/2014 04:22:53 AM,09/01/2014 04:22:55 AM,0.08,in,A
09/01/2014 03:56:08 AM,09/01/2014 03:56:25 AM,0.04,in,A
09/01/2014 03:42:57 AM,09/01/2014 03:43:25 AM,0.04,in,A
09/01/2014 03:19:07 AM,09/01/2014 03:19:25 AM,0.04,in,A
09/01/2014 02:55:49 AM,09/01/2014 02:55:56 AM,0.04,in,A
09/01/2014 02:23:48 AM,09/01/2014 02:23:55 AM,0.04,in,A
09/01/2014 02:17:03 AM,09/01/2014 02:17:25 AM,0.04,in,A
09/01/2014 02:07:24 AM,09/01/2014 02:07:25 AM,0.04,in,A
09/01/2014 01:40:03 AM,09/01/2014 01:40:25 AM,0.04,in,A
09/01/2014 01:18:49 AM,09/01/2014 01:18:56 AM,0.04,in,A
09/01/2014 01:01:38 AM,09/01/2014 01:01:55 AM,0.08,in,A
09/01/2014 12:25:58 AM,09/01/2014 12:26:25 AM,0.04,in,A
09/01/2014 12:23:00 AM,09/01/2014 12:23:25 AM,0.04,in,A
09/01/2014 12:19:38 AM,09/01/2014 12:19:56 AM,0.04,in,A
09/01/2014 12:16:36 AM,09/01/2014 12:16:56 AM,0.04,in,A
09/01/2014 12:14:55 AM,09/01/2014 12:15:25 AM,0.04,in,A
09/01/2014 12:12:36 AM,09/01/2014 12:12:55 AM,0.04,in,A
09/01/2014 12:09:39 AM,09/01/2014 12:09:56 AM,0.04,in,A
09/01/2014 12:00:12 AM,09/01/2014 12:00:25 AM,0.04,in,A
08/31/2014 11:55:02 PM,08/31/2014 11:55:25 PM,0.08,in,A
08/31/2014 11:32:06 PM,08/31/2014 11:32:25 PM,0.04,in,A
08/31/2014 11:24:52 PM,08/31/2014 11:24:56 PM,0.04,in,A
08/31/2014 11:21:07 PM,08/31/2014 11:21:25 PM,0.04,in,A
08/31/2014 11:17:43 PM,08/31/2014 11:17:56 PM,0.04,in,A
08/31/2014 11:15:58 PM,08/31/2014 11:16:25 PM,0.08,in,A
08/31/2014 11:11:45 PM,08/31/2014 11:11:55 PM,0.04,in,A
08/31/2014 11:09:19 PM,08/31/2014 11:09:26 PM,0.04,in,A
08/31/2014 11:02:46 PM,08/31/2014 11:02:56 PM,0.04,in,A
08/31/2014 10:58:51 PM,08/31/2014 10:58:56 PM,0.08,in,A
08/31/2014 10:55:09 PM,08/31/2014 10:55:25 PM,0.04,in,A
08/31/2014 10:53:52 PM,08/31/2014 10:53:56 PM,0.04,in,A
08/31/2014 10:53:31 PM,08/31/2014 10:53:56 PM,0.00,in,A
08/31/2014 10:52:38 PM,08/31/2014 10:52:55 PM,0.04,in,A
08/31/2014 10:51:38 PM,08/31/2014 10:51:56 PM,0.04,in,A
08/31/2014 10:50:28 PM,08/31/2014 10:50:55 PM,0.04,in,A
08/31/2014 10:49:14 PM,08/31/2014 10:49:26 PM,0.04,in,A
08/31/2014 10:47:54 PM,08/31/2014 10:47:56 PM,0.08,in,A
08/31/2014 10:45:31 PM,08/31/2014 10:45:56 PM,0.04,in,A
08/31/2014 10:55:26 AM,08/31/2014 10:55:55 AM,0.00,in,A
08/30/2014 10:57:20 PM,08/30/2014 10:57:25 PM,0.00,in,A
08/30/2014 10:59:15 AM,08/30/2014 10:59:25 AM,0.00,in,A
08/29/2014 11:01:09 PM,08/29/2014 11:01:25 PM,0.00,in,A
08/29/2014 12:20:20 PM,08/29/2014 12:20:25 PM,0.04,in,A
08/29/2014 12:02:40 PM,08/29/2014 12:02:55 PM,0.04,in,A
08/29/2014 11:33:03 AM,08/29/2014 11:33:25 AM,0.04,in,A
08/29/2014 11:16:44 AM,08/29/2014 11:16:55 AM,0.04,in,A
08/29/2014 11:13:57 AM,08/29/2014 11:14:25 AM,0.04,in,A
08/29/2014 11:11:19 AM,08/29/2014 11:11:25 AM,0.04,in,A
08/29/2014 11:08:39 AM,08/29/2014 11:08:55 AM,0.04,in,A
08/29/2014 11:03:03 AM,08/29/2014 11:03:25 AM,0.00,in,A
08/28/2014 11:04:58 PM,08/28/2014 11:05:25 PM,0.00,in,A
08/28/2014 11:06:52 AM,08/28/2014 11:06:55 AM,0.00,in,A
08/27/2014 11:08:46 PM,08/27/2014 11:08:55 PM,0.00,in,A
08/27/2014 11:10:41 AM,08/27/2014 11:10:55 AM,0.00,in,A
08/26/2014 11:12:35 PM,08/26/2014 11:12:55 PM,0.00,in,A
08/26/2014 11:14:30 AM,08/26/2014 11:14:55 AM,0.00,in,A
08/25/2014 11:16:24 PM,08/25/2014 11:16:25 PM,0.00,in,A
08/25/2014 11:18:18 AM,08/25/2014 11:18:25 AM,0.00,in,A
08/24/2014 11:20:13 PM,08/24/2014 11:20:25 PM,0.00,in,A
08/24/2014 11:22:07 AM,08/24/2014 11:22:25 AM,0.00,in,A
08/23/2014 11:24:01 PM,08/23/2014 11:24:25 PM,0.00,in,A
08/23/2014 11:25:56 AM,08/23/2014 11:26:25 AM,0.00,in,A
08/22/2014 11:27:50 PM,08/22/2014 11:27:55 PM,0.00,in,A
08/22/2014 11:29:44 AM,08/22/2014 11:29:55 AM,0.00,in,A
08/21/2014 11:31:39 PM,08/21/2014 11:31:55 PM,0.00,in,A
08/20/2014 11:35:28 PM,08/20/2014 11:35:55 PM,0.00,in,A
08/20/2014 11:37:22 AM,08/20/2014 11:37:25 AM,0.00,in,A
08/19/2014 11:39:16 PM,08/19/2014 11:39:25 PM,0.00,in,A
08/19/2014 11:41:11 AM,08/19/2014 11:41:25 AM,0.00,in,A
08/18/2014 11:43:05 PM,08/18/2014 11:43:25 PM,0.00,in,A
08/17/2014 11:46:54 PM,08/17/2014 11:46:55 PM,0.00,in,A
08/17/2014 11:48:48 AM,08/17/2014 11:48:55 AM,0.00,in,A
08/16/2014 11:50:42 PM,08/16/2014 11:50:55 PM,0.00,in,A
08/16/2014 11:52:37 AM,08/16/2014 11:52:55 AM,0.00,in,A
08/16/2014 03:47:26 AM,08/16/2014 03:47:55 AM,0.04,in,A
08/16/2014 03:41:09 AM,08/16/2014 03:41:25 AM,0.04,in,A
08/16/2014 03:39:00 AM,08/16/2014 03:39:25 AM,0.04,in,A
08/16/2014 03:36:37 AM,08/16/2014 03:36:55 AM,0.08,in,A
08/16/2014 03:30:32 AM,08/16/2014 03:30:55 AM,0.04,in,A
08/16/2014 03:26:27 AM,08/16/2014 03:26:55 AM,0.04,in,A
08/16/2014 03:21:33 AM,08/16/2014 03:21:55 AM,0.04,in,A
08/16/2014 03:17:37 AM,08/16/2014 03:17:56 AM,0.08,in,A
08/15/2014 11:54:31 PM,08/15/2014 11:54:55 PM,0.00,in,A
08/15/2014 11:56:26 AM,08/15/2014 11:56:55 AM,0.00,in,A
08/14/2014 11:58:20 PM,08/14/2014 11:58:25 PM,0.00,in,A
08/14/2014 12:00:14 PM,08/14/2014 12:00:25 PM,0.00,in,A
08/14/2014 12:02:09 AM,08/14/2014 12:02:26 AM,0.00,in,A
08/13/2014 12:04:03 PM,08/13/2014 12:04:25 PM,0.00,in,A
08/13/2014 12:05:57 AM,08/13/2014 12:06:25 AM,0.00,in,A
08/12/2014 01:35:53 PM,08/12/2014 01:35:55 PM,0.04,in,A
08/12/2014 12:07:58 PM,08/12/2014 12:08:25 PM,0.00,in,A
08/12/2014 12:10:48 AM,08/12/2014 12:10:55 AM,0.00,in,A
08/11/2014 12:13:37 PM,08/11/2014 12:13:55 PM,0.00,in,A
08/11/2014 07:07:56 AM,08/11/2014 07:08:25 AM,0.04,in,A
08/11/2014 12:16:28 AM,08/11/2014 12:16:55 AM,0.00,in,A
08/10/2014 04:40:30 PM,08/10/2014 04:40:55 PM,0.04,in,A
08/10/2014 12:19:18 PM,08/10/2014 12:19:25 PM,0.00,in,A
08/10/2014 07:04:30 AM,08/10/2014 07:04:56 AM,0.04,in,A
08/10/2014 06:50:14 AM,08/10/2014 06:50:26 AM,0.04,in,A
08/10/2014 06:36:24 AM,08/10/2014 06:36:26 AM,0.08,in,A
08/10/2014 06:02:26 AM,08/10/2014 06:02:55 AM,0.08,in,A
08/10/2014 05:52:25 AM,08/10/2014 05:52:55 AM,0.04,in,A
08/10/2014 12:22:08 AM,08/10/2014 12:22:25 AM,0.00,in,A
08/09/2014 12:24:58 PM,08/09/2014 12:25:25 PM,0.00,in,A
08/09/2014 12:27:49 AM,08/09/2014 12:27:55 AM,0.00,in,A
08/08/2014 12:30:38 PM,08/08/2014 12:30:55 PM,0.00,in,A
08/07/2014 12:36:19 PM,08/07/2014 12:36:25 PM,0.00,in,A
08/07/2014 02:50:51 AM,08/07/2014 02:50:55 AM,0.04,in,A
08/07/2014 01:21:10 AM,08/07/2014 01:21:28 AM,0.04,in,A
08/07/2014 01:08:10 AM,08/07/2014 01:08:26 AM,0.04,in,A
08/07/2014 12:57:17 AM,08/07/2014 12:57:26 AM,0.04,in,A
08/07/2014 12:49:05 AM,08/07/2014 12:49:26 AM,0.04,in,A
08/07/2014 12:40:57 AM,08/07/2014 12:41:26 AM,0.04,in,A
08/07/2014 12:39:09 AM,08/07/2014 12:39:26 AM,0.00,in,A
08/07/2014 12:30:26 AM,08/07/2014 12:30:55 AM,0.08,in,A
08/06/2014 11:49:39 PM,08/06/2014 11:49:56 PM,0.04,in,A
08/06/2014 11:46:44 PM,08/06/2014 11:46:56 PM,0.04,in,A
08/06/2014 11:42:57 PM,08/06/2014 11:43:26 PM,0.04,in,A
08/06/2014 11:40:31 PM,08/06/2014 11:40:56 PM,0.04,in,A
08/06/2014 11:38:53 PM,08/06/2014 11:38:56 PM,0.12,in,A
08/06/2014 11:33:29 PM,08/06/2014 11:33:56 PM,0.04,in,A
08/06/2014 11:29:15 PM,08/06/2014 11:29:26 PM,0.04,in,A
08/06/2014 11:20:08 PM,08/06/2014 11:20:26 PM,0.04,in,A
08/06/2014 11:14:28 PM,08/06/2014 11:14:56 PM,0.12,in,A
08/06/2014 11:05:37 PM,08/06/2014 11:05:58 PM,0.04,in,A
08/06/2014 11:02:58 PM,08/06/2014 11:03:26 PM,0.12,in,A
08/06/2014 10:58:40 PM,08/06/2014 10:58:58 PM,0.12,in,A
08/06/2014 10:54:29 PM,08/06/2014 10:54:56 PM,0.04,in,A
08/06/2014 10:53:48 PM,08/06/2014 10:53:57 PM,0.08,in,A
08/06/2014 10:52:36 PM,08/06/2014 10:52:56 PM,0.04,in,A
08/06/2014 10:52:13 PM,08/06/2014 10:52:27 PM,0.04,in,A
08/06/2014 10:51:47 PM,08/06/2014 10:51:57 PM,0.04,in,A
08/06/2014 10:51:17 PM,08/06/2014 10:51:27 PM,0.04,in,A
08/06/2014 07:25:28 PM,08/06/2014 07:25:56 PM,0.08,in,A
08/06/2014 06:05:06 PM,08/06/2014 06:05:26 PM,0.08,in,A
08/06/2014 05:56:48 PM,08/06/2014 05:56:57 PM,0.08,in,A
08/06/2014 05:48:05 PM,08/06/2014 05:48:27 PM,0.04,in,A
08/06/2014 05:46:59 PM,08/06/2014 05:47:26 PM,0.08,in,A
08/06/2014 05:45:54 PM,08/06/2014 05:45:58 PM,0.08,in,A
08/06/2014 05:44:17 PM,08/06/2014 05:44:28 PM,0.08,in,A
08/06/2014 05:41:48 PM,08/06/2014 05:41:58 PM,0.04,in,A
08/06/2014 05:40:56 PM,08/06/2014 05:41:26 PM,0.04,in,A
08/06/2014 05:40:10 PM,08/06/2014 05:40:27 PM,0.08,in,A
08/06/2014 05:38:52 PM,08/06/2014 05:38:57 PM,0.04,in,A
08/06/2014 05:38:17 PM,08/06/2014 05:38:27 PM,0.12,in,A
08/06/2014 05:34:32 PM,08/06/2014 05:34:57 PM,0.04,in,A
08/06/2014 05:33:43 PM,08/06/2014 05:33:57 PM,0.04,in,A
08/06/2014 05:32:46 PM,08/06/2014 05:32:57 PM,0.04,in,A
08/06/2014 12:42:01 PM,08/06/2014 12:42:25 PM,0.00,in,A
08/06/2014 12:44:50 AM,08/06/2014 12:44:55 AM,0.00,in,A
08/05/2014 12:47:41 PM,08/05/2014 12:47:56 PM,0.00,in,A
08/05/2014 12:50:31 AM,08/05/2014 12:50:55 AM,0.00,in,A
08/04/2014 12:53:22 PM,08/04/2014 12:53:25 PM,0.00,in,A
08/04/2014 12:56:12 AM,08/04/2014 12:56:25 AM,0.00,in,A
08/03/2014 12:59:02 PM,08/03/2014 12:59:25 PM,0.04,in,A
08/03/2014 12:31:02 PM,08/03/2014 12:31:26 PM,0.08,in,A
08/03/2014 11:29:52 AM,08/03/2014 11:29:56 AM,0.04,in,A
08/03/2014 11:16:19 AM,08/03/2014 11:16:25 AM,0.04,in,A
08/03/2014 11:02:57 AM,08/03/2014 11:03:25 AM,0.04,in,A
08/03/2014 10:35:49 AM,08/03/2014 10:35:55 AM,0.04,in,A
08/03/2014 10:20:02 AM,08/03/2014 10:20:25 AM,0.04,in,A
08/03/2014 09:36:20 AM,08/03/2014 09:36:25 AM,0.04,in,A
08/03/2014 09:19:52 AM,08/03/2014 09:19:55 AM,0.04,in,A
08/03/2014 09:08:47 AM,08/03/2014 09:08:56 AM,0.04,in,A
08/03/2014 08:57:14 AM,08/03/2014 08:57:25 AM,0.04,in,A
08/03/2014 08:47:30 AM,08/03/2014 08:47:55 AM,0.04,in,A
08/03/2014 08:37:33 AM,08/03/2014 08:37:55 AM,0.04,in,A
08/03/2014 08:28:18 AM,08/03/2014 08:28:25 AM,0.04,in,A
08/03/2014 08:19:21 AM,08/03/2014 08:19:25 AM,0.04,in,A
08/03/2014 08:04:57 AM,08/03/2014 08:05:25 AM,0.04,in,A
08/03/2014 07:56:42 AM,08/03/2014 07:56:55 AM,0.04,in,A
08/03/2014 07:48:02 AM,08/03/2014 07:48:25 AM,0.04,in,A
08/03/2014 01:01:52 AM,08/03/2014 01:01:55 AM,0.00,in,A
08/02/2014 01:04:44 PM,08/02/2014 01:04:55 PM,0.00,in,A
08/02/2014 01:07:35 AM,08/02/2014 01:07:55 AM,0.00,in,A
08/01/2014 01:10:26 PM,08/01/2014 01:10:55 PM,0.00,in,A
08/01/2014 01:13:15 AM,08/01/2014 01:13:25 AM,0.00,in,A
07/31/2014 01:16:07 PM,07/31/2014 01:16:25 PM,0.00,in,A
07/31/2014 01:18:57 AM,07/31/2014 01:19:25 AM,0.00,in,A
07/30/2014 01:21:47 PM,07/30/2014 01:21:56 PM,0.00,in,A
07/30/2014 01:24:37 AM,07/30/2014 01:24:55 AM,0.00,in,A
07/29/2014 01:27:28 PM,07/29/2014 01:27:55 PM,0.00,in,A
07/29/2014 01:30:17 AM,07/29/2014 01:30:25 AM,0.00,in,A
07/28/2014 01:33:08 PM,07/28/2014 01:33:25 PM,0.00,in,A
07/28/2014 01:35:58 AM,07/28/2014 01:36:25 AM,0.00,in,A
07/27/2014 01:38:49 PM,07/27/2014 01:38:55 PM,0.00,in,A
07/27/2014 01:41:39 AM,07/27/2014 01:41:55 AM,0.00,in,A
07/26/2014 01:44:30 PM,07/26/2014 01:44:55 PM,0.00,in,A
07/26/2014 01:47:20 AM,07/26/2014 01:47:25 AM,0.00,in,A
07/25/2014 01:50:11 PM,07/25/2014 01:50:25 PM,0.00,in,A
07/25/2014 01:53:01 AM,07/25/2014 01:53:25 AM,0.00,in,A
07/24/2014 01:55:52 PM,07/24/2014 01:55:55 PM,0.00,in,A
07/24/2014 01:58:42 AM,07/24/2014 01:58:55 AM,0.00,in,A
07/23/2014 02:01:34 PM,07/23/2014 02:01:55 PM,0.00,in,A
07/23/2014 02:04:24 AM,07/23/2014 02:04:25 AM,0.00,in,A
07/22/2014 02:07:17 PM,07/22/2014 02:07:25 PM,0.00,in,A
07/22/2014 02:10:07 AM,07/22/2014 02:10:25 AM,0.00,in,A
07/21/2014 02:12:58 PM,07/21/2014 02:13:25 PM,0.00,in,A
07/21/2014 02:15:48 AM,07/21/2014 02:15:55 AM,0.00,in,A
07/20/2014 02:18:39 PM,07/20/2014 02:18:55 PM,0.00,in,A
07/20/2014 02:21:30 AM,07/20/2014 02:21:55 AM,0.00,in,A
07/19/2014 02:24:20 PM,07/19/2014 02:24:25 PM,0.00,in,A
07/19/2014 02:27:10 AM,07/19/2014 02:27:25 AM,0.00,in,A
07/18/2014 02:30:00 PM,07/18/2014 02:30:25 PM,0.00,in,A
07/18/2014 02:32:50 AM,07/18/2014 02:32:55 AM,0.00,in,A
07/17/2014 02:35:40 PM,07/17/2014 02:35:55 PM,0.00,in,A
07/17/2014 02:38:30 AM,07/17/2014 02:38:55 AM,0.00,in,A
07/16/2014 02:41:20 PM,07/16/2014 02:41:25 PM,0.00,in,A
07/16/2014 02:44:10 AM,07/16/2014 02:44:25 AM,0.00,in,A
07/15/2014 02:47:02 PM,07/15/2014 02:47:25 PM,0.00,in,A
07/15/2014 02:49:52 AM,07/15/2014 02:49:55 AM,0.00,in,A
07/14/2014 02:52:42 PM,07/14/2014 02:52:55 PM,0.00,in,A
07/14/2014 02:15:25 PM,07/14/2014 02:15:55 PM,0.12,in,A
07/14/2014 12:56:21 PM,07/14/2014 12:56:25 PM,0.04,in,A
07/14/2014 12:28:53 PM,07/14/2014 12:28:55 PM,0.04,in,A
07/14/2014 02:55:31 AM,07/14/2014 02:55:55 AM,0.00,in,A
07/13/2014 02:58:22 PM,07/13/2014 02:58:25 PM,0.00,in,A
07/13/2014 09:04:58 AM,07/13/2014 09:05:25 AM,0.04,in,A
07/13/2014 08:49:08 AM,07/13/2014 08:49:25 AM,0.08,in,A
07/13/2014 03:01:12 AM,07/13/2014 03:01:25 AM,0.00,in,A
07/12/2014 03:04:03 PM,07/12/2014 03:04:25 PM,0.00,in,A
07/12/2014 03:06:54 AM,07/12/2014 03:06:55 AM,0.00,in,A
07/11/2014 03:09:44 PM,07/11/2014 03:09:55 PM,0.00,in,A
07/11/2014 03:12:34 AM,07/11/2014 03:12:55 AM,0.00,in,A
07/10/2014 03:15:25 PM,07/10/2014 03:15:55 PM,0.00,in,A
07/10/2014 03:18:14 AM,07/10/2014 03:18:26 AM,0.00,in,A
07/09/2014 03:21:06 PM,07/09/2014 03:21:25 PM,0.00,in,A
07/08/2014 03:26:47 PM,07/08/2014 03:26:55 PM,0.00,in,A
07/08/2014 03:29:37 AM,07/08/2014 03:29:55 AM,0.00,in,A
07/08/2014 02:58:22 AM,07/08/2014 02:58:25 AM,0.04,in,A
07/08/2014 01:12:56 AM,07/08/2014 01:13:25 AM,0.04,in,A
07/08/2014 12:37:18 AM,07/08/2014 12:37:25 AM,0.04,in,A
07/08/2014 12:14:47 AM,07/08/2014 12:14:55 AM,0.08,in,A
07/07/2014 11:54:19 PM,07/07/2014 11:54:26 PM,0.04,in,A
07/07/2014 11:48:41 PM,07/07/2014 11:48:56 PM,0.04,in,A
07/07/2014 11:46:26 PM,07/07/2014 11:46:56 PM,0.04,in,A
07/07/2014 11:44:40 PM,07/07/2014 11:44:56 PM,0.12,in,A
07/07/2014 11:40:51 PM,07/07/2014 11:40:56 PM,0.16,in,A
07/07/2014 11:37:28 PM,07/07/2014 11:37:56 PM,0.04,in,A
07/07/2014 11:36:56 PM,07/07/2014 11:37:26 PM,0.04,in,A
07/07/2014 11:36:25 PM,07/07/2014 11:36:28 PM,0.08,in,AN
07/07/2014 11:33:13 PM,07/07/2014 11:33:26 PM,0.08,in,A
07/07/2014 11:32:21 PM,07/07/2014 11:32:27 PM,0.04,in,A
07/07/2014 11:31:45 PM,07/07/2014 11:31:56 PM,0.16,in,A
07/07/2014 11:23:59 PM,07/07/2014 11:24:26 PM,0.04,in,A
07/07/2014 03:32:28 PM,07/07/2014 03:32:55 PM,0.00,in,A
07/07/2014 03:35:17 AM,07/07/2014 03:35:25 AM,0.00,in,A
07/06/2014 03:38:08 PM,07/06/2014 03:38:25 PM,0.00,in,A
07/06/2014 03:40:59 AM,07/06/2014 03:41:25 AM,0.00,in,A
07/05/2014 03:43:49 PM,07/05/2014 03:43:55 PM,0.00,in,A
07/05/2014 03:46:40 AM,07/05/2014 03:46:55 AM,0.00,in,A
07/04/2014 03:49:31 PM,07/04/2014 03:49:55 PM,0.00,in,A
07/04/2014 03:52:21 AM,07/04/2014 03:52:25 AM,0.00,in,A
07/03/2014 03:55:13 PM,07/03/2014 03:55:25 PM,0.00,in,A
07/03/2014 03:58:02 AM,07/03/2014 03:58:25 AM,0.00,in,A
07/02/2014 04:00:53 PM,07/02/2014 04:00:55 PM,0.00,in,A
07/02/2014 04:03:43 AM,07/02/2014 04:03:55 AM,0.00,in,A
07/01/2014 04:06:34 PM,07/01/2014 04:06:55 PM,0.00,in,A
07/01/2014 06:52:18 AM,07/01/2014 06:52:25 AM,0.04,in,A
07/01/2014 04:09:23 AM,07/01/2014 04:09:25 AM,0.00,in,A
06/30/2014 11:45:36 PM,06/30/2014 11:45:55 PM,0.04,in,A
06/30/2014 11:44:45 PM,06/30/2014 11:44:55 PM,0.04,in,A
06/30/2014 11:44:07 PM,06/30/2014 11:44:25 PM,0.04,in,A
06/30/2014 11:43:33 PM,06/30/2014 11:43:55 PM,0.04,in,A
06/30/2014 11:42:49 PM,06/30/2014 11:42:55 PM,0.04,in,A
06/30/2014 11:41:30 PM,06/30/2014 11:41:55 PM,0.04,in,A
06/30/2014 11:40:23 PM,06/30/2014 11:40:25 PM,0.04,in,A
06/30/2014 11:38:38 PM,06/30/2014 11:38:55 PM,0.04,in,A
06/30/2014 10:46:41 PM,06/30/2014 10:46:56 PM,0.04,in,A
06/30/2014 10:43:32 PM,06/30/2014 10:43:55 PM,0.08,in,A
06/30/2014 10:40:25 PM,06/30/2014 10:40:55 PM,0.08,in,A
06/30/2014 04:12:16 PM,06/30/2014 04:12:25 PM,0.00,in,A
06/30/2014 04:15:05 AM,06/30/2014 04:15:25 AM,0.00,in,A
06/29/2014 04:17:55 PM,06/29/2014 04:18:25 PM,0.00,in,A
06/29/2014 04:20:45 AM,06/29/2014 04:20:55 AM,0.00,in,A
06/28/2014 05:18:02 PM,06/28/2014 05:18:26 PM,0.04,in,A
06/28/2014 05:04:22 PM,06/28/2014 05:04:26 PM,0.04,in,A
06/28/2014 04:48:34 PM,06/28/2014 04:48:55 PM,0.04,in,A
06/28/2014 04:43:29 PM,06/28/2014 04:43:55 PM,0.04,in,A
06/28/2014 04:42:10 PM,06/28/2014 04:42:26 PM,0.04,in,A
06/28/2014 04:41:15 PM,06/28/2014 04:41:26 PM,0.04,in,A
06/28/2014 04:40:35 PM,06/28/2014 04:40:56 PM,0.04,in,A
06/28/2014 04:39:53 PM,06/28/2014 04:39:55 PM,0.08,in,A
06/28/2014 04:37:59 PM,06/28/2014 04:38:25 PM,0.04,in,A
06/28/2014 04:23:35 PM,06/28/2014 04:23:55 PM,0.00,in,A
06/28/2014 04:22:31 PM,06/28/2014 04:22:55 PM,0.04,in,A
06/28/2014 04:21:00 PM,06/28/2014 04:21:25 PM,0.04,in,A
06/28/2014 04:17:24 PM,06/28/2014 04:17:25 PM,0.04,in,A
06/28/2014 04:16:11 PM,06/28/2014 04:16:25 PM,0.04,in,A
06/28/2014 04:13:42 PM,06/28/2014 04:13:55 PM,0.04,in,A
06/28/2014 04:12:10 PM,06/28/2014 04:12:25 PM,0.04,in,A
06/28/2014 04:11:15 PM,06/28/2014 04:11:25 PM,0.04,in,A
06/28/2014 04:09:46 PM,06/28/2014 04:09:55 PM,0.04,in,A
06/28/2014 03:27:49 PM,06/28/2014 03:27:55 PM,0.04,in,A
06/28/2014 02:30:03 PM,06/28/2014 02:30:25 PM,0.04,in,A
06/28/2014 02:24:51 PM,06/28/2014 02:24:56 PM,0.04,in,A
06/28/2014 02:21:41 PM,06/28/2014 02:21:55 PM,0.08,in,A
06/28/2014 02:16:29 PM,06/28/2014 02:16:55 PM,0.04,in,A
06/28/2014 02:14:30 PM,06/28/2014 02:14:55 PM,0.04,in,A
06/28/2014 02:13:19 PM,06/28/2014 02:13:25 PM,0.04,in,A
06/28/2014 02:11:38 PM,06/28/2014 02:11:55 PM,0.04,in,A
06/28/2014 02:10:27 PM,06/28/2014 02:10:55 PM,0.04,in,A
06/28/2014 11:03:51 AM,06/28/2014 11:03:55 AM,0.04,in,A
06/28/2014 04:26:25 AM,06/28/2014 04:26:55 AM,0.00,in,A
06/27/2014 04:29:15 PM,06/27/2014 04:29:25 PM,0.00,in,A
06/27/2014 04:32:06 AM,06/27/2014 04:32:25 AM,0.00,in,A
06/26/2014 04:34:57 PM,06/26/2014 04:35:25 PM,0.00,in,A
06/26/2014 04:37:47 AM,06/26/2014 04:37:55 AM,0.00,in,A
06/25/2014 04:40:37 PM,06/25/2014 04:40:55 PM,0.00,in,A
06/25/2014 04:43:27 AM,06/25/2014 04:43:55 AM,0.00,in,A
06/24/2014 04:46:19 PM,06/24/2014 04:46:25 PM,0.00,in,A
06/24/2014 04:49:09 AM,06/24/2014 04:49:25 AM,0.00,in,A
06/23/2014 04:51:59 PM,06/23/2014 04:52:25 PM,0.00,in,A
06/23/2014 04:54:49 AM,06/23/2014 04:54:55 AM,0.00,in,A
06/23/2014 12:04:25 AM,06/23/2014 12:04:55 AM,0.04,in,A
06/22/2014 11:08:08 PM,06/22/2014 11:08:25 PM,0.04,in,A
06/22/2014 10:34:52 PM,06/22/2014 10:34:55 PM,0.04,in,A
06/22/2014 09:57:13 PM,06/22/2014 09:57:25 PM,0.04,in,A
06/22/2014 09:01:38 PM,06/22/2014 09:01:55 PM,0.04,in,A
06/22/2014 08:57:54 PM,06/22/2014 08:57:55 PM,0.04,in,A
06/22/2014 08:54:38 PM,06/22/2014 08:54:55 PM,0.04,in,A
06/22/2014 08:49:10 PM,06/22/2014 08:49:25 PM,0.04,in,A
06/22/2014 08:44:07 PM,06/22/2014 08:44:25 PM,0.04,in,A
06/22/2014 08:41:36 PM,06/22/2014 08:41:55 PM,0.04,in,A
06/22/2014 08:40:42 PM,06/22/2014 08:40:55 PM,0.04,in,A
06/22/2014 08:40:06 PM,06/22/2014 08:40:25 PM,0.08,in,A
06/22/2014 08:39:10 PM,06/22/2014 08:39:26 PM,0.04,in,A
06/22/2014 08:38:43 PM,06/22/2014 08:38:55 PM,0.04,in,A
06/22/2014 08:38:11 PM,06/22/2014 08:38:25 PM,0.04,in,A
06/22/2014 08:37:38 PM,06/22/2014 08:37:55 PM,0.08,in,A
06/22/2014 08:36:07 PM,06/22/2014 08:36:25 PM,0.04,in,A
06/22/2014 08:35:13 PM,06/22/2014 08:35:26 PM,0.08,in,A
06/22/2014 04:57:40 PM,06/22/2014 04:57:55 PM,0.00,in,A
06/22/2014 05:00:30 AM,06/22/2014 05:00:55 AM,0.00,in,A
06/21/2014 05:03:21 PM,06/21/2014 05:03:25 PM,0.00,in,A
06/21/2014 05:06:11 AM,06/21/2014 05:06:26 AM,0.00,in,A
06/20/2014 05:09:02 PM,06/20/2014 05:09:25 PM,0.00,in,A
06/20/2014 05:11:52 AM,06/20/2014 05:11:55 AM,0.00,in,A
06/19/2014 05:14:42 PM,06/19/2014 05:14:55 PM,0.00,in,A
06/19/2014 02:41:30 PM,06/19/2014 02:41:55 PM,0.04,in,A
06/19/2014 02:40:30 PM,06/19/2014 02:40:55 PM,0.04,in,A
06/19/2014 02:39:11 PM,06/19/2014 02:39:26 PM,0.04,in,A
06/19/2014 01:54:19 PM,06/19/2014 01:54:25 PM,0.04,in,A
06/19/2014 09:44:49 AM,06/19/2014 09:44:55 AM,0.04,in,A
06/19/2014 05:17:32 AM,06/19/2014 05:17:55 AM,0.00,in,A
06/18/2014 05:20:23 PM,06/18/2014 05:20:25 PM,0.00,in,A
06/18/2014 05:23:12 AM,06/18/2014 05:23:25 AM,0.00,in,A
06/17/2014 05:26:03 PM,06/17/2014 05:26:25 PM,0.00,in,A
06/17/2014 05:28:52 AM,06/17/2014 05:28:55 AM,0.00,in,A
06/16/2014 05:31:43 PM,06/16/2014 05:31:55 PM,0.00,in,A
06/16/2014 05:34:33 AM,06/16/2014 05:34:55 AM,0.00,in,A
06/15/2014 05:37:23 PM,06/15/2014 05:37:25 PM,0.00,in,A
06/15/2014 07:13:31 AM,06/15/2014 07:13:55 AM,0.04,in,A
06/15/2014 06:56:28 AM,06/15/2014 06:56:55 AM,0.04,in,A
06/15/2014 06:45:14 AM,06/15/2014 06:45:25 AM,0.04,in,A
06/15/2014 06:33:30 AM,06/15/2014 06:33:55 AM,0.04,in,A
06/15/2014 06:19:33 AM,06/15/2014 06:19:55 AM,0.04,in,A
06/15/2014 05:48:17 AM,06/15/2014 05:48:25 AM,0.04,in,A
06/15/2014 05:40:12 AM,06/15/2014 05:40:25 AM,0.00,in,A
06/15/2014 04:36:43 AM,06/15/2014 04:36:55 AM,0.04,in,A
06/15/2014 04:20:18 AM,06/15/2014 04:20:26 AM,0.04,in,A
06/15/2014 04:17:42 AM,06/15/2014 04:17:56 AM,0.12,in,A
06/14/2014 05:43:02 PM,06/14/2014 05:43:25 PM,0.00,in,A
06/14/2014 05:45:52 AM,06/14/2014 05:45:55 AM,0.00,in,A
06/13/2014 05:48:42 PM,06/13/2014 05:48:55 PM,0.00,in,A
06/13/2014 05:51:32 AM,06/13/2014 05:51:55 AM,0.00,in,A
06/12/2014 05:54:23 PM,06/12/2014 05:54:25 PM,0.00,in,A
06/12/2014 09:20:25 AM,06/12/2014 09:20:55 AM,0.04,in,A
06/12/2014 06:59:42 AM,06/12/2014 06:59:55 AM,0.04,in,A
06/12/2014 06:47:52 AM,06/12/2014 06:47:55 AM,0.04,in,A
06/12/2014 06:36:49 AM,06/12/2014 06:36:56 AM,0.12,in,A
06/12/2014 06:09:30 AM,06/12/2014 06:09:56 AM,0.04,in,A
06/12/2014 06:00:45 AM,06/12/2014 06:00:56 AM,0.04,in,A
06/12/2014 05:57:13 AM,06/12/2014 05:57:26 AM,0.00,in,A
06/12/2014 05:52:08 AM,06/12/2014 05:52:26 AM,0.04,in,A
06/12/2014 05:43:15 AM,06/12/2014 05:43:26 AM,0.04,in,A
06/12/2014 05:25:47 AM,06/12/2014 05:25:57 AM,0.04,in,A
06/12/2014 05:03:32 AM,06/12/2014 05:03:55 AM,0.08,in,A
06/12/2014 04:47:35 AM,06/12/2014 04:47:56 AM,0.04,in,A
06/12/2014 04:44:33 AM,06/12/2014 04:44:56 AM,0.08,in,A
06/12/2014 04:38:33 AM,06/12/2014 04:38:56 AM,0.08,in,A
06/12/2014 04:33:16 AM,06/12/2014 04:33:27 AM,0.08,in,A
06/12/2014 04:30:43 AM,06/12/2014 04:30:59 AM,0.04,in,A
06/12/2014 04:29:47 AM,06/12/2014 04:30:00 AM,0.04,in,A
06/12/2014 04:28:24 AM,06/12/2014 04:28:30 AM,0.04,in,A
06/12/2014 04:26:07 AM,06/12/2014 04:26:27 AM,0.04,in,A
06/11/2014 06:00:05 PM,06/11/2014 06:00:25 PM,0.00,in,A
06/10/2014 06:05:44 PM,06/10/2014 06:05:55 PM,0.04,in,A
06/10/2014 11:42:17 AM,06/10/2014 11:42:25 AM,0.04,in,A
06/10/2014 09:58:12 AM,06/10/2014 09:58:25 AM,0.08,in,A
06/10/2014 08:16:08 AM,06/10/2014 08:16:25 AM,0.04,in,A
06/10/2014 07:59:18 AM,06/10/2014 07:59:25 AM,0.04,in,A
06/10/2014 07:42:03 AM,06/10/2014 07:42:25 AM,0.08,in,A
06/10/2014 06:08:33 AM,06/10/2014 06:08:55 AM,0.00,in,A
06/10/2014 06:07:04 AM,06/10/2014 06:07:26 AM,0.04,in,A
06/10/2014 05:21:42 AM,06/10/2014 05:21:55 AM,0.04,in,A
06/10/2014 04:27:05 AM,06/10/2014 04:27:26 AM,0.08,in,A
06/10/2014 03:45:25 AM,06/10/2014 03:45:55 AM,0.04,in,A
06/10/2014 02:55:45 AM,06/10/2014 02:55:55 AM,0.04,in,A
06/10/2014 01:09:58 AM,06/10/2014 01:10:25 AM,0.04,in,A
06/10/2014 12:17:39 AM,06/10/2014 12:17:55 AM,0.04,in,A
06/10/2014 12:03:05 AM,06/10/2014 12:03:25 AM,0.04,in,A
06/09/2014 11:54:35 PM,06/09/2014 11:54:55 PM,0.04,in,A
06/09/2014 11:45:41 PM,06/09/2014 11:45:55 PM,0.04,in,A
06/09/2014 11:36:31 PM,06/09/2014 11:36:55 PM,0.04,in,A
06/09/2014 11:26:41 PM,06/09/2014 11:26:55 PM,0.04,in,A
06/09/2014 11:14:50 PM,06/09/2014 11:14:56 PM,0.04,in,A
06/09/2014 11:04:13 PM,06/09/2014 11:04:26 PM,0.04,in,A
06/09/2014 10:55:35 PM,06/09/2014 10:55:55 PM,0.08,in,A
06/09/2014 10:32:53 PM,06/09/2014 10:32:55 PM,0.04,in,A
06/09/2014 10:17:53 PM,06/09/2014 10:17:55 PM,0.04,in,A
06/09/2014 09:59:50 PM,06/09/2014 09:59:55 PM,0.04,in,A
06/09/2014 09:40:14 PM,06/09/2014 09:40:25 PM,0.04,in,A
06/09/2014 09:26:26 PM,06/09/2014 09:26:55 PM,0.04,in,A
06/09/2014 09:10:45 PM,06/09/2014 09:10:56 PM,0.04,in,A
06/09/2014 09:00:48 PM,06/09/2014 09:00:55 PM,0.04,in,A
06/09/2014 08:54:20 PM,06/09/2014 08:54:26 PM,0.04,in,A
06/09/2014 08:49:12 PM,06/09/2014 08:49:25 PM,0.04,in,A
06/09/2014 08:38:41 PM,06/09/2014 08:38:55 PM,0.04,in,A
06/09/2014 08:19:46 PM,06/09/2014 08:19:56 PM,0.08,in,A
06/09/2014 08:06:20 PM,06/09/2014 08:06:26 PM,0.08,in,A
06/09/2014 07:59:11 PM,06/09/2014 07:59:25 PM,0.04,in,A
06/09/2014 07:55:36 PM,06/09/2014 07:55:56 PM,0.04,in,A
06/09/2014 07:51:27 PM,06/09/2014 07:51:55 PM,0.08,in,A
06/09/2014 07:17:24 PM,06/09/2014 07:17:26 PM,0.04,in,A
06/09/2014 07:13:16 PM,06/09/2014 07:13:26 PM,0.08,in,A
06/09/2014 07:09:59 PM,06/09/2014 07:10:25 PM,0.04,in,A
06/09/2014 07:06:32 PM,06/09/2014 07:06:55 PM,0.04,in,A
06/09/2014 06:59:35 PM,06/09/2014 06:59:56 PM,0.08,in,A
06/09/2014 06:42:53 PM,06/09/2014 06:42:56 PM,0.04,in,A
06/09/2014 06:33:36 PM,06/09/2014 06:33:56 PM,0.04,in,A
06/09/2014 06:22:02 PM,06/09/2014 06:22:26 PM,0.08,in,A
06/09/2014 06:11:26 PM,06/09/2014 06:11:55 PM,0.00,in,A
06/09/2014 06:04:02 PM,06/09/2014 06:04:25 PM,0.04,in,A
06/09/2014 05:56:02 PM,06/09/2014 05:56:26 PM,0.04,in,A
06/09/2014 05:48:11 PM,06/09/2014 05:48:26 PM,0.04,in,A
06/09/2014 05:43:52 PM,06/09/2014 05:43:56 PM,0.04,in,A
06/09/2014 05:41:10 PM,06/09/2014 05:41:25 PM,0.04,in,A
06/09/2014 05:38:44 PM,06/09/2014 05:38:56 PM,0.04,in,A
06/09/2014 05:35:08 PM,06/09/2014 05:35:25 PM,0.04,in,A
06/09/2014 05:31:48 PM,06/09/2014 05:31:55 PM,0.04,in,A
06/09/2014 05:27:25 PM,06/09/2014 05:27:55 PM,0.04,in,A
06/09/2014 05:23:05 PM,06/09/2014 05:23:25 PM,0.04,in,A
06/09/2014 05:19:18 PM,06/09/2014 05:19:25 PM,0.04,in,A
06/09/2014 05:16:41 PM,06/09/2014 05:16:56 PM,0.04,in,A
06/09/2014 05:12:16 PM,06/09/2014 05:12:25 PM,0.04,in,A
06/09/2014 05:09:47 PM,06/09/2014 05:09:55 PM,0.08,in,A
06/09/2014 04:59:36 PM,06/09/2014 04:59:55 PM,0.04,in,A
06/09/2014 04:56:14 PM,06/09/2014 04:56:25 PM,0.04,in,A
06/09/2014 04:50:50 PM,06/09/2014 04:50:55 PM,0.04,in,A
06/09/2014 04:43:35 PM,06/09/2014 04:43:55 PM,0.04,in,A
06/09/2014 04:36:33 PM,06/09/2014 04:36:55 PM,0.04,in,A
06/09/2014 04:26:51 PM,06/09/2014 04:26:55 PM,0.04,in,A
06/09/2014 04:00:05 PM,06/09/2014 04:00:25 PM,0.04,in,A
06/09/2014 01:37:33 PM,06/09/2014 01:37:55 PM,0.04,in,A
06/09/2014 06:14:16 AM,06/09/2014 06:14:25 AM,0.00,in,A
06/08/2014 06:17:06 PM,06/08/2014 06:17:25 PM,0.00,in,A
06/08/2014 06:19:56 AM,06/08/2014 06:20:25 AM,0.00,in,A
06/07/2014 06:22:48 PM,06/07/2014 06:22:55 PM,0.00,in,A
06/07/2014 10:47:54 AM,06/07/2014 10:47:55 AM,0.04,in,A
06/07/2014 08:39:41 AM,06/07/2014 08:39:55 AM,0.04,in,A
06/07/2014 08:21:36 AM,06/07/2014 08:21:55 AM,0.04,in,A
06/07/2014 08:11:48 AM,06/07/2014 08:11:56 AM,0.04,in,A
06/07/2014 07:46:29 AM,06/07/2014 07:46:55 AM,0.04,in,A
06/07/2014 06:37:58 AM,06/07/2014 06:38:26 AM,0.08,in,A
06/07/2014 06:25:38 AM,06/07/2014 06:25:56 AM,0.00,in,A
06/07/2014 06:16:49 AM,06/07/2014 06:16:57 AM,0.04,in,A
06/07/2014 06:10:05 AM,06/07/2014 06:10:25 AM,0.04,in,A
06/07/2014 06:04:43 AM,06/07/2014 06:04:55 AM,0.04,in,A
06/07/2014 05:53:57 AM,06/07/2014 05:54:25 AM,0.04,in,A
06/07/2014 05:35:27 AM,06/07/2014 05:35:55 AM,0.04,in,A
06/06/2014 06:28:28 PM,06/06/2014 06:28:55 PM,0.00,in,A
06/06/2014 06:31:18 AM,06/06/2014 06:31:25 AM,0.00,in,A
06/05/2014 06:34:09 PM,06/05/2014 06:34:25 PM,0.00,in,A
06/05/2014 10:46:01 AM,06/05/2014 10:46:25 AM,0.04,in,A
06/05/2014 10:37:27 AM,06/05/2014 10:37:56 AM,0.04,in,A
06/05/2014 10:30:31 AM,06/05/2014 10:30:55 AM,0.04,in,A
06/05/2014 10:17:43 AM,06/05/2014 10:17:55 AM,0.04,in,A
06/05/2014 10:08:06 AM,06/05/2014 10:08:26 AM,0.04,in,A
06/05/2014 09:56:16 AM,06/05/2014 09:56:26 AM,0.04,in,A
06/05/2014 09:38:49 AM,06/05/2014 09:38:56 AM,0.04,in,A
06/05/2014 09:30:15 AM,06/05/2014 09:30:25 AM,0.04,in,A
06/05/2014 09:22:23 AM,06/05/2014 09:22:25 AM,0.04,in,A
06/05/2014 09:11:12 AM,06/05/2014 09:11:25 AM,0.04,in,A
06/05/2014 09:00:41 AM,06/05/2014 09:00:55 AM,0.04,in,A
06/05/2014 08:52:36 AM,06/05/2014 08:52:55 AM,0.04,in,A
06/05/2014 08:34:41 AM,06/05/2014 08:34:55 AM,0.04,in,A
06/05/2014 06:36:58 AM,06/05/2014 06:37:25 AM,0.00,in,A
06/04/2014 06:39:49 PM,06/04/2014 06:39:55 PM,0.00,in,A
06/04/2014 06:42:39 AM,06/04/2014 06:42:55 AM,0.00,in,A
06/04/2014 03:33:55 AM,06/04/2014 03:33:56 AM,0.04,in,A
06/04/2014 03:29:58 AM,06/04/2014 03:30:25 AM,0.04,in,A
06/04/2014 03:25:35 AM,06/04/2014 03:25:56 AM,0.04,in,A
06/04/2014 03:20:35 AM,06/04/2014 03:20:56 AM,0.04,in,A
06/04/2014 03:18:12 AM,06/04/2014 03:18:26 AM,0.04,in,A
06/04/2014 03:15:40 AM,06/04/2014 03:15:56 AM,0.04,in,A
06/04/2014 03:14:08 AM,06/04/2014 03:14:26 AM,0.04,in,A
06/04/2014 03:12:59 AM,06/04/2014 03:13:26 AM,0.08,in,A
06/04/2014 03:10:07 AM,06/04/2014 03:10:26 AM,0.04,in,A
06/04/2014 03:04:53 AM,06/04/2014 03:04:58 AM,0.04,in,A
06/04/2014 03:03:01 AM,06/04/2014 03:03:26 AM,0.16,in,A
06/04/2014 02:58:20 AM,06/04/2014 02:58:27 AM,0.04,in,A
06/04/2014 02:57:24 AM,06/04/2014 02:57:27 AM,0.04,in,A
06/04/2014 02:54:52 AM,06/04/2014 02:54:56 AM,0.04,in,A
06/03/2014 06:45:29 PM,06/03/2014 06:45:55 PM,0.00,in,A
06/03/2014 06:48:19 AM,06/03/2014 06:48:25 AM,0.00,in,A
06/02/2014 06:51:09 PM,06/02/2014 06:51:25 PM,0.00,in,A
06/02/2014 06:53:59 AM,06/02/2014 06:54:25 AM,0.04,in,A
06/02/2014 12:09:47 AM,06/02/2014 12:09:56 AM,0.08,in,A
06/02/2014 12:02:41 AM,06/02/2014 12:02:56 AM,0.04,in,A
06/02/2014 12:01:23 AM,06/02/2014 12:01:36 AM,0.16,in,A
06/01/2014 11:58:38 PM,06/01/2014 11:58:56 PM,0.04,in,A
06/01/2014 11:58:02 PM,06/01/2014 11:58:26 PM,0.04,in,A
06/01/2014 11:57:31 PM,06/01/2014 11:57:56 PM,0.12,in,AN
06/01/2014 11:35:41 PM,06/01/2014 11:35:56 PM,0.04,in,A
06/01/2014 06:56:51 PM,06/01/2014 06:56:55 PM,0.00,in,A
06/01/2014 06:59:40 AM,06/01/2014 06:59:56 AM,0.00,in,A
05/31/2014 07:02:30 PM,05/31/2014 07:02:55 PM,0.00,in,A
05/31/2014 07:05:20 AM,05/31/2014 07:05:25 AM,0.00,in,A
05/30/2014 07:08:11 PM,05/30/2014 07:08:25 PM,0.00,in,A
05/30/2014 07:11:00 AM,05/30/2014 07:11:25 AM,0.00,in,A
05/29/2014 07:13:51 PM,05/29/2014 07:13:56 PM,0.00,in,A
05/29/2014 07:16:41 AM,05/29/2014 07:16:55 AM,0.00,in,A
05/28/2014 07:22:20 AM,05/28/2014 07:22:25 AM,0.00,in,A
05/27/2014 07:25:11 PM,05/27/2014 07:25:25 PM,0.00,in,A
05/27/2014 07:28:01 AM,05/27/2014 07:28:25 AM,0.00,in,A
05/26/2014 07:30:50 PM,05/26/2014 07:30:55 PM,0.00,in,A
05/26/2014 07:33:40 AM,05/26/2014 07:33:55 AM,0.04,in,A
05/26/2014 01:51:59 AM,05/26/2014 01:52:25 AM,0.04,in,A
05/26/2014 01:50:29 AM,05/26/2014 01:50:55 AM,0.04,in,A
05/26/2014 01:49:24 AM,05/26/2014 01:49:25 AM,0.04,in,A
05/26/2014 01:47:43 AM,05/26/2014 01:47:55 AM,0.04,in,A
05/26/2014 01:18:39 AM,05/26/2014 01:18:55 AM,0.04,in,A
05/26/2014 01:17:09 AM,05/26/2014 01:17:25 AM,0.04,in,A
05/25/2014 09:35:50 PM,05/25/2014 09:35:55 PM,0.04,in,A
05/25/2014 07:36:31 PM,05/25/2014 07:36:55 PM,0.00,in,A
05/25/2014 07:39:20 AM,05/25/2014 07:39:25 AM,0.00,in,A
05/24/2014 07:42:10 PM,05/24/2014 07:42:25 PM,0.00,in,A
05/24/2014 12:59:46 PM,05/24/2014 12:59:55 PM,0.04,in,A
05/24/2014 08:15:15 AM,05/24/2014 08:15:25 AM,0.04,in,A
05/24/2014 07:45:49 AM,05/24/2014 07:45:56 AM,0.04,in,A
05/24/2014 07:44:59 AM,05/24/2014 07:45:25 AM,0.00,in,A
05/24/2014 07:22:46 AM,05/24/2014 07:22:56 AM,0.04,in,A
05/24/2014 07:12:34 AM,05/24/2014 07:12:55 AM,0.04,in,A
05/24/2014 07:02:10 AM,05/24/2014 07:02:25 AM,0.04,in,A
05/24/2014 06:42:07 AM,05/24/2014 06:42:25 AM,0.04,in,A
05/23/2014 07:47:51 PM,05/23/2014 07:47:55 PM,0.00,in,A
05/23/2014 07:50:42 AM,05/23/2014 07:50:55 AM,0.04,in,A
05/23/2014 01:16:34 AM,05/23/2014 01:16:55 AM,0.04,in,A
05/23/2014 01:06:01 AM,05/23/2014 01:06:25 AM,0.04,in,A
05/22/2014 07:53:32 PM,05/22/2014 07:53:55 PM,0.00,in,A
05/22/2014 07:56:22 AM,05/22/2014 07:56:25 AM,0.00,in,A
05/21/2014 07:59:13 PM,05/21/2014 07:59:25 PM,0.00,in,A
05/21/2014 08:02:03 AM,05/21/2014 08:02:25 AM,0.00,in,A
05/20/2014 08:04:55 PM,05/20/2014 08:05:25 PM,0.00,in,A
05/20/2014 08:07:45 AM,05/20/2014 08:07:55 AM,0.00,in,A
05/19/2014 08:10:36 PM,05/19/2014 08:10:55 PM,0.00,in,A
05/19/2014 08:13:25 AM,05/19/2014 08:13:55 AM,0.00,in,A
05/18/2014 08:16:16 PM,05/18/2014 08:16:25 PM,0.00,in,A
05/17/2014 08:21:56 PM,05/17/2014 08:22:25 PM,0.00,in,A
05/17/2014 08:24:46 AM,05/17/2014 08:24:55 AM,0.00,in,A
05/16/2014 08:27:36 PM,05/16/2014 08:27:55 PM,0.00,in,A
05/16/2014 08:30:28 AM,05/16/2014 08:30:55 AM,0.00,in,A
05/15/2014 08:33:18 PM,05/15/2014 08:33:25 PM,0.00,in,A
05/15/2014 08:36:07 AM,05/15/2014 08:36:25 AM,0.00,in,A
05/14/2014 08:38:56 PM,05/14/2014 08:39:25 PM,0.00,in,A
05/14/2014 08:41:46 AM,05/14/2014 08:41:55 AM,0.00,in,A
05/13/2014 08:44:37 PM,05/13/2014 08:45:30 PM,0.00,in,A
05/13/2014 08:47:27 AM,05/13/2014 08:47:55 AM,0.00,in,A
05/12/2014 08:50:17 PM,05/12/2014 08:50:25 PM,0.00,in,A
05/12/2014 04:05:14 PM,05/12/2014 04:05:25 PM,0.04,in,A
05/12/2014 03:56:59 PM,05/12/2014 03:57:25 PM,0.04,in,A
05/12/2014 03:39:52 PM,05/12/2014 03:39:56 PM,0.04,in,A
05/12/2014 08:53:07 AM,05/12/2014 08:53:25 AM,0.00,in,A
05/12/2014 05:09:22 AM,05/12/2014 05:09:26 AM,0.04,in,A
05/12/2014 04:43:27 AM,05/12/2014 04:43:55 AM,0.04,in,A
05/12/2014 04:26:19 AM,05/12/2014 04:26:27 AM,0.04,in,A
05/11/2014 08:55:57 PM,05/11/2014 08:56:25 PM,0.00,in,A
05/11/2014 08:58:46 AM,05/11/2014 08:58:56 AM,0.00,in,A
05/10/2014 09:01:36 PM,05/10/2014 09:01:55 PM,0.00,in,A
05/10/2014 09:04:26 AM,05/10/2014 09:04:55 AM,0.00,in,A
05/09/2014 09:07:17 PM,05/09/2014 09:07:25 PM,0.00,in,A
05/09/2014 09:10:07 AM,05/09/2014 09:10:25 AM,0.00,in,A
05/08/2014 09:12:59 PM,05/08/2014 09:13:25 PM,0.00,in,A
05/08/2014 09:15:48 AM,05/08/2014 09:15:55 AM,0.00,in,A
05/07/2014 09:18:40 PM,05/07/2014 09:18:55 PM,0.00,in,A
05/07/2014 09:21:30 AM,05/07/2014 09:21:55 AM,0.00,in,A
05/06/2014 09:24:20 PM,05/06/2014 09:24:25 PM,0.00,in,A
05/06/2014 09:27:10 AM,05/06/2014 09:27:25 AM,0.00,in,A
05/05/2014 09:30:00 PM,05/05/2014 09:30:25 PM,0.00,in,A
05/05/2014 09:32:50 AM,05/05/2014 09:32:55 AM,0.00,in,A
05/04/2014 09:35:41 PM,05/04/2014 09:35:55 PM,0.00,in,A
05/04/2014 09:38:31 AM,05/04/2014 09:38:55 AM,0.00,in,A
05/03/2014 09:41:21 PM,05/03/2014 09:41:25 PM,0.00,in,A
05/03/2014 09:44:11 AM,05/03/2014 09:44:25 AM,0.00,in,A
05/02/2014 09:47:01 PM,05/02/2014 09:47:25 PM,0.00,in,A
05/02/2014 09:49:51 AM,05/02/2014 09:49:55 AM,0.00,in,A
05/01/2014 09:52:42 PM,05/01/2014 09:52:55 PM,0.00,in,A
05/01/2014 09:55:31 AM,05/01/2014 09:55:55 AM,0.00,in,A
04/30/2014 09:58:21 PM,04/30/2014 09:58:25 PM,0.00,in,A
04/30/2014 01:00:52 PM,04/30/2014 01:00:55 PM,0.04,in,A
04/30/2014 10:01:11 AM,04/30/2014 10:01:25 AM,0.00,in,A
04/29/2014 10:04:00 PM,04/29/2014 10:04:25 PM,0.00,in,A
04/29/2014 11:35:28 AM,04/29/2014 11:35:55 AM,0.04,in,A
04/29/2014 10:06:49 AM,04/29/2014 10:06:55 AM,0.00,in,A
04/29/2014 08:55:57 AM,04/29/2014 08:56:25 AM,0.04,in,A
04/29/2014 08:07:42 AM,04/29/2014 08:07:55 AM,0.04,in,A
04/28/2014 10:09:39 PM,04/28/2014 10:09:55 PM,0.00,in,A
04/28/2014 10:12:29 AM,04/28/2014 10:12:55 AM,0.00,in,A
04/27/2014 10:15:19 PM,04/27/2014 10:15:25 PM,0.00,in,A
04/27/2014 07:21:15 PM,04/27/2014 07:21:26 PM,0.04,in,A
04/27/2014 07:10:24 PM,04/27/2014 07:10:26 PM,0.04,in,A
04/27/2014 07:06:18 PM,04/27/2014 07:06:26 PM,0.04,in,A
04/27/2014 06:40:47 PM,04/27/2014 06:40:56 PM,0.04,in,A
04/27/2014 06:29:32 PM,04/27/2014 06:29:55 PM,0.04,in,A
04/27/2014 06:28:14 PM,04/27/2014 06:28:25 PM,0.04,in,A
04/27/2014 01:00:26 PM,04/27/2014 01:00:55 PM,0.04,in,A
04/27/2014 12:19:03 PM,04/27/2014 12:19:26 PM,0.04,in,A
04/27/2014 12:03:54 PM,04/27/2014 12:03:56 PM,0.04,in,A
04/27/2014 12:01:50 PM,04/27/2014 12:01:56 PM,0.04,in,A
04/27/2014 11:56:16 AM,04/27/2014 11:56:26 AM,0.12,in,A
04/27/2014 11:50:28 AM,04/27/2014 11:50:55 AM,0.04,in,A
04/27/2014 11:36:34 AM,04/27/2014 11:36:55 AM,0.04,in,A
04/27/2014 10:18:09 AM,04/27/2014 10:18:25 AM,0.00,in,A
04/26/2014 10:20:59 PM,04/26/2014 10:21:25 PM,0.00,in,A
04/26/2014 10:23:49 AM,04/26/2014 10:23:55 AM,0.00,in,A
04/26/2014 09:07:14 AM,04/26/2014 09:07:25 AM,0.04,in,A
04/25/2014 10:29:29 AM,04/25/2014 10:29:55 AM,0.00,in,A
04/24/2014 10:32:19 PM,04/24/2014 10:32:25 PM,0.00,in,A
04/24/2014 02:08:26 PM,04/24/2014 02:08:55 PM,0.08,in,A
04/24/2014 01:39:53 PM,04/24/2014 01:39:56 PM,0.04,in,A
04/24/2014 01:24:54 PM,04/24/2014 01:24:56 PM,0.04,in,A
04/24/2014 12:57:15 PM,04/24/2014 12:57:26 PM,0.04,in,A
04/24/2014 12:51:24 PM,04/24/2014 12:51:27 PM,0.16,in,A
04/24/2014 12:42:57 PM,04/24/2014 12:43:25 PM,0.08,in,A
04/24/2014 12:41:51 PM,04/24/2014 12:41:56 PM,0.04,in,A
04/24/2014 12:41:17 PM,04/24/2014 12:41:26 PM,0.04,in,A
04/24/2014 12:40:43 PM,04/24/2014 12:40:56 PM,0.08,in,A
04/24/2014 11:57:54 AM,04/24/2014 11:57:55 AM,0.04,in,A
04/24/2014 10:35:08 AM,04/24/2014 10:35:25 AM,0.00,in,A
04/24/2014 09:49:39 AM,04/24/2014 09:49:55 AM,0.04,in,A
04/24/2014 09:36:42 AM,04/24/2014 09:36:55 AM,0.04,in,A
04/24/2014 09:08:00 AM,04/24/2014 09:08:25 AM,0.04,in,A
04/24/2014 08:59:44 AM,04/24/2014 08:59:55 AM,0.04,in,A
04/24/2014 08:45:39 AM,04/24/2014 08:45:55 AM,0.04,in,A
04/24/2014 08:38:10 AM,04/24/2014 08:38:26 AM,0.04,in,A
04/24/2014 08:35:29 AM,04/24/2014 08:35:55 AM,0.04,in,A
04/24/2014 08:32:14 AM,04/24/2014 08:32:26 AM,0.04,in,A
04/24/2014 08:30:16 AM,04/24/2014 08:30:25 AM,0.04,in,A
04/24/2014 08:28:23 AM,04/24/2014 08:28:25 AM,0.04,in,A
04/24/2014 08:27:14 AM,04/24/2014 08:27:25 AM,0.12,in,A
04/24/2014 08:06:52 AM,04/24/2014 08:06:55 AM,0.04,in,A
04/24/2014 07:59:33 AM,04/24/2014 07:59:55 AM,0.04,in,A
04/24/2014 07:56:30 AM,04/24/2014 07:56:55 AM,0.04,in,A
04/24/2014 07:53:56 AM,04/24/2014 07:54:25 AM,0.04,in,A
04/24/2014 07:42:51 AM,04/24/2014 07:42:55 AM,0.04,in,A
04/23/2014 10:37:58 PM,04/23/2014 10:38:25 PM,0.00,in,A
04/23/2014 10:40:48 AM,04/23/2014 10:40:55 AM,0.00,in,A
04/22/2014 10:43:38 PM,04/22/2014 10:43:55 PM,0.00,in,A
04/22/2014 10:43:37 AM,04/22/2014 10:43:55 AM,0.00,in,A
04/22/2014 01:02:25 AM,04/22/2014 01:02:55 AM,0.00,in,A
04/21/2014 01:05:15 PM,04/21/2014 01:05:25 PM,0.00,in,A
04/21/2014 01:08:05 AM,04/21/2014 01:08:25 AM,0.00,in,A
04/20/2014 01:10:55 PM,04/20/2014 01:11:25 PM,0.00,in,A
04/20/2014 01:13:44 AM,04/20/2014 01:13:55 AM,0.00,in,A
04/19/2014 01:16:35 PM,04/19/2014 01:16:55 PM,0.00,in,A
04/19/2014 01:19:25 AM,04/19/2014 01:19:55 AM,0.00,in,A
04/18/2014 01:22:14 PM,04/18/2014 01:22:25 PM,0.00,in,A
04/18/2014 01:25:03 AM,04/18/2014 01:25:25 AM,0.00,in,A
04/17/2014 01:27:55 PM,04/17/2014 01:27:55 PM,0.00,in,A
04/17/2014 01:30:44 AM,04/17/2014 01:30:56 AM,0.00,in,A
04/16/2014 01:33:34 PM,04/16/2014 01:33:55 PM,0.00,in,A
04/16/2014 01:36:23 AM,04/16/2014 01:36:25 AM,0.00,in,A
04/15/2014 01:39:13 PM,04/15/2014 01:39:25 PM,0.00,in,A
04/15/2014 01:42:02 AM,04/15/2014 01:42:25 AM,0.00,in,A
04/14/2014 01:44:51 PM,04/14/2014 01:44:55 PM,0.00,in,A
04/14/2014 01:47:41 AM,04/14/2014 01:47:55 AM,0.00,in,A
04/14/2014 01:34:39 AM,04/14/2014 01:34:55 AM,0.04,in,A
04/13/2014 07:04:26 PM,04/13/2014 07:04:55 PM,0.04,in,A
04/13/2014 06:35:52 PM,04/13/2014 06:35:56 PM,0.04,in,A
04/13/2014 06:23:57 PM,04/13/2014 06:24:25 PM,0.04,in,A
04/13/2014 06:12:56 PM,04/13/2014 06:13:25 PM,0.04,in,A
04/13/2014 06:01:47 PM,04/13/2014 06:01:55 PM,0.04,in,A
04/13/2014 05:49:37 PM,04/13/2014 05:49:55 PM,0.04,in,A
04/13/2014 05:32:50 PM,04/13/2014 05:32:55 PM,0.04,in,A
04/13/2014 05:10:34 PM,04/13/2014 05:10:55 PM,0.04,in,A
04/13/2014 05:00:40 PM,04/13/2014 05:00:55 PM,0.04,in,A
04/13/2014 04:50:52 PM,04/13/2014 04:50:56 PM,0.04,in,A
04/13/2014 04:47:38 PM,04/13/2014 04:47:56 PM,0.04,in,A
04/13/2014 04:44:29 PM,04/13/2014 04:44:55 PM,0.04,in,A
04/13/2014 04:41:37 PM,04/13/2014 04:41:56 PM,0.04,in,A
04/13/2014 04:39:39 PM,04/13/2014 04:39:56 PM,0.04,in,A
04/13/2014 02:33:43 PM,04/13/2014 02:33:56 PM,0.04,in,A
04/13/2014 02:27:13 PM,04/13/2014 02:27:25 PM,0.04,in,A
04/13/2014 02:23:29 PM,04/13/2014 02:23:55 PM,0.04,in,A
04/13/2014 02:16:49 PM,04/13/2014 02:16:56 PM,0.04,in,A
04/13/2014 02:09:00 PM,04/13/2014 02:09:25 PM,0.04,in,A
04/13/2014 01:56:52 PM,04/13/2014 01:56:56 PM,0.04,in,A
04/13/2014 01:50:31 PM,04/13/2014 01:50:55 PM,0.00,in,A
04/13/2014 01:48:58 PM,04/13/2014 01:49:25 PM,0.04,in,A
04/13/2014 01:38:55 PM,04/13/2014 01:39:25 PM,0.04,in,A
04/13/2014 01:53:21 AM,04/13/2014 01:53:25 AM,0.00,in,A
04/12/2014 01:56:11 PM,04/12/2014 01:56:25 PM,0.00,in,A
04/12/2014 01:59:01 AM,04/12/2014 01:59:25 AM,0.00,in,A
04/11/2014 02:01:52 PM,04/11/2014 02:01:55 PM,0.00,in,A
04/11/2014 02:04:41 AM,04/11/2014 02:04:55 AM,0.00,in,A
04/10/2014 02:07:32 PM,04/10/2014 02:07:55 PM,0.00,in,A
04/10/2014 02:10:21 AM,04/10/2014 02:10:25 AM,0.00,in,A
04/09/2014 02:13:11 PM,04/09/2014 02:13:25 PM,0.00,in,A
04/09/2014 02:16:01 AM,04/09/2014 02:16:25 AM,0.00,in,A
04/08/2014 02:18:50 PM,04/08/2014 02:18:55 PM,0.00,in,A
04/08/2014 02:21:40 AM,04/08/2014 02:21:55 AM,0.00,in,A
04/07/2014 02:24:30 PM,04/07/2014 02:24:55 PM,0.00,in,A
04/07/2014 02:27:20 AM,04/07/2014 02:27:25 AM,0.00,in,A
04/06/2014 02:30:09 PM,04/06/2014 02:30:25 PM,0.00,in,A
04/06/2014 02:32:59 AM,04/06/2014 02:33:25 AM,0.00,in,A
04/05/2014 02:35:49 PM,04/05/2014 02:35:55 PM,0.00,in,A
04/04/2014 02:41:29 PM,04/04/2014 02:41:55 PM,0.00,in,A
04/04/2014 02:44:18 AM,04/04/2014 02:44:25 AM,0.00,in,A
04/03/2014 02:47:09 PM,04/03/2014 02:47:25 PM,0.00,in,A
04/03/2014 06:32:25 AM,04/03/2014 06:32:55 AM,0.04,in,A
04/03/2014 02:49:58 AM,04/03/2014 02:50:25 AM,0.00,in,A
04/02/2014 11:29:28 PM,04/02/2014 11:29:55 PM,0.04,in,A
04/02/2014 11:26:09 PM,04/02/2014 11:26:25 PM,0.04,in,A
04/02/2014 11:24:47 PM,04/02/2014 11:24:55 PM,0.04,in,A
04/02/2014 11:23:52 PM,04/02/2014 11:23:55 PM,0.04,in,A
04/02/2014 11:22:24 PM,04/02/2014 11:22:25 PM,0.04,in,A
04/02/2014 02:52:48 PM,04/02/2014 02:52:55 PM,0.00,in,A
04/02/2014 09:00:17 AM,04/02/2014 09:00:25 AM,0.04,in,A
04/02/2014 08:13:15 AM,04/02/2014 08:13:25 AM,0.04,in,A
04/02/2014 07:43:46 AM,04/02/2014 07:43:55 AM,0.04,in,A
04/02/2014 07:35:46 AM,04/02/2014 07:35:55 AM,0.04,in,A
04/02/2014 07:34:17 AM,04/02/2014 07:34:25 AM,0.04,in,A
04/02/2014 07:33:08 AM,04/02/2014 07:33:25 AM,0.04,in,A
04/02/2014 07:24:51 AM,04/02/2014 07:24:56 AM,0.04,in,A
04/02/2014 07:18:32 AM,04/02/2014 07:18:55 AM,0.04,in,A
04/02/2014 07:10:47 AM,04/02/2014 07:10:55 AM,0.08,in,A
04/02/2014 06:45:01 AM,04/02/2014 06:45:25 AM,0.04,in,A
04/02/2014 06:37:29 AM,04/02/2014 06:37:55 AM,0.04,in,A
04/02/2014 06:35:56 AM,04/02/2014 06:36:25 AM,0.04,in,A
04/02/2014 06:34:17 AM,04/02/2014 06:34:26 AM,0.04,in,A
04/02/2014 06:15:47 AM,04/02/2014 06:15:57 AM,0.04,in,A
04/02/2014 06:14:24 AM,04/02/2014 06:14:26 AM,0.04,in,A
04/02/2014 05:37:23 AM,04/02/2014 05:37:26 AM,0.04,in,A
04/02/2014 05:34:21 AM,04/02/2014 05:34:27 AM,0.04,in,A
04/02/2014 05:30:09 AM,04/02/2014 05:30:26 AM,0.04,in,A
04/02/2014 02:55:37 AM,04/02/2014 02:55:55 AM,0.00,in,A
04/01/2014 02:58:26 PM,04/01/2014 02:58:55 PM,0.00,in,A
04/01/2014 03:01:15 AM,04/01/2014 03:01:25 AM,0.00,in,A
03/31/2014 03:04:05 PM,03/31/2014 03:04:25 PM,0.00,in,A
03/31/2014 03:06:54 AM,03/31/2014 03:06:55 AM,0.00,in,A
03/30/2014 03:09:43 PM,03/30/2014 03:09:55 PM,0.00,in,A
03/30/2014 03:12:33 AM,03/30/2014 03:12:55 AM,0.00,in,A
03/29/2014 03:15:22 PM,03/29/2014 03:15:25 PM,0.00,in,A
03/29/2014 03:18:11 AM,03/29/2014 03:18:25 AM,0.00,in,A
03/28/2014 03:21:01 PM,03/28/2014 03:21:25 PM,0.00,in,A
03/28/2014 03:23:51 AM,03/28/2014 03:23:55 AM,0.00,in,A
03/27/2014 03:26:41 PM,03/27/2014 03:26:55 PM,0.00,in,A
03/27/2014 02:46:20 PM,03/27/2014 02:46:25 PM,0.04,in,A
03/27/2014 03:29:30 AM,03/27/2014 03:29:55 AM,0.00,in,A
03/26/2014 11:35:53 PM,03/26/2014 11:35:55 PM,0.04,in,A
03/26/2014 10:04:15 PM,03/26/2014 10:04:25 PM,0.04,in,A
03/26/2014 09:23:36 PM,03/26/2014 09:23:55 PM,0.04,in,A
03/26/2014 08:26:58 PM,03/26/2014 08:27:25 PM,0.04,in,A
03/26/2014 07:57:59 PM,03/26/2014 07:58:25 PM,0.04,in,A
03/26/2014 07:30:48 PM,03/26/2014 07:30:55 PM,0.04,in,A
03/26/2014 06:36:24 PM,03/26/2014 06:36:25 PM,0.04,in,A
03/26/2014 05:33:29 PM,03/26/2014 05:33:55 PM,0.04,in,A
03/26/2014 03:32:20 PM,03/26/2014 03:32:25 PM,0.00,in,A
03/26/2014 03:35:08 AM,03/26/2014 03:35:25 AM,0.00,in,A
03/25/2014 03:37:58 PM,03/25/2014 03:38:25 PM,0.00,in,A
03/25/2014 03:40:47 AM,03/25/2014 03:40:55 AM,0.00,in,A
03/24/2014 03:43:36 PM,03/24/2014 03:43:55 PM,0.00,in,A
03/24/2014 03:39:22 PM,03/24/2014 03:39:25 PM,0.04,in,A
03/24/2014 03:46:25 AM,03/24/2014 03:46:55 AM,0.00,in,A
03/23/2014 03:49:15 PM,03/23/2014 03:49:25 PM,0.00,in,A
03/23/2014 03:52:04 AM,03/23/2014 03:52:25 AM,0.00,in,A
03/22/2014 03:54:55 PM,03/22/2014 03:55:25 PM,0.00,in,A
03/22/2014 03:57:45 AM,03/22/2014 03:57:55 AM,0.00,in,A
03/21/2014 04:00:35 PM,03/21/2014 04:00:55 PM,0.00,in,A
03/21/2014 04:03:25 AM,03/21/2014 04:03:55 AM,0.00,in,A
03/20/2014 04:06:14 PM,03/20/2014 04:06:25 PM,0.00,in,A
03/20/2014 04:09:04 AM,03/20/2014 04:09:25 AM,0.00,in,A
03/19/2014 04:11:53 PM,03/19/2014 04:11:55 PM,0.00,in,A
03/19/2014 04:14:44 AM,03/19/2014 04:14:55 AM,0.00,in,A
03/18/2014 04:17:34 PM,03/18/2014 04:17:55 PM,0.00,in,A
03/18/2014 04:20:23 AM,03/18/2014 04:20:25 AM,0.00,in,A
03/17/2014 04:23:12 PM,03/17/2014 04:23:25 PM,0.00,in,A
03/17/2014 04:26:02 AM,03/17/2014 04:26:25 AM,0.00,in,A
03/16/2014 04:28:53 PM,03/16/2014 04:28:55 PM,0.00,in,A
03/16/2014 05:52:23 AM,03/16/2014 05:52:25 AM,0.04,in,A
03/16/2014 04:31:43 AM,03/16/2014 04:31:55 AM,0.00,in,A
03/16/2014 01:41:30 AM,03/16/2014 01:41:55 AM,0.04,in,A
03/16/2014 01:07:08 AM,03/16/2014 01:07:25 AM,0.04,in,A
03/16/2014 12:42:19 AM,03/16/2014 12:42:28 AM,0.04,in,A
03/16/2014 12:22:32 AM,03/16/2014 12:22:55 AM,0.12,in,A
03/15/2014 11:43:51 PM,03/15/2014 11:43:56 PM,0.04,in,A
03/15/2014 04:34:32 PM,03/15/2014 04:34:55 PM,0.00,in,A
03/15/2014 04:37:21 AM,03/15/2014 04:37:25 AM,0.00,in,A
03/14/2014 04:40:10 PM,03/14/2014 04:40:25 PM,0.00,in,A
03/14/2014 04:43:00 AM,03/14/2014 04:43:25 AM,0.00,in,A
03/13/2014 04:45:49 PM,03/13/2014 04:45:55 PM,0.00,in,A
03/13/2014 04:48:39 AM,03/13/2014 04:48:55 AM,0.00,in,A
03/12/2014 04:51:29 PM,03/12/2014 04:51:55 PM,0.00,in,A
03/12/2014 04:54:19 AM,03/12/2014 04:54:25 AM,0.00,in,A
03/11/2014 11:38:13 PM,03/11/2014 11:38:25 PM,0.04,in,A
03/11/2014 11:05:17 PM,03/11/2014 11:05:25 PM,0.04,in,A
03/11/2014 09:18:03 PM,03/11/2014 09:18:25 PM,0.04,in,A
03/11/2014 08:31:25 PM,03/11/2014 08:31:55 PM,0.04,in,A
03/11/2014 04:57:09 PM,03/11/2014 04:57:25 PM,0.00,in,A
03/11/2014 05:00:00 AM,03/11/2014 05:00:25 AM,0.00,in,A
03/10/2014 05:02:50 PM,03/10/2014 05:02:55 PM,0.00,in,A
03/10/2014 05:05:39 AM,03/10/2014 05:05:55 AM,0.00,in,A
03/09/2014 05:08:28 PM,03/09/2014 05:08:55 PM,0.00,in,A
03/09/2014 05:11:18 AM,03/09/2014 05:11:25 AM,0.00,in,A
03/08/2014 04:14:07 PM,03/08/2014 04:14:25 PM,0.00,in,A
03/08/2014 04:16:56 AM,03/08/2014 04:17:25 AM,0.00,in,A
03/07/2014 04:19:45 PM,03/07/2014 04:19:55 PM,0.00,in,A
03/06/2014 04:25:24 PM,03/06/2014 04:25:25 PM,0.08,in,A
03/06/2014 04:28:14 AM,03/06/2014 04:28:26 AM,0.00,in,A
03/05/2014 04:31:03 PM,03/05/2014 04:31:25 PM,0.00,in,A
03/05/2014 04:33:53 AM,03/05/2014 04:33:56 AM,0.00,in,A
03/04/2014 04:36:42 PM,03/04/2014 04:36:55 PM,0.00,in,A
03/04/2014 03:37:05 PM,03/04/2014 03:37:25 PM,0.04,in,A
03/04/2014 01:48:53 PM,03/04/2014 01:48:55 PM,0.04,in,A
03/04/2014 12:14:28 PM,03/04/2014 12:14:55 PM,0.04,in,A
03/04/2014 04:39:34 AM,03/04/2014 04:39:55 AM,0.00,in,A
03/03/2014 04:42:23 PM,03/03/2014 04:42:25 PM,0.00,in,A
03/03/2014 03:38:12 PM,03/03/2014 03:38:25 PM,0.04,in,A
03/03/2014 02:08:13 PM,03/03/2014 02:08:25 PM,0.04,in,A
03/03/2014 01:05:35 PM,03/03/2014 01:05:55 PM,0.04,in,A
03/03/2014 04:45:12 AM,03/03/2014 04:45:25 AM,0.00,in,A
03/02/2014 04:48:01 PM,03/02/2014 04:48:25 PM,0.00,in,A
03/02/2014 04:50:49 AM,03/02/2014 04:50:55 AM,0.00,in,A
03/01/2014 04:53:38 PM,03/01/2014 04:53:55 PM,0.00,in,A
03/01/2014 04:56:28 AM,03/01/2014 04:56:55 AM,0.00,in,A
02/28/2014 04:59:17 PM,02/28/2014 04:59:25 PM,0.00,in,A
02/28/2014 05:02:07 AM,02/28/2014 05:02:25 AM,0.00,in,A
02/27/2014 05:04:57 PM,02/27/2014 05:05:25 PM,0.00,in,A
02/27/2014 05:07:47 AM,02/27/2014 05:07:55 AM,0.00,in,A
02/26/2014 05:10:36 PM,02/26/2014 05:10:55 PM,0.00,in,A
02/26/2014 05:13:25 AM,02/26/2014 05:13:55 AM,0.00,in,A
02/25/2014 05:16:14 PM,02/25/2014 05:16:25 PM,0.00,in,A
02/25/2014 05:19:04 AM,02/25/2014 05:19:25 AM,0.00,in,A
02/24/2014 05:21:53 PM,02/24/2014 05:21:55 PM,0.00,in,A
02/24/2014 05:24:42 AM,02/24/2014 05:24:55 AM,0.00,in,A
02/23/2014 05:27:31 PM,02/23/2014 05:27:55 PM,0.00,in,A
02/23/2014 05:30:20 AM,02/23/2014 05:30:25 AM,0.00,in,A
02/22/2014 05:33:08 PM,02/22/2014 05:33:25 PM,0.00,in,A
02/22/2014 05:35:57 AM,02/22/2014 05:36:25 AM,0.00,in,A
02/21/2014 05:38:46 PM,02/21/2014 05:38:55 PM,0.00,in,A
02/21/2014 05:41:36 AM,02/21/2014 05:41:55 AM,0.00,in,A
02/20/2014 05:44:25 PM,02/20/2014 05:44:55 PM,0.00,in,A
02/20/2014 01:18:54 PM,02/20/2014 01:18:55 PM,0.04,in,A
02/20/2014 05:47:14 AM,02/20/2014 05:47:25 AM,0.00,in,A
02/19/2014 10:38:55 PM,02/19/2014 10:38:55 PM,0.04,in,A
02/19/2014 10:23:34 PM,02/19/2014 10:23:55 PM,0.04,in,A
02/19/2014 10:17:11 PM,02/19/2014 10:17:25 PM,0.04,in,A
02/19/2014 05:50:51 PM,02/19/2014 05:53:09 PM,0.04,in,A
02/19/2014 05:50:04 PM,02/19/2014 05:50:25 PM,0.00,in,A
02/19/2014 05:52:53 AM,02/19/2014 05:52:55 AM,0.00,in,A
02/18/2014 05:55:43 PM,02/18/2014 05:55:55 PM,0.00,in,A
02/18/2014 05:58:32 AM,02/18/2014 05:58:55 AM,0.00,in,A
02/17/2014 06:01:24 PM,02/17/2014 06:01:25 PM,0.00,in,A
02/17/2014 06:04:14 AM,02/17/2014 06:04:25 AM,0.00,in,A
02/16/2014 06:07:05 PM,02/16/2014 06:07:25 PM,0.00,in,A
02/16/2014 06:09:55 AM,02/16/2014 06:09:55 AM,0.00,in,A
02/15/2014 06:12:44 PM,02/15/2014 06:12:55 PM,0.00,in,A
02/15/2014 06:15:35 AM,02/15/2014 06:15:55 AM,0.00,in,A
02/14/2014 06:18:23 PM,02/14/2014 06:18:25 PM,0.00,in,A
02/14/2014 06:21:13 AM,02/14/2014 06:21:25 AM,0.00,in,A
02/13/2014 06:24:02 PM,02/13/2014 06:24:25 PM,0.00,in,A
02/13/2014 02:08:34 PM,02/13/2014 02:08:55 PM,0.04,in,A
02/13/2014 01:24:08 PM,02/13/2014 01:24:25 PM,0.04,in,A
02/13/2014 12:43:02 PM,02/13/2014 12:43:25 PM,0.04,in,A
02/13/2014 12:14:56 PM,02/13/2014 12:15:25 PM,0.04,in,A
02/13/2014 11:39:27 AM,02/13/2014 11:39:55 AM,0.04,in,A
02/13/2014 11:08:56 AM,02/13/2014 11:09:25 AM,0.04,in,A
02/13/2014 10:30:27 AM,02/13/2014 10:30:55 AM,0.04,in,A
02/13/2014 06:26:54 AM,02/13/2014 06:26:55 AM,0.00,in,A
02/12/2014 06:29:42 PM,02/12/2014 06:29:55 PM,0.00,in,A
02/12/2014 03:19:45 PM,02/12/2014 03:19:55 PM,0.04,in,A
02/12/2014 06:32:33 AM,02/12/2014 06:32:56 AM,0.00,in,A
02/11/2014 06:35:22 PM,02/11/2014 06:35:25 PM,0.00,in,A
02/11/2014 12:35:16 PM,02/11/2014 12:35:25 PM,0.04,in,A
02/11/2014 06:38:11 AM,02/11/2014 06:38:25 AM,0.00,in,A
02/10/2014 06:40:59 PM,02/10/2014 06:41:25 PM,0.00,in,A
02/10/2014 06:43:49 AM,02/10/2014 06:43:55 AM,0.00,in,A
02/09/2014 06:46:38 PM,02/09/2014 06:46:55 PM,0.00,in,A
02/09/2014 06:49:28 AM,02/09/2014 06:49:55 AM,0.00,in,A
02/08/2014 06:52:16 PM,02/08/2014 06:52:25 PM,0.00,in,A
02/08/2014 06:55:07 AM,02/08/2014 06:55:25 AM,0.00,in,A
02/07/2014 06:57:57 PM,02/07/2014 06:58:25 PM,0.00,in,A
02/07/2014 07:00:46 AM,02/07/2014 07:00:55 AM,0.00,in,A
02/06/2014 07:03:36 PM,02/06/2014 07:03:55 PM,0.00,in,A
02/06/2014 07:06:24 AM,02/06/2014 07:06:25 AM,0.00,in,A
02/05/2014 07:09:14 PM,02/05/2014 07:09:25 PM,0.00,in,A
02/05/2014 07:12:03 AM,02/05/2014 07:12:25 AM,0.00,in,A
02/04/2014 07:14:52 PM,02/04/2014 07:14:55 PM,0.00,in,A
02/04/2014 07:17:42 AM,02/04/2014 07:17:55 AM,0.00,in,A
02/03/2014 07:20:31 PM,02/03/2014 07:20:55 PM,0.00,in,A
02/03/2014 03:54:42 PM,02/03/2014 03:54:55 PM,0.04,in,A
02/03/2014 02:26:50 PM,02/03/2014 02:26:55 PM,0.04,in,A
02/03/2014 01:06:59 PM,02/03/2014 01:07:25 PM,0.04,in,A
02/03/2014 11:42:29 AM,02/03/2014 11:42:55 AM,0.04,in,A
02/03/2014 07:23:23 AM,02/03/2014 07:23:25 AM,0.00,in,A
02/02/2014 07:26:11 PM,02/02/2014 07:26:25 PM,0.00,in,A
02/02/2014 07:29:01 AM,02/02/2014 07:29:25 AM,0.00,in,A
02/01/2014 07:31:50 PM,02/01/2014 07:31:55 PM,0.00,in,A
02/01/2014 07:34:40 AM,02/01/2014 07:34:55 AM,0.00,in,A
01/31/2014 07:37:30 PM,01/31/2014 07:37:55 PM,0.00,in,A
01/31/2014 07:40:19 AM,01/31/2014 07:40:25 AM,0.00,in,A
01/30/2014 07:43:08 PM,01/30/2014 07:43:25 PM,0.00,in,A
01/30/2014 07:45:58 AM,01/30/2014 07:46:25 AM,0.00,in,A
01/29/2014 07:48:47 PM,01/29/2014 07:48:55 PM,0.00,in,A
01/29/2014 07:51:38 AM,01/29/2014 07:51:55 AM,0.00,in,A
01/28/2014 07:54:26 PM,01/28/2014 07:54:55 PM,0.00,in,A
01/28/2014 07:57:17 AM,01/28/2014 07:57:30 AM,0.00,in,A
01/27/2014 08:00:07 PM,01/27/2014 08:00:25 PM,0.00,in,A
01/27/2014 08:02:57 AM,01/27/2014 08:03:25 AM,0.00,in,A
01/26/2014 08:05:47 PM,01/26/2014 08:05:55 PM,0.00,in,A
01/26/2014 08:08:37 AM,01/26/2014 08:08:55 AM,0.00,in,A
01/25/2014 08:11:27 PM,01/25/2014 08:11:55 PM,0.00,in,A
01/25/2014 08:14:18 AM,01/25/2014 08:14:25 AM,0.00,in,A
01/24/2014 08:17:08 PM,01/24/2014 08:17:25 PM,0.00,in,A
01/24/2014 08:19:59 AM,01/24/2014 08:20:25 AM,0.00,in,A
01/23/2014 08:22:48 PM,01/23/2014 08:22:55 PM,0.00,in,A
01/23/2014 08:25:38 AM,01/23/2014 08:25:55 AM,0.00,in,A
01/22/2014 08:28:27 PM,01/22/2014 08:28:55 PM,0.00,in,A
01/22/2014 08:31:17 AM,01/22/2014 08:31:25 AM,0.00,in,A
01/21/2014 08:34:07 PM,01/21/2014 08:34:25 PM,0.00,in,A
01/21/2014 08:36:58 AM,01/21/2014 08:37:25 AM,0.00,in,A
01/20/2014 08:39:47 PM,01/20/2014 08:39:55 PM,0.00,in,A
01/20/2014 08:42:38 AM,01/20/2014 08:42:55 AM,0.00,in,A
01/19/2014 08:45:29 PM,01/19/2014 08:45:55 PM,0.00,in,A
01/19/2014 08:48:18 AM,01/19/2014 08:48:25 AM,0.00,in,A
01/18/2014 08:51:08 PM,01/18/2014 08:51:25 PM,0.00,in,A
01/18/2014 08:53:58 AM,01/18/2014 08:54:25 AM,0.00,in,A
01/17/2014 08:56:50 PM,01/17/2014 08:56:55 PM,0.00,in,A
01/17/2014 08:59:40 AM,01/17/2014 08:59:55 AM,0.00,in,A
01/16/2014 09:02:30 PM,01/16/2014 09:02:55 PM,0.00,in,A
01/16/2014 09:05:21 AM,01/16/2014 09:05:25 AM,0.00,in,A
01/15/2014 09:08:12 PM,01/15/2014 09:08:25 PM,0.00,in,A
01/15/2014 09:11:03 AM,01/15/2014 09:11:25 AM,0.00,in,A
01/14/2014 09:13:52 PM,01/14/2014 09:13:55 PM,0.00,in,A
01/13/2014 09:19:32 PM,01/13/2014 09:19:55 PM,0.00,in,A
01/13/2014 09:22:22 AM,01/13/2014 09:22:25 AM,0.00,in,A
01/12/2014 09:25:13 PM,01/12/2014 09:25:25 PM,0.00,in,A
01/12/2014 09:28:02 AM,01/12/2014 09:28:25 AM,0.00,in,A
01/11/2014 09:30:51 PM,01/11/2014 09:30:55 PM,0.00,in,A
01/11/2014 09:33:40 AM,01/11/2014 09:33:55 AM,0.00,in,A
01/10/2014 09:36:30 PM,01/10/2014 09:36:55 PM,0.00,in,A
01/10/2014 12:13:40 PM,01/10/2014 12:13:55 PM,0.04,in,A
01/10/2014 09:39:20 AM,01/10/2014 09:39:25 AM,0.00,in,A
01/10/2014 07:14:06 AM,01/10/2014 07:14:25 AM,0.04,in,A
01/09/2014 09:42:10 PM,01/09/2014 09:42:25 PM,0.00,in,A
01/09/2014 09:45:00 AM,01/09/2014 09:45:25 AM,0.00,in,A
01/08/2014 09:47:48 PM,01/08/2014 09:47:55 PM,0.00,in,A
01/08/2014 09:50:38 AM,01/08/2014 09:50:55 AM,0.00,in,A
01/07/2014 09:53:30 PM,01/07/2014 09:53:55 PM,0.00,in,A
01/07/2014 02:11:08 PM,01/07/2014 02:11:25 PM,0.04,in,A
01/07/2014 12:24:03 PM,01/07/2014 12:24:25 PM,0.04,in,A
01/07/2014 09:56:20 AM,01/07/2014 09:56:25 AM,0.00,in,A
01/06/2014 09:59:09 PM,01/06/2014 09:59:25 PM,0.00,in,A
01/06/2014 10:01:58 AM,01/06/2014 10:02:25 AM,0.00,in,A
01/05/2014 10:04:48 PM,01/05/2014 10:04:55 PM,0.00,in,A
01/05/2014 10:07:37 AM,01/05/2014 10:07:55 AM,0.00,in,A
01/04/2014 10:10:26 PM,01/04/2014 10:10:55 PM,0.00,in,A
01/04/2014 10:13:17 AM,01/04/2014 10:13:25 AM,0.00,in,A
01/03/2014 10:16:06 PM,01/03/2014 10:16:25 PM,0.04,in,A
01/03/2014 10:18:57 AM,01/03/2014 10:19:25 AM,0.00,in,A
01/02/2014 10:21:48 PM,01/02/2014 10:21:55 PM,0.00,in,A
01/02/2014 10:24:38 AM,01/02/2014 10:24:55 AM,0.00,in,A
01/01/2014 10:27:27 PM,01/01/2014 10:27:55 PM,0.00,in,A
01/01/2014 10:30:16 AM,01/01/2014 10:30:25 AM,0.00,in,A
12/31/2013 10:33:05 PM,12/31/2013 10:33:25 PM,0.00,in,A
12/31/2013 10:35:56 AM,12/31/2013 10:36:25 AM,0.00,in,A
12/30/2013 10:38:46 PM,12/30/2013 10:38:55 PM,0.00,in,A
12/30/2013 10:41:35 AM,12/30/2013 10:41:55 AM,0.00,in,A
12/29/2013 10:44:26 PM,12/29/2013 10:44:55 PM,0.00,in,A
12/29/2013 10:47:16 AM,12/29/2013 10:47:25 AM,0.00,in,A
12/28/2013 10:50:05 PM,12/28/2013 10:50:25 PM,0.00,in,A
12/28/2013 10:52:55 AM,12/28/2013 10:53:25 AM,0.00,in,A
12/27/2013 10:55:45 PM,12/27/2013 10:55:55 PM,0.00,in,A
12/27/2013 10:58:35 AM,12/27/2013 10:58:55 AM,0.00,in,A
12/26/2013 11:01:24 PM,12/26/2013 11:01:25 PM,0.00,in,A
12/26/2013 01:09:03 PM,12/26/2013 01:09:25 PM,0.04,in,A
12/26/2013 12:41:32 PM,12/26/2013 12:41:55 PM,0.04,in,A
12/26/2013 12:09:23 PM,12/26/2013 12:09:25 PM,0.04,in,A
12/26/2013 11:13:53 AM,12/26/2013 11:13:55 AM,0.04,in,A
12/26/2013 11:04:13 AM,12/26/2013 11:04:25 AM,0.00,in,A
12/25/2013 11:07:03 PM,12/25/2013 11:07:25 PM,0.00,in,A
12/25/2013 04:21:31 PM,12/25/2013 04:21:55 PM,0.04,in,A
12/25/2013 03:27:26 PM,12/25/2013 03:27:55 PM,0.04,in,A
12/25/2013 01:53:43 PM,12/25/2013 01:53:55 PM,0.04,in,A
12/25/2013 01:12:33 PM,12/25/2013 01:12:55 PM,0.04,in,A
12/25/2013 12:27:20 PM,12/25/2013 12:27:25 PM,0.04,in,A
12/25/2013 11:29:13 AM,12/25/2013 11:29:25 AM,0.04,in,A
12/25/2013 11:09:53 AM,12/25/2013 11:09:55 AM,0.00,in,A
12/24/2013 11:12:41 PM,12/24/2013 11:12:55 PM,0.00,in,A
12/24/2013 02:03:38 PM,12/24/2013 02:03:55 PM,0.04,in,A
12/24/2013 11:15:31 AM,12/24/2013 11:15:55 AM,0.00,in,A
12/23/2013 11:18:21 PM,12/23/2013 11:18:25 PM,0.00,in,A
12/23/2013 11:21:11 AM,12/23/2013 11:21:25 AM,0.00,in,A
12/22/2013 11:24:02 PM,12/22/2013 11:24:25 PM,0.00,in,A
12/21/2013 11:29:40 PM,12/21/2013 11:29:55 PM,0.00,in,A
12/21/2013 05:04:16 PM,12/21/2013 05:04:25 PM,0.04,in,A
12/21/2013 11:32:29 AM,12/21/2013 11:32:55 AM,0.00,in,A
12/20/2013 11:35:19 PM,12/20/2013 11:35:25 PM,0.00,in,A
12/20/2013 11:38:08 AM,12/20/2013 11:38:25 AM,0.00,in,A
12/19/2013 11:40:57 PM,12/19/2013 11:41:25 PM,0.00,in,A
12/19/2013 11:43:46 AM,12/19/2013 11:43:55 AM,0.00,in,A
12/18/2013 11:46:36 PM,12/18/2013 11:46:55 PM,0.00,in,A
12/18/2013 11:49:25 AM,12/18/2013 11:49:55 AM,0.00,in,A
12/17/2013 11:52:17 PM,12/17/2013 11:52:25 PM,0.00,in,A
12/17/2013 11:55:06 AM,12/17/2013 11:55:25 AM,0.00,in,A
12/16/2013 11:57:55 PM,12/16/2013 11:58:25 PM,0.00,in,A
12/16/2013 12:03:36 AM,12/16/2013 12:03:55 AM,0.00,in,A
12/15/2013 12:06:25 PM,12/15/2013 12:06:55 PM,0.00,in,A
12/15/2013 12:09:15 AM,12/15/2013 12:09:25 AM,0.00,in,A
12/14/2013 12:12:05 PM,12/14/2013 12:12:25 PM,0.00,in,A
12/14/2013 12:14:55 AM,12/14/2013 12:15:25 AM,0.00,in,A
12/13/2013 04:19:16 PM,12/13/2013 04:19:25 PM,0.04,in,A
12/13/2013 02:39:07 PM,12/13/2013 02:39:25 PM,0.04,in,A
12/13/2013 01:32:44 PM,12/13/2013 01:32:55 PM,0.04,in,A
12/13/2013 01:03:08 PM,12/13/2013 01:03:25 PM,0.04,in,A
12/13/2013 12:50:36 PM,12/13/2013 12:50:55 PM,0.04,in,A
12/13/2013 12:17:44 PM,12/13/2013 12:17:55 PM,0.00,in,A
12/13/2013 07:34:12 AM,12/13/2013 07:34:25 AM,0.04,in,A
12/13/2013 12:20:33 AM,12/13/2013 12:20:55 AM,0.00,in,A
12/12/2013 12:23:22 PM,12/12/2013 12:23:25 PM,0.00,in,A
12/12/2013 12:26:12 AM,12/12/2013 12:26:25 AM,0.00,in,A
12/11/2013 12:29:01 PM,12/11/2013 12:29:25 PM,0.00,in,A
12/11/2013 12:31:52 AM,12/11/2013 12:31:55 AM,0.00,in,A
12/10/2013 12:34:40 PM,12/10/2013 12:34:55 PM,0.00,in,A
12/10/2013 12:37:30 AM,12/10/2013 12:37:55 AM,0.00,in,A
12/09/2013 12:40:18 PM,12/09/2013 12:40:25 PM,0.00,in,A
12/09/2013 12:43:09 AM,12/09/2013 12:43:25 AM,0.00,in,A
12/08/2013 12:45:58 PM,12/08/2013 12:46:25 PM,0.00,in,A
12/08/2013 12:48:49 AM,12/08/2013 12:48:55 AM,0.00,in,A
12/07/2013 12:51:39 PM,12/07/2013 12:51:55 PM,0.00,in,A
12/07/2013 12:54:28 AM,12/07/2013 12:54:55 AM,0.00,in,A
12/06/2013 12:57:18 PM,12/06/2013 12:57:25 PM,0.00,in,A
12/06/2013 01:00:08 AM,12/06/2013 01:00:25 AM,0.00,in,A
12/05/2013 01:02:57 PM,12/05/2013 01:03:25 PM,0.00,in,A
12/05/2013 01:05:48 AM,12/05/2013 01:05:55 AM,0.00,in,A
12/04/2013 01:08:37 PM,12/04/2013 01:08:55 PM,0.00,in,A
12/04/2013 01:11:26 AM,12/04/2013 01:11:55 AM,0.00,in,A
12/03/2013 01:14:15 PM,12/03/2013 01:14:25 PM,0.00,in,A
12/03/2013 01:17:04 AM,12/03/2013 01:17:25 AM,0.00,in,A
12/02/2013 01:19:53 PM,12/02/2013 01:19:55 PM,0.00,in,A
12/02/2013 01:22:42 AM,12/02/2013 01:22:55 AM,0.00,in,A
12/01/2013 01:25:31 PM,12/01/2013 01:25:55 PM,0.00,in,A
12/01/2013 01:28:22 AM,12/01/2013 01:28:25 AM,0.00,in,A
11/30/2013 01:31:11 PM,11/30/2013 01:31:25 PM,0.00,in,A
11/30/2013 01:34:00 AM,11/30/2013 01:34:25 AM,0.00,in,A
11/29/2013 01:36:49 PM,11/29/2013 01:36:55 PM,0.00,in,A
11/29/2013 01:39:39 AM,11/29/2013 01:39:55 AM,0.00,in,A
11/28/2013 01:42:29 PM,11/28/2013 01:42:55 PM,0.00,in,A
11/28/2013 01:45:18 AM,11/28/2013 01:45:25 AM,0.00,in,A
11/27/2013 01:48:08 PM,11/27/2013 01:48:25 PM,0.00,in,A
11/27/2013 01:50:58 AM,11/27/2013 01:51:25 AM,0.00,in,A
11/26/2013 01:53:48 PM,11/26/2013 01:53:55 PM,0.00,in,A
11/26/2013 01:56:37 AM,11/26/2013 01:56:55 AM,0.00,in,A
11/25/2013 01:59:26 PM,11/25/2013 01:59:55 PM,0.00,in,A
11/25/2013 02:02:15 AM,11/25/2013 02:02:25 AM,0.00,in,A
11/24/2013 02:05:05 PM,11/24/2013 02:05:25 PM,0.00,in,A
11/24/2013 02:07:55 AM,11/24/2013 02:08:25 AM,0.00,in,A
11/23/2013 02:10:44 PM,11/23/2013 02:10:55 PM,0.00,in,A
11/23/2013 02:13:33 AM,11/23/2013 02:13:55 AM,0.00,in,A
11/22/2013 02:16:22 PM,11/22/2013 02:16:25 PM,0.00,in,A
11/22/2013 02:19:12 AM,11/22/2013 02:19:25 AM,0.00,in,A
11/21/2013 04:59:54 PM,11/21/2013 04:59:55 PM,0.04,in,A
11/21/2013 04:24:34 PM,11/21/2013 04:24:55 PM,0.04,in,A
11/21/2013 02:22:01 PM,11/21/2013 02:22:25 PM,0.00,in,A
11/21/2013 11:11:54 AM,11/21/2013 11:11:55 AM,0.04,in,A
11/21/2013 09:29:13 AM,11/21/2013 09:29:25 AM,0.04,in,A
11/21/2013 08:59:04 AM,11/21/2013 08:59:25 AM,0.04,in,A
11/21/2013 02:24:09 AM,11/21/2013 02:24:25 AM,0.00,in,A
11/20/2013 02:26:03 PM,11/20/2013 02:26:25 PM,0.00,in,A
11/20/2013 10:03:05 AM,11/20/2013 10:03:25 AM,0.04,in,A
11/20/2013 09:45:03 AM,11/20/2013 09:45:25 AM,0.04,in,A
11/20/2013 08:21:52 AM,11/20/2013 08:21:55 AM,0.04,in,A
11/20/2013 08:19:37 AM,11/20/2013 08:19:55 AM,0.04,in,A
11/20/2013 06:34:24 AM,11/20/2013 06:34:25 AM,0.04,in,A
11/20/2013 02:27:57 AM,11/20/2013 02:28:25 AM,0.00,in,A
11/19/2013 02:29:51 PM,11/19/2013 02:29:55 PM,0.00,in,A
11/19/2013 02:31:45 AM,11/19/2013 02:31:55 AM,0.00,in,A
11/18/2013 02:33:39 PM,11/18/2013 02:33:55 PM,0.00,in,A
11/18/2013 02:35:33 AM,11/18/2013 02:35:55 AM,0.00,in,A
11/17/2013 02:37:27 PM,11/17/2013 02:37:55 PM,0.00,in,A
11/17/2013 02:39:21 AM,11/17/2013 02:39:25 AM,0.00,in,A
11/16/2013 02:41:16 PM,11/16/2013 02:41:25 PM,0.00,in,A
11/16/2013 02:43:10 AM,11/16/2013 02:43:25 AM,0.00,in,A
11/15/2013 02:45:04 PM,11/15/2013 02:45:25 PM,0.00,in,A
11/12/2013 02:56:27 PM,11/12/2013 02:56:55 PM,0.00,in,A
11/12/2013 02:58:20 AM,11/12/2013 02:58:25 AM,0.00,in,A
11/11/2013 03:00:14 PM,11/11/2013 03:00:25 PM,0.00,in,A
11/11/2013 03:02:08 AM,11/11/2013 03:02:25 AM,0.00,in,A
11/10/2013 03:04:02 PM,11/10/2013 03:04:25 PM,0.00,in,A
11/10/2013 03:05:56 AM,11/10/2013 03:06:25 AM,0.00,in,A
11/09/2013 03:07:50 PM,11/09/2013 03:07:55 PM,0.00,in,A
11/09/2013 03:09:44 AM,11/09/2013 03:09:55 AM,0.00,in,A
11/08/2013 03:11:38 PM,11/08/2013 03:11:55 PM,0.00,in,A
11/08/2013 03:13:32 AM,11/08/2013 03:13:55 AM,0.00,in,A
11/07/2013 03:15:26 PM,11/07/2013 03:15:55 PM,0.00,in,A
11/07/2013 08:36:29 AM,11/07/2013 08:36:55 AM,0.04,in,A
11/07/2013 03:17:20 AM,11/07/2013 03:17:25 AM,0.00,in,A
11/06/2013 03:19:14 PM,11/06/2013 03:19:25 PM,0.00,in,A
11/06/2013 03:21:08 AM,11/06/2013 03:21:25 AM,0.00,in,A
11/06/2013 01:07:16 AM,11/06/2013 01:07:25 AM,0.04,in,A
11/06/2013 12:47:04 AM,11/06/2013 12:47:25 AM,0.04,in,A
11/06/2013 12:35:13 AM,11/06/2013 12:35:25 AM,0.04,in,A
11/06/2013 12:27:25 AM,11/06/2013 12:27:55 AM,0.04,in,A
11/06/2013 12:16:34 AM,11/06/2013 12:16:56 AM,0.08,in,A
11/05/2013 11:44:12 PM,11/05/2013 11:44:25 PM,0.08,in,A
11/05/2013 11:24:05 PM,11/05/2013 11:24:25 PM,0.04,in,A
11/05/2013 11:14:52 PM,11/05/2013 11:14:56 PM,0.04,in,A
11/05/2013 11:08:42 PM,11/05/2013 11:08:55 PM,0.04,in,A
11/05/2013 10:59:46 PM,11/05/2013 10:59:56 PM,0.04,in,A
11/05/2013 10:50:56 PM,11/05/2013 10:51:25 PM,0.04,in,A
11/05/2013 10:35:38 PM,11/05/2013 10:35:55 PM,0.04,in,A
11/05/2013 10:00:51 PM,11/05/2013 10:00:55 PM,0.04,in,A
11/05/2013 09:47:05 PM,11/05/2013 09:47:25 PM,0.04,in,A
11/05/2013 09:41:31 PM,11/05/2013 09:41:55 PM,0.08,in,A
11/05/2013 09:07:04 PM,11/05/2013 09:07:25 PM,0.04,in,A
11/05/2013 08:57:23 PM,11/05/2013 08:57:25 PM,0.04,in,A
11/05/2013 08:43:07 PM,11/05/2013 08:43:25 PM,0.04,in,A
11/05/2013 08:01:42 PM,11/05/2013 08:01:55 PM,0.04,in,A
11/05/2013 05:31:32 PM,11/05/2013 05:31:55 PM,0.04,in,A
11/05/2013 05:27:29 PM,11/05/2013 05:27:55 PM,0.04,in,A
11/05/2013 03:23:02 PM,11/05/2013 03:23:25 PM,0.00,in,A
11/05/2013 10:23:24 AM,11/05/2013 10:23:25 AM,0.04,in,A
11/05/2013 08:17:14 AM,11/05/2013 08:17:25 AM,0.04,in,A
11/05/2013 03:50:08 AM,11/05/2013 03:50:25 AM,0.04,in,A
11/05/2013 03:24:56 AM,11/05/2013 03:29:19 AM,0.00,in,A
11/04/2013 03:26:50 PM,11/04/2013 03:26:55 PM,0.00,in,A
11/03/2013 03:30:38 PM,11/03/2013 03:30:55 PM,0.00,in,A
11/03/2013 03:32:32 AM,11/03/2013 03:32:55 AM,0.00,in,A
11/02/2013 04:34:26 PM,11/02/2013 04:34:55 PM,0.00,in,A
11/02/2013 04:36:20 AM,11/02/2013 04:36:26 AM,0.00,in,A
11/01/2013 04:38:14 PM,11/01/2013 04:38:25 PM,0.00,in,A
11/01/2013 04:40:09 AM,11/01/2013 04:40:25 AM,0.00,in,A
10/31/2013 04:42:03 PM,10/31/2013 04:42:25 PM,0.00,in,A
10/31/2013 01:56:24 PM,10/31/2013 01:56:25 PM,0.04,in,A
10/31/2013 11:38:44 AM,10/31/2013 11:38:55 AM,0.04,in,A
10/31/2013 08:05:40 AM,10/31/2013 08:05:55 AM,0.04,in,A
10/31/2013 07:37:42 AM,10/31/2013 07:37:55 AM,0.04,in,A
10/31/2013 06:39:10 AM,10/31/2013 06:39:25 AM,0.04,in,A
10/31/2013 06:24:25 AM,10/31/2013 06:24:55 AM,0.04,in,A
10/31/2013 06:05:47 AM,10/31/2013 06:05:55 AM,0.04,in,A
10/31/2013 05:50:14 AM,10/31/2013 05:50:25 AM,0.04,in,A
10/31/2013 05:35:36 AM,10/31/2013 05:35:56 AM,0.04,in,A
10/31/2013 05:22:25 AM,10/31/2013 05:22:25 AM,0.04,in,A
10/31/2013 05:00:12 AM,10/31/2013 05:00:27 AM,0.04,in,A
10/31/2013 04:43:57 AM,10/31/2013 04:44:25 AM,0.00,in,A
10/31/2013 04:40:45 AM,10/31/2013 04:40:56 AM,0.04,in,A
10/31/2013 03:54:59 AM,10/31/2013 03:55:25 AM,0.04,in,A
10/31/2013 03:51:31 AM,10/31/2013 03:51:56 AM,0.08,in,A
10/31/2013 03:48:01 AM,10/31/2013 03:48:25 AM,0.04,in,A
10/31/2013 03:33:05 AM,10/31/2013 03:33:26 AM,0.04,in,A
10/31/2013 03:25:03 AM,10/31/2013 03:25:25 AM,0.04,in,A
10/31/2013 03:21:26 AM,10/31/2013 03:21:55 AM,0.04,in,A
10/31/2013 03:19:22 AM,10/31/2013 03:19:25 AM,0.04,in,A
10/31/2013 03:18:33 AM,10/31/2013 03:18:55 AM,0.04,in,A
10/31/2013 03:17:31 AM,10/31/2013 03:17:55 AM,0.04,in,A
10/31/2013 03:13:16 AM,10/31/2013 03:13:25 AM,0.04,in,A
10/31/2013 02:56:10 AM,10/31/2013 02:56:25 AM,0.04,in,A
10/31/2013 01:46:30 AM,10/31/2013 01:46:55 AM,0.04,in,A
10/30/2013 11:22:39 PM,10/30/2013 11:22:55 PM,0.08,in,A
10/30/2013 09:35:39 PM,10/30/2013 09:35:56 PM,0.04,in,A
10/30/2013 09:08:16 PM,10/30/2013 09:08:25 PM,0.04,in,A
10/30/2013 08:44:44 PM,10/30/2013 08:44:55 PM,0.08,in,A
10/30/2013 08:15:09 PM,10/30/2013 08:15:26 PM,0.04,in,A
10/30/2013 08:05:32 PM,10/30/2013 08:05:55 PM,0.04,in,A
10/30/2013 07:57:39 PM,10/30/2013 07:57:55 PM,0.04,in,A
10/30/2013 07:48:56 PM,10/30/2013 07:49:25 PM,0.08,in,A
10/30/2013 07:41:25 PM,10/30/2013 07:41:55 PM,0.04,in,A
10/30/2013 07:39:07 PM,10/30/2013 07:39:25 PM,0.04,in,A
10/30/2013 07:36:31 PM,10/30/2013 07:36:56 PM,0.04,in,A
10/30/2013 07:35:15 PM,10/30/2013 07:35:26 PM,0.04,in,A
10/30/2013 07:34:34 PM,10/30/2013 07:34:56 PM,0.04,in,A
10/30/2013 07:33:55 PM,10/30/2013 07:34:26 PM,0.04,in,A
10/30/2013 07:33:13 PM,10/30/2013 07:33:26 PM,0.04,in,A
10/30/2013 07:32:13 PM,10/30/2013 07:32:26 PM,0.04,in,A
10/30/2013 07:31:02 PM,10/30/2013 07:31:25 PM,0.04,in,A
10/30/2013 07:29:53 PM,10/30/2013 07:29:56 PM,0.04,in,A
10/30/2013 07:29:05 PM,10/30/2013 07:29:25 PM,0.08,in,A
10/30/2013 07:26:36 PM,10/30/2013 07:26:56 PM,0.04,in,A
10/30/2013 07:24:04 PM,10/30/2013 07:24:25 PM,0.04,in,A
10/30/2013 07:21:59 PM,10/30/2013 07:22:25 PM,0.04,in,A
10/30/2013 07:20:10 PM,10/30/2013 07:20:26 PM,0.08,in,A
10/30/2013 07:18:39 PM,10/30/2013 07:18:56 PM,0.08,in,A
10/30/2013 05:56:34 PM,10/30/2013 05:56:55 PM,0.04,in,A
10/30/2013 05:19:35 PM,10/30/2013 05:19:55 PM,0.04,in,A
10/30/2013 04:45:52 PM,10/30/2013 04:45:55 PM,0.00,in,A
10/30/2013 04:22:19 PM,10/30/2013 04:22:26 PM,0.08,in,A
10/30/2013 03:35:29 PM,10/30/2013 03:35:55 PM,0.04,in,A
10/30/2013 01:00:12 PM,10/30/2013 01:00:25 PM,0.04,in,A
10/30/2013 12:52:10 PM,10/30/2013 12:52:25 PM,0.12,in,A
10/30/2013 12:18:08 PM,10/30/2013 12:18:26 PM,0.04,in,A
10/30/2013 12:12:50 PM,10/30/2013 12:12:56 PM,0.04,in,A
10/30/2013 12:11:13 PM,10/30/2013 12:11:25 PM,0.04,in,A
10/30/2013 12:09:47 PM,10/30/2013 12:09:55 PM,0.08,in,A
10/30/2013 04:47:47 AM,10/30/2013 04:47:55 AM,0.00,in,A
10/29/2013 04:49:41 PM,10/29/2013 04:49:55 PM,0.00,in,A
10/29/2013 07:21:14 AM,10/29/2013 07:21:25 AM,0.04,in,A
10/29/2013 07:01:12 AM,10/29/2013 07:01:26 AM,0.04,in,A
10/29/2013 06:49:50 AM,10/29/2013 06:49:55 AM,0.04,in,A
10/29/2013 06:41:25 AM,10/29/2013 06:41:55 AM,0.04,in,A
10/29/2013 06:31:59 AM,10/29/2013 06:32:25 AM,0.04,in,A
10/29/2013 06:15:50 AM,10/29/2013 06:15:55 AM,0.04,in,A
10/29/2013 06:05:24 AM,10/29/2013 06:05:25 AM,0.04,in,A
10/29/2013 05:56:59 AM,10/29/2013 05:57:25 AM,0.04,in,A
10/29/2013 05:49:09 AM,10/29/2013 05:49:25 AM,0.12,in,A
10/29/2013 05:35:23 AM,10/29/2013 05:35:26 AM,0.04,in,A
10/29/2013 05:29:26 AM,10/29/2013 05:29:55 AM,0.04,in,A
10/29/2013 05:22:46 AM,10/29/2013 05:22:55 AM,0.04,in,A
10/29/2013 05:16:15 AM,10/29/2013 05:16:25 AM,0.04,in,A
10/29/2013 05:09:37 AM,10/29/2013 05:09:56 AM,0.04,in,A
10/29/2013 05:00:38 AM,10/29/2013 05:00:56 AM,0.04,in,A
10/29/2013 04:53:07 AM,10/29/2013 04:53:25 AM,0.04,in,A
10/29/2013 04:51:35 AM,10/29/2013 04:51:55 AM,0.00,in,A
10/29/2013 04:44:41 AM,10/29/2013 04:44:56 AM,0.04,in,A
10/29/2013 04:28:32 AM,10/29/2013 04:28:56 AM,0.04,in,A
10/29/2013 04:18:16 AM,10/29/2013 04:18:26 AM,0.04,in,A
10/29/2013 04:01:10 AM,10/29/2013 04:01:25 AM,0.04,in,A
10/29/2013 03:35:40 AM,10/29/2013 03:35:55 AM,0.04,in,A
10/29/2013 03:20:48 AM,10/29/2013 03:20:55 AM,0.04,in,A
10/29/2013 03:07:21 AM,10/29/2013 03:07:25 AM,0.04,in,A
10/28/2013 04:53:29 PM,10/28/2013 04:53:55 PM,0.00,in,A
10/28/2013 04:55:23 AM,10/28/2013 04:55:25 AM,0.00,in,A
10/27/2013 04:57:17 PM,10/27/2013 04:57:25 PM,0.00,in,A
10/27/2013 04:59:11 AM,10/27/2013 04:59:25 AM,0.00,in,A
10/26/2013 05:01:05 PM,10/26/2013 05:01:25 PM,0.00,in,A
10/26/2013 05:02:59 AM,10/26/2013 05:03:25 AM,0.00,in,A
10/25/2013 05:04:53 PM,10/25/2013 05:04:55 PM,0.00,in,A
10/25/2013 05:06:47 AM,10/25/2013 05:06:55 AM,0.00,in,A
10/24/2013 05:08:41 PM,10/24/2013 05:08:55 PM,0.00,in,A
10/24/2013 05:10:35 AM,10/24/2013 05:10:55 AM,0.00,in,A
10/23/2013 05:12:29 PM,10/23/2013 05:12:55 PM,0.00,in,A
10/23/2013 05:14:23 AM,10/23/2013 05:14:25 AM,0.00,in,A
10/22/2013 05:16:17 PM,10/22/2013 05:16:25 PM,0.00,in,A
10/22/2013 05:18:11 AM,10/22/2013 05:18:26 AM,0.00,in,A
10/21/2013 05:20:05 PM,10/21/2013 05:20:25 PM,0.00,in,A
10/21/2013 05:21:59 AM,10/21/2013 05:22:25 AM,0.00,in,A
10/20/2013 05:23:53 PM,10/20/2013 05:23:55 PM,0.00,in,A
10/20/2013 05:25:48 AM,10/20/2013 05:25:55 AM,0.00,in,A
10/19/2013 05:27:42 PM,10/19/2013 05:27:55 PM,0.00,in,A
10/19/2013 05:29:36 AM,10/19/2013 05:29:55 AM,0.00,in,A
10/18/2013 06:32:05 PM,10/18/2013 06:32:25 PM,0.04,in,A
10/18/2013 05:31:30 PM,10/18/2013 05:31:55 PM,0.00,in,A
10/18/2013 03:55:35 PM,10/18/2013 03:55:55 PM,0.08,in,A
10/18/2013 02:07:37 PM,10/18/2013 02:07:55 PM,0.04,in,A
10/18/2013 01:58:38 PM,10/18/2013 01:58:55 PM,0.04,in,A
10/18/2013 05:33:24 AM,10/18/2013 05:33:25 AM,0.00,in,A
10/17/2013 05:35:18 PM,10/17/2013 05:35:25 PM,0.00,in,A
10/17/2013 06:29:54 AM,10/17/2013 06:29:55 AM,0.04,in,A
10/17/2013 05:37:12 AM,10/17/2013 05:37:25 AM,0.00,in,A
10/16/2013 05:39:06 PM,10/16/2013 05:39:25 PM,0.00,in,A
10/16/2013 05:41:01 AM,10/16/2013 05:41:25 AM,0.00,in,A
10/15/2013 05:42:55 PM,10/15/2013 05:43:25 PM,0.00,in,A
10/15/2013 05:44:49 AM,10/15/2013 05:44:55 AM,0.00,in,A
10/15/2013 01:09:38 AM,10/15/2013 01:09:55 AM,0.04,in,A
10/14/2013 10:55:03 PM,10/14/2013 10:55:25 PM,0.04,in,A
10/14/2013 05:46:43 PM,10/14/2013 05:46:55 PM,0.00,in,A
10/14/2013 03:15:36 PM,10/14/2013 03:15:55 PM,0.04,in,A
10/14/2013 05:48:38 AM,10/14/2013 05:48:55 AM,0.00,in,A
10/13/2013 05:50:32 PM,10/13/2013 05:50:55 PM,0.00,in,A
10/13/2013 05:52:26 AM,10/13/2013 05:52:55 AM,0.00,in,A
10/12/2013 05:54:20 PM,10/12/2013 05:54:25 PM,0.00,in,A
10/12/2013 05:56:15 AM,10/12/2013 05:56:25 AM,0.00,in,A
10/11/2013 11:20:20 PM,10/11/2013 11:20:25 PM,0.04,in,A
10/11/2013 05:58:09 PM,10/11/2013 05:58:25 PM,0.00,in,A
10/11/2013 06:00:03 AM,10/11/2013 06:00:25 AM,0.00,in,A
10/10/2013 06:01:57 PM,10/10/2013 06:02:25 PM,0.00,in,A
10/10/2013 06:03:52 AM,10/10/2013 06:03:55 AM,0.00,in,A
10/09/2013 06:05:46 PM,10/09/2013 06:05:55 PM,0.00,in,A
10/09/2013 06:07:40 AM,10/09/2013 06:07:55 AM,0.00,in,A
10/08/2013 06:09:34 PM,10/08/2013 06:09:55 PM,0.00,in,A
10/08/2013 06:11:29 AM,10/08/2013 06:11:55 AM,0.00,in,A
10/07/2013 06:13:23 PM,10/07/2013 06:13:25 PM,0.00,in,A
10/07/2013 06:15:17 AM,10/07/2013 06:15:25 AM,0.00,in,A
10/06/2013 06:17:11 PM,10/06/2013 06:17:25 PM,0.00,in,A
10/06/2013 06:19:06 AM,10/06/2013 06:19:25 AM,0.00,in,A
10/05/2013 06:21:00 PM,10/05/2013 06:21:25 PM,0.00,in,A
10/05/2013 06:22:54 AM,10/05/2013 06:22:55 AM,0.00,in,A
10/05/2013 04:26:27 AM,10/05/2013 04:26:55 AM,0.04,in,A
10/05/2013 03:58:43 AM,10/05/2013 03:58:55 AM,0.04,in,A
10/05/2013 03:41:03 AM,10/05/2013 03:41:25 AM,0.04,in,A
10/05/2013 01:35:52 AM,10/05/2013 01:35:55 AM,0.08,in,A
10/04/2013 11:37:51 PM,10/04/2013 11:37:56 PM,0.04,in,A
10/04/2013 10:56:07 PM,10/04/2013 10:56:26 PM,0.04,in,A
10/04/2013 10:52:08 PM,10/04/2013 10:52:25 PM,0.04,in,A
10/04/2013 10:51:01 PM,10/04/2013 10:51:25 PM,0.04,in,A
10/04/2013 10:49:20 PM,10/04/2013 10:49:26 PM,0.04,in,A
10/04/2013 06:24:49 PM,10/04/2013 06:24:55 PM,0.00,in,A
10/04/2013 06:26:43 AM,10/04/2013 06:26:55 AM,0.00,in,A
10/03/2013 06:28:37 PM,10/03/2013 06:28:55 PM,0.00,in,A
10/03/2013 06:30:32 AM,10/03/2013 06:30:55 AM,0.00,in,A
10/02/2013 06:32:26 PM,10/02/2013 06:32:55 PM,0.00,in,A
10/02/2013 06:34:21 AM,10/02/2013 06:34:25 AM,0.00,in,A
10/01/2013 06:36:15 PM,10/01/2013 06:36:25 PM,0.00,in,A
10/01/2013 06:38:09 AM,10/01/2013 06:38:25 AM,0.00,in,A
09/30/2013 06:40:03 PM,09/30/2013 06:40:25 PM,0.00,in,A
09/30/2013 06:41:58 AM,09/30/2013 06:42:25 AM,0.00,in,A
09/29/2013 06:43:52 PM,09/29/2013 06:43:55 PM,0.00,in,A
09/29/2013 06:45:46 AM,09/29/2013 06:45:55 AM,0.00,in,A
09/28/2013 06:47:41 PM,09/28/2013 06:47:55 PM,0.00,in,A
09/28/2013 12:20:28 PM,09/28/2013 12:20:55 PM,0.04,in,A
09/28/2013 11:45:00 AM,09/28/2013 11:45:25 AM,0.04,in,A
09/28/2013 10:13:32 AM,09/28/2013 10:13:55 AM,0.04,in,A
09/28/2013 09:36:39 AM,09/28/2013 09:36:55 AM,0.04,in,A
09/28/2013 09:12:38 AM,09/28/2013 09:12:55 AM,0.08,in,A
09/28/2013 08:43:43 AM,09/28/2013 08:43:56 AM,0.04,in,A
09/28/2013 08:25:40 AM,09/28/2013 08:25:55 AM,0.04,in,A
09/28/2013 06:49:35 AM,09/28/2013 06:49:55 AM,0.00,in,A
09/27/2013 06:51:29 PM,09/27/2013 06:51:55 PM,0.00,in,A
09/27/2013 06:53:24 AM,09/27/2013 06:53:25 AM,0.00,in,A
09/26/2013 06:55:18 PM,09/26/2013 06:55:25 PM,0.00,in,A
09/26/2013 06:57:12 AM,09/26/2013 06:57:25 AM,0.00,in,A
09/25/2013 06:59:07 PM,09/25/2013 06:59:25 PM,0.00,in,A
09/25/2013 07:01:01 AM,09/25/2013 07:01:25 AM,0.00,in,A
09/24/2013 07:02:55 PM,09/24/2013 07:03:25 PM,0.00,in,A
09/24/2013 07:04:50 AM,09/24/2013 07:04:55 AM,0.00,in,A
09/23/2013 07:06:44 PM,09/23/2013 07:06:55 PM,0.00,in,A
09/23/2013 07:08:38 AM,09/23/2013 07:08:55 AM,0.00,in,A
09/22/2013 07:10:33 PM,09/22/2013 07:10:55 PM,0.00,in,A
09/22/2013 07:12:27 AM,09/22/2013 07:12:55 AM,0.00,in,A
09/21/2013 07:14:21 PM,09/21/2013 07:14:25 PM,0.00,in,A
09/21/2013 07:16:16 AM,09/21/2013 07:16:25 AM,0.00,in,A
09/20/2013 07:18:10 PM,09/20/2013 07:18:25 PM,0.00,in,A
09/20/2013 07:20:04 AM,09/20/2013 07:20:25 AM,0.00,in,A
09/19/2013 10:21:15 PM,09/19/2013 10:21:25 PM,0.04,in,A
09/19/2013 09:51:40 PM,09/19/2013 09:51:55 PM,0.04,in,A
09/19/2013 09:42:51 PM,09/19/2013 09:42:55 PM,0.04,in,A
09/19/2013 09:35:43 PM,09/19/2013 09:35:56 PM,0.04,in,A
09/19/2013 09:14:13 PM,09/19/2013 09:14:25 PM,0.04,in,A
09/19/2013 08:51:12 PM,09/19/2013 08:51:26 PM,0.04,in,A
09/19/2013 08:37:13 PM,09/19/2013 08:37:26 PM,0.04,in,A
09/19/2013 08:20:01 PM,09/19/2013 08:20:25 PM,0.04,in,A
09/19/2013 08:06:16 PM,09/19/2013 08:06:26 PM,0.12,in,A
09/19/2013 08:02:34 PM,09/19/2013 08:02:56 PM,0.08,in,A
09/19/2013 07:48:01 PM,09/19/2013 07:48:25 PM,0.04,in,A
09/19/2013 07:42:50 PM,09/19/2013 07:42:56 PM,0.04,in,A
09/19/2013 07:40:53 PM,09/19/2013 07:40:56 PM,0.04,in,A
09/19/2013 07:38:21 PM,09/19/2013 07:38:26 PM,0.16,in,A
09/19/2013 07:31:16 PM,09/19/2013 07:31:26 PM,0.04,in,A
09/19/2013 07:28:14 PM,09/19/2013 07:28:26 PM,0.08,in,A
09/19/2013 07:24:48 PM,09/19/2013 07:24:56 PM,0.04,in,A
09/19/2013 07:23:56 PM,09/19/2013 07:24:26 PM,0.12,in,A
09/19/2013 07:23:53 AM,09/19/2013 07:23:55 AM,0.00,in,A
09/18/2013 07:25:48 PM,09/18/2013 07:25:55 PM,0.00,in,A
09/18/2013 07:27:42 AM,09/18/2013 07:27:55 AM,0.00,in,A
09/17/2013 07:29:36 PM,09/17/2013 07:29:55 PM,0.00,in,A
09/17/2013 01:07:19 PM,09/17/2013 01:07:25 PM,0.04,in,A
09/17/2013 12:58:57 PM,09/17/2013 12:59:25 PM,0.04,in,A
09/17/2013 12:55:55 PM,09/17/2013 12:55:55 PM,0.04,in,A
09/17/2013 12:47:16 PM,09/17/2013 12:47:25 PM,0.04,in,A
09/17/2013 12:34:37 PM,09/17/2013 12:34:55 PM,0.04,in,A
09/17/2013 11:52:41 AM,09/17/2013 11:52:55 AM,0.04,in,A
09/17/2013 11:31:35 AM,09/17/2013 11:31:55 AM,0.04,in,A
09/17/2013 10:45:52 AM,09/17/2013 10:45:55 AM,0.08,in,A
09/17/2013 09:35:18 AM,09/17/2013 09:35:25 AM,0.04,in,A
09/17/2013 09:23:33 AM,09/17/2013 09:23:55 AM,0.04,in,A
09/17/2013 09:09:47 AM,09/17/2013 09:09:56 AM,0.04,in,A
09/17/2013 08:54:35 AM,09/17/2013 08:54:55 AM,0.08,in,A
09/17/2013 08:35:04 AM,09/17/2013 08:35:25 AM,0.04,in,A
09/17/2013 07:31:31 AM,09/17/2013 07:31:55 AM,0.00,in,A
09/16/2013 07:33:25 PM,09/16/2013 07:33:55 PM,0.00,in,A
09/16/2013 07:35:19 AM,09/16/2013 07:35:25 AM,0.00,in,A
09/16/2013 05:20:52 AM,09/16/2013 05:20:55 AM,0.04,in,A
09/16/2013 03:12:05 AM,09/16/2013 03:12:25 AM,0.04,in,A
09/16/2013 01:31:02 AM,09/16/2013 01:31:25 AM,0.04,in,A
09/16/2013 12:27:06 AM,09/16/2013 12:27:25 AM,0.04,in,A
09/15/2013 07:37:14 PM,09/15/2013 07:37:25 PM,0.00,in,A
09/15/2013 11:21:23 AM,09/15/2013 11:21:25 AM,0.04,in,A
09/15/2013 07:39:08 AM,09/15/2013 07:39:25 AM,0.00,in,A
09/14/2013 07:41:03 PM,09/14/2013 07:41:25 PM,0.00,in,A
09/14/2013 07:42:57 AM,09/14/2013 07:43:25 AM,0.00,in,A
09/13/2013 07:44:51 PM,09/13/2013 07:44:55 PM,0.00,in,A
09/13/2013 07:46:46 AM,09/13/2013 07:46:55 AM,0.00,in,A
09/12/2013 07:48:40 PM,09/12/2013 07:48:55 PM,0.00,in,A
09/12/2013 07:50:34 AM,09/12/2013 07:50:55 AM,0.00,in,A
09/11/2013 07:52:29 PM,09/11/2013 07:52:55 PM,0.00,in,A
09/11/2013 07:54:23 AM,09/11/2013 07:54:25 AM,0.00,in,A
09/10/2013 07:56:17 PM,09/10/2013 07:56:25 PM,0.00,in,A
09/10/2013 07:58:12 AM,09/10/2013 07:58:25 AM,0.00,in,A
09/09/2013 08:00:06 PM,09/09/2013 08:00:25 PM,0.00,in,A
09/09/2013 08:02:00 AM,09/09/2013 08:02:25 AM,0.00,in,A
09/08/2013 08:03:55 PM,09/08/2013 08:04:25 PM,0.00,in,A
09/08/2013 08:05:49 AM,09/08/2013 08:05:55 AM,0.00,in,A
09/07/2013 08:07:43 PM,09/07/2013 08:07:55 PM,0.00,in,A
09/06/2013 08:11:32 PM,09/06/2013 08:11:55 PM,0.00,in,A
09/06/2013 08:13:27 AM,09/06/2013 08:13:55 AM,0.00,in,A
09/05/2013 08:15:21 PM,09/05/2013 08:15:25 PM,0.00,in,A
09/05/2013 08:17:15 AM,09/05/2013 08:17:25 AM,0.00,in,A
09/04/2013 08:19:10 PM,09/04/2013 08:19:25 PM,0.00,in,A
09/04/2013 08:21:04 AM,09/04/2013 08:21:25 AM,0.00,in,A
09/03/2013 08:22:58 PM,09/03/2013 08:23:25 PM,0.00,in,A
09/03/2013 08:24:53 AM,09/03/2013 08:24:55 AM,0.00,in,A
09/02/2013 08:26:47 PM,09/02/2013 08:26:55 PM,0.00,in,A
09/02/2013 08:28:41 AM,09/02/2013 08:28:55 AM,0.00,in,A
09/01/2013 08:30:36 PM,09/01/2013 08:30:55 PM,0.00,in,A
09/01/2013 09:01:09 AM,09/01/2013 09:01:25 AM,0.04,in,A
09/01/2013 08:38:21 AM,09/01/2013 08:38:25 AM,0.04,in,A
09/01/2013 08:32:30 AM,09/01/2013 08:32:55 AM,0.00,in,A
09/01/2013 08:02:15 AM,09/01/2013 08:02:25 AM,0.04,in,A
09/01/2013 07:53:55 AM,09/01/2013 07:54:26 AM,0.04,in,A
09/01/2013 07:47:28 AM,09/01/2013 07:47:55 AM,0.08,in,A
09/01/2013 07:35:57 AM,09/01/2013 07:36:25 AM,0.04,in,A
08/31/2013 08:34:24 PM,08/31/2013 08:34:25 PM,0.00,in,A
08/31/2013 08:36:19 AM,08/31/2013 08:36:25 AM,0.00,in,A
08/30/2013 08:38:13 PM,08/30/2013 08:38:25 PM,0.00,in,A
08/30/2013 08:40:07 AM,08/30/2013 08:40:25 AM,0.00,in,A
08/29/2013 08:42:02 PM,08/29/2013 08:42:25 PM,0.00,in,A
08/29/2013 08:43:56 AM,08/29/2013 08:44:25 AM,0.00,in,A
08/28/2013 08:45:51 PM,08/28/2013 08:45:55 PM,0.00,in,A
08/28/2013 08:47:45 AM,08/28/2013 08:47:55 AM,0.00,in,A
08/27/2013 08:49:39 PM,08/27/2013 08:49:55 PM,0.00,in,A
08/27/2013 08:51:34 AM,08/27/2013 08:51:55 AM,0.00,in,A
08/26/2013 08:53:28 PM,08/26/2013 08:53:55 PM,0.00,in,A
08/26/2013 08:55:22 AM,08/26/2013 08:55:25 AM,0.00,in,A
08/25/2013 08:57:17 PM,08/25/2013 08:57:25 PM,0.00,in,A
08/25/2013 08:59:11 AM,08/25/2013 08:59:25 AM,0.00,in,A
08/24/2013 09:01:05 PM,08/24/2013 09:01:25 PM,0.00,in,A
08/24/2013 09:03:00 AM,08/24/2013 09:03:25 AM,0.00,in,A
08/23/2013 09:04:54 PM,08/23/2013 09:04:55 PM,0.00,in,A
08/23/2013 09:06:48 AM,08/23/2013 09:06:55 AM,0.00,in,A
08/22/2013 09:08:43 PM,08/22/2013 09:08:55 PM,0.00,in,A
08/22/2013 09:10:37 AM,08/22/2013 09:10:55 AM,0.00,in,A
08/21/2013 09:12:32 PM,08/21/2013 09:12:55 PM,0.00,in,A
08/21/2013 09:14:26 AM,08/21/2013 09:14:55 AM,0.00,in,A
08/20/2013 09:16:20 PM,08/20/2013 09:16:25 PM,0.00,in,A
08/20/2013 09:18:15 AM,08/20/2013 09:18:25 AM,0.00,in,A
08/19/2013 09:20:09 PM,08/19/2013 09:20:25 PM,0.00,in,A
08/19/2013 09:22:03 AM,08/19/2013 09:22:25 AM,0.00,in,A
08/18/2013 09:23:58 PM,08/18/2013 09:24:25 PM,0.00,in,A
08/18/2013 09:25:52 AM,08/18/2013 09:25:55 AM,0.00,in,A
08/17/2013 09:27:46 PM,08/17/2013 09:27:55 PM,0.00,in,A
08/17/2013 09:29:41 AM,08/17/2013 09:29:55 AM,0.00,in,A
08/16/2013 09:31:35 PM,08/16/2013 09:31:55 PM,0.00,in,A
08/16/2013 09:33:29 AM,08/16/2013 09:33:55 AM,0.00,in,A
08/15/2013 09:35:24 PM,08/15/2013 09:35:25 PM,0.00,in,A
08/15/2013 09:37:18 AM,08/15/2013 09:37:25 AM,0.00,in,A
08/14/2013 09:39:12 PM,08/14/2013 09:39:25 PM,0.00,in,A
08/14/2013 09:41:07 AM,08/14/2013 09:41:25 AM,0.00,in,A
08/13/2013 09:43:01 PM,08/13/2013 09:43:25 PM,0.00,in,A
08/13/2013 09:44:55 AM,08/13/2013 09:45:25 AM,0.00,in,A
08/12/2013 09:46:49 PM,08/12/2013 09:46:55 PM,0.00,in,A
08/12/2013 09:48:44 AM,08/12/2013 09:48:55 AM,0.00,in,A
08/12/2013 09:21:37 AM,08/12/2013 09:21:55 AM,0.04,in,A
08/12/2013 08:57:21 AM,08/12/2013 08:57:25 AM,0.08,in,A
08/12/2013 08:15:25 AM,08/12/2013 08:15:55 AM,0.04,in,A
08/12/2013 07:58:41 AM,08/12/2013 07:58:55 AM,0.12,in,A
08/12/2013 07:31:13 AM,08/12/2013 07:31:26 AM,0.04,in,A
08/12/2013 07:29:22 AM,08/12/2013 07:29:26 AM,0.04,in,A
08/12/2013 07:28:15 AM,08/12/2013 07:28:25 AM,0.12,in,A
08/12/2013 07:13:47 AM,08/12/2013 07:13:56 AM,0.04,in,A
08/12/2013 05:25:03 AM,08/12/2013 05:25:25 AM,0.04,in,A
08/11/2013 09:50:38 PM,08/11/2013 09:50:55 PM,0.00,in,A
08/11/2013 09:52:33 AM,08/11/2013 09:52:55 AM,0.00,in,A
08/10/2013 09:54:27 PM,08/10/2013 09:54:55 PM,0.00,in,A
08/10/2013 09:56:21 AM,08/10/2013 09:56:25 AM,0.00,in,A
08/09/2013 09:58:16 PM,08/09/2013 09:58:25 PM,0.00,in,A
08/09/2013 02:56:07 PM,08/09/2013 02:56:25 PM,0.04,in,A
08/09/2013 10:00:10 AM,08/09/2013 10:00:25 AM,0.00,in,A
08/08/2013 10:02:05 PM,08/08/2013 10:02:25 PM,0.00,in,A
08/08/2013 10:03:59 AM,08/08/2013 10:04:25 AM,0.00,in,A
08/07/2013 10:05:53 PM,08/07/2013 10:05:55 PM,0.00,in,A
08/07/2013 10:07:48 AM,08/07/2013 10:07:55 AM,0.00,in,A
08/07/2013 07:10:24 AM,08/07/2013 07:10:25 AM,0.08,in,A
08/07/2013 06:48:03 AM,08/07/2013 06:48:25 AM,0.04,in,A
08/07/2013 06:45:56 AM,08/07/2013 06:46:26 AM,0.12,in,A
08/07/2013 06:00:21 AM,08/07/2013 06:00:26 AM,0.04,in,A
08/07/2013 05:25:55 AM,08/07/2013 05:26:25 AM,0.04,in,A
08/07/2013 05:16:04 AM,08/07/2013 05:16:25 AM,0.04,in,A
08/07/2013 04:55:13 AM,08/07/2013 04:55:25 AM,0.04,in,A
08/06/2013 10:09:42 PM,08/06/2013 10:09:55 PM,0.00,in,A
08/06/2013 10:11:37 AM,08/06/2013 10:11:55 AM,0.00,in,A
08/06/2013 04:51:07 AM,08/06/2013 04:51:26 AM,0.04,in,A
08/06/2013 04:38:38 AM,08/06/2013 04:38:55 AM,0.04,in,A
08/06/2013 04:24:20 AM,08/06/2013 04:24:26 AM,0.04,in,A
08/06/2013 03:49:22 AM,08/06/2013 03:49:25 AM,0.04,in,A
08/06/2013 03:41:17 AM,08/06/2013 03:41:26 AM,0.08,in,A
08/06/2013 03:29:35 AM,08/06/2013 03:29:56 AM,0.04,in,A
08/06/2013 03:27:27 AM,08/06/2013 03:27:55 AM,0.04,in,A
08/06/2013 03:26:04 AM,08/06/2013 03:26:25 AM,0.04,in,A
08/06/2013 03:24:55 AM,08/06/2013 03:25:25 AM,0.04,in,A
08/06/2013 03:23:32 AM,08/06/2013 03:23:55 AM,0.08,in,A
08/06/2013 03:21:23 AM,08/06/2013 03:21:26 AM,0.08,in,A
08/06/2013 03:18:07 AM,08/06/2013 03:18:25 AM,0.04,in,A
08/06/2013 03:15:11 AM,08/06/2013 03:15:25 AM,0.04,in,A
08/05/2013 10:15:25 AM,08/05/2013 10:15:55 AM,0.00,in,A
08/04/2013 10:17:20 PM,08/04/2013 10:17:25 PM,0.00,in,A
08/04/2013 01:21:48 PM,08/04/2013 01:21:55 PM,0.08,in,A
08/04/2013 11:43:29 AM,08/04/2013 11:43:55 AM,0.04,in,A
08/04/2013 11:22:36 AM,08/04/2013 11:22:55 AM,0.04,in,A
08/04/2013 11:09:19 AM,08/04/2013 11:09:25 AM,0.04,in,A
08/04/2013 10:55:04 AM,08/04/2013 10:55:25 AM,0.04,in,A
08/04/2013 10:19:19 AM,08/04/2013 10:19:25 AM,0.00,in,A
08/04/2013 08:04:10 AM,08/04/2013 08:04:25 AM,0.04,in,A
08/04/2013 07:54:07 AM,08/04/2013 07:54:25 AM,0.04,in,A
08/04/2013 07:47:56 AM,08/04/2013 07:48:25 AM,0.04,in,A
08/03/2013 10:22:09 PM,08/03/2013 10:22:25 PM,0.00,in,A
08/03/2013 10:24:59 AM,08/03/2013 10:25:25 AM,0.00,in,A
08/02/2013 10:27:48 PM,08/02/2013 10:27:55 PM,0.00,in,A
08/02/2013 10:30:38 AM,08/02/2013 10:30:55 AM,0.00,in,A
08/02/2013 07:13:48 AM,08/02/2013 07:13:55 AM,0.04,in,A
08/02/2013 06:57:40 AM,08/02/2013 06:57:55 AM,0.04,in,A
08/02/2013 06:22:49 AM,08/02/2013 06:22:56 AM,0.04,in,A
08/02/2013 06:07:39 AM,08/02/2013 06:07:55 AM,0.04,in,A
08/02/2013 06:02:39 AM,08/02/2013 06:02:55 AM,0.04,in,A
08/02/2013 05:52:16 AM,08/02/2013 05:52:25 AM,0.04,in,A
08/02/2013 05:35:29 AM,08/02/2013 05:35:55 AM,0.12,in,A
08/02/2013 04:21:32 AM,08/02/2013 04:21:55 AM,0.04,in,A
08/01/2013 10:33:28 PM,08/01/2013 10:33:55 PM,0.00,in,A
08/01/2013 10:36:20 AM,08/01/2013 10:36:25 AM,0.00,in,A
07/31/2013 10:39:11 PM,07/31/2013 10:39:25 PM,0.00,in,A
07/31/2013 10:42:01 AM,07/31/2013 10:42:25 AM,0.00,in,A
07/30/2013 10:44:51 PM,07/30/2013 10:44:55 PM,0.00,in,A
07/30/2013 10:47:41 AM,07/30/2013 10:47:55 AM,0.00,in,A
07/30/2013 08:07:13 AM,07/30/2013 08:07:25 AM,0.04,in,A
07/30/2013 07:50:00 AM,07/30/2013 07:50:25 AM,0.04,in,A
07/30/2013 06:39:08 AM,07/30/2013 06:39:25 AM,0.04,in,A
07/29/2013 10:50:30 PM,07/29/2013 10:50:55 PM,0.00,in,A
07/29/2013 09:41:39 PM,07/29/2013 09:41:55 PM,0.04,in,A
07/29/2013 08:54:14 PM,07/29/2013 08:54:25 PM,0.04,in,A
07/29/2013 06:50:29 PM,07/29/2013 06:50:55 PM,0.04,in,A
07/29/2013 06:17:26 PM,07/29/2013 06:17:55 PM,0.04,in,A
07/29/2013 05:36:41 PM,07/29/2013 05:36:55 PM,0.04,in,A
07/29/2013 04:54:41 PM,07/29/2013 04:54:55 PM,0.04,in,A
07/29/2013 02:14:20 PM,07/29/2013 02:14:26 PM,0.04,in,A
07/29/2013 02:10:08 PM,07/29/2013 02:10:25 PM,0.04,in,A
07/29/2013 02:09:04 PM,07/29/2013 02:09:25 PM,0.04,in,A
07/29/2013 02:07:46 PM,07/29/2013 02:07:55 PM,0.08,in,A
07/29/2013 02:03:37 PM,07/29/2013 02:03:55 PM,0.04,in,A
07/29/2013 02:02:07 PM,07/29/2013 02:02:25 PM,0.04,in,A
07/29/2013 01:59:51 PM,07/29/2013 01:59:55 PM,0.04,in,A
07/29/2013 11:23:58 AM,07/29/2013 11:24:25 AM,0.04,in,A
07/29/2013 10:53:21 AM,07/29/2013 10:53:25 AM,0.00,in,A
07/29/2013 07:19:16 AM,07/29/2013 07:19:25 AM,0.04,in,A
07/29/2013 06:54:08 AM,07/29/2013 06:54:25 AM,0.04,in,A
07/29/2013 06:33:22 AM,07/29/2013 06:33:25 AM,0.04,in,A
07/29/2013 05:49:25 AM,07/29/2013 05:49:55 AM,0.04,in,A
07/28/2013 10:56:14 PM,07/28/2013 10:56:25 PM,0.00,in,A
07/28/2013 10:59:03 AM,07/28/2013 10:59:25 AM,0.00,in,A
07/27/2013 11:01:55 PM,07/27/2013 11:02:25 PM,0.00,in,A
07/27/2013 11:04:45 AM,07/27/2013 11:04:55 AM,0.00,in,A
07/26/2013 11:07:37 PM,07/26/2013 11:07:55 PM,0.00,in,A
07/26/2013 11:10:27 AM,07/26/2013 11:10:55 AM,0.00,in,A
07/26/2013 10:32:08 AM,07/26/2013 10:32:25 AM,0.04,in,A
07/25/2013 11:16:08 AM,07/25/2013 11:16:25 AM,0.00,in,A
07/24/2013 11:18:59 PM,07/24/2013 11:19:25 PM,0.00,in,A
07/24/2013 11:21:51 AM,07/24/2013 11:21:55 AM,0.00,in,A
07/23/2013 11:24:40 PM,07/23/2013 11:24:55 PM,0.00,in,A
07/23/2013 11:27:30 AM,07/23/2013 11:27:55 AM,0.00,in,A
07/22/2013 11:30:20 PM,07/22/2013 11:30:25 PM,0.00,in,A
07/22/2013 11:33:10 AM,07/22/2013 11:33:25 AM,0.00,in,A
07/21/2013 11:36:01 PM,07/21/2013 11:36:25 PM,0.00,in,A
07/21/2013 11:38:51 AM,07/21/2013 11:38:55 AM,0.00,in,A
07/20/2013 11:41:41 PM,07/20/2013 11:41:55 PM,0.00,in,A
07/20/2013 06:48:36 PM,07/20/2013 06:48:55 PM,0.04,in,A
07/20/2013 11:44:31 AM,07/20/2013 11:44:55 AM,0.00,in,A
07/20/2013 08:27:43 AM,07/20/2013 08:27:55 AM,0.04,in,A
07/19/2013 11:47:21 PM,07/19/2013 11:47:25 PM,0.00,in,A
07/19/2013 11:50:12 AM,07/19/2013 11:50:25 AM,0.00,in,A
07/18/2013 11:53:03 PM,07/18/2013 11:53:25 PM,0.00,in,A
07/18/2013 11:55:55 AM,07/18/2013 11:56:25 AM,0.00,in,A
07/17/2013 11:58:47 PM,07/17/2013 11:58:55 PM,0.00,in,A
07/17/2013 12:01:37 PM,07/17/2013 12:01:55 PM,0.00,in,A
07/17/2013 12:04:28 AM,07/17/2013 12:04:55 AM,0.00,in,A
07/16/2013 12:07:20 PM,07/16/2013 12:07:25 PM,0.00,in,A
07/16/2013 12:10:10 AM,07/16/2013 12:10:20 AM,0.00,in,A
07/15/2013 12:13:01 PM,07/15/2013 12:13:25 PM,0.00,in,A
07/15/2013 12:15:51 AM,07/15/2013 12:15:55 AM,0.00,in,A
07/14/2013 12:18:41 PM,07/14/2013 12:18:55 PM,0.00,in,A
07/14/2013 12:21:31 AM,07/14/2013 12:21:55 AM,0.00,in,A
07/13/2013 12:24:22 PM,07/13/2013 12:24:25 PM,0.00,in,A
07/13/2013 12:27:13 AM,07/13/2013 12:27:25 AM,0.00,in,A
07/12/2013 12:30:05 PM,07/12/2013 12:30:25 PM,0.00,in,A
07/12/2013 12:32:55 AM,07/12/2013 12:33:25 AM,0.00,in,A
07/11/2013 12:38:37 AM,07/11/2013 12:38:55 AM,0.00,in,A
07/10/2013 12:41:28 PM,07/10/2013 12:41:55 PM,0.00,in,A
07/10/2013 12:44:18 AM,07/10/2013 12:44:25 AM,0.00,in,A
07/09/2013 12:47:09 PM,07/09/2013 12:47:25 PM,0.00,in,A
07/09/2013 12:49:58 AM,07/09/2013 12:50:25 AM,0.00,in,A
07/08/2013 12:52:50 PM,07/08/2013 12:52:55 PM,0.00,in,A
07/08/2013 12:55:41 AM,07/08/2013 12:55:55 AM,0.00,in,A
07/07/2013 12:58:30 PM,07/07/2013 12:58:55 PM,0.00,in,A
07/07/2013 01:01:20 AM,07/07/2013 01:01:25 AM,0.00,in,A
07/06/2013 01:04:10 PM,07/06/2013 01:04:25 PM,0.00,in,A
07/06/2013 01:07:00 AM,07/06/2013 01:07:25 AM,0.00,in,A
07/05/2013 01:09:51 PM,07/05/2013 01:09:55 PM,0.00,in,A
07/05/2013 01:12:41 AM,07/05/2013 01:12:55 AM,0.00,in,A
07/04/2013 01:15:31 PM,07/04/2013 01:15:55 PM,0.00,in,A
07/04/2013 01:18:22 AM,07/04/2013 01:18:25 AM,0.04,in,A
07/03/2013 07:06:18 PM,07/03/2013 07:06:25 PM,0.04,in,A
07/03/2013 06:58:18 PM,07/03/2013 06:58:25 PM,0.04,in,A
07/03/2013 06:47:21 PM,07/03/2013 06:47:25 PM,0.04,in,A
07/03/2013 06:42:25 PM,07/03/2013 06:42:55 PM,0.04,in,A
07/03/2013 06:38:51 PM,07/03/2013 06:38:56 PM,0.04,in,A
07/03/2013 01:21:14 PM,07/03/2013 01:21:25 PM,0.00,in,A
07/03/2013 01:24:04 AM,07/03/2013 01:24:25 AM,0.00,in,A
07/02/2013 01:26:54 PM,07/02/2013 01:26:55 PM,0.00,in,A
07/02/2013 01:29:45 AM,07/02/2013 01:29:55 AM,0.00,in,A
07/01/2013 01:32:35 PM,07/01/2013 01:32:55 PM,0.00,in,A
07/01/2013 01:35:25 AM,07/01/2013 01:35:25 AM,0.00,in,A
06/30/2013 01:38:14 PM,06/30/2013 01:38:25 PM,0.00,in,A
06/29/2013 01:43:55 PM,06/29/2013 01:44:25 PM,0.00,in,A
06/29/2013 01:46:47 AM,06/29/2013 01:46:55 AM,0.00,in,A
06/28/2013 01:49:37 PM,06/28/2013 01:49:55 PM,0.00,in,A
06/28/2013 01:52:26 AM,06/28/2013 01:52:55 AM,0.00,in,A
06/27/2013 11:41:41 PM,06/27/2013 11:41:55 PM,0.04,in,A
06/27/2013 11:15:34 PM,06/27/2013 11:15:56 PM,0.08,in,A
06/27/2013 11:12:25 PM,06/27/2013 11:12:56 PM,0.04,in,A
06/27/2013 11:11:24 PM,06/27/2013 11:11:26 PM,0.08,in,A
06/27/2013 10:36:30 PM,06/27/2013 10:36:55 PM,0.04,in,A
06/27/2013 01:55:17 PM,06/27/2013 01:55:25 PM,0.00,in,A
06/27/2013 01:58:08 AM,06/27/2013 01:58:25 AM,0.00,in,A
06/26/2013 02:01:00 PM,06/26/2013 02:01:25 PM,0.00,in,A
06/26/2013 02:03:49 AM,06/26/2013 02:03:55 AM,0.00,in,A
06/25/2013 02:06:39 PM,06/25/2013 02:06:55 PM,0.00,in,A
06/25/2013 11:51:00 AM,06/25/2013 11:51:25 AM,0.04,in,A
06/25/2013 02:09:29 AM,06/25/2013 02:09:55 AM,0.00,in,A
06/24/2013 02:12:19 PM,06/24/2013 02:12:25 PM,0.00,in,A
06/24/2013 02:15:09 AM,06/24/2013 02:15:25 AM,0.00,in,A
06/23/2013 02:18:00 PM,06/23/2013 02:18:25 PM,0.00,in,A
06/22/2013 02:23:42 PM,06/22/2013 02:23:55 PM,0.00,in,A
06/22/2013 02:26:31 AM,06/22/2013 02:26:55 AM,0.00,in,A
06/21/2013 02:29:22 PM,06/21/2013 02:29:25 PM,0.00,in,A
06/21/2013 02:32:11 AM,06/21/2013 02:32:25 AM,0.00,in,A
06/20/2013 02:35:02 PM,06/20/2013 02:35:25 PM,0.00,in,A
06/20/2013 02:37:53 AM,06/20/2013 02:37:55 AM,0.00,in,A
06/19/2013 02:40:43 PM,06/19/2013 02:40:55 PM,0.00,in,A
06/19/2013 02:43:32 AM,06/19/2013 02:43:55 AM,0.00,in,A
06/18/2013 02:46:23 PM,06/18/2013 02:46:25 PM,0.00,in,A
06/18/2013 02:49:12 AM,06/18/2013 02:49:25 AM,0.00,in,A
06/17/2013 04:44:00 PM,06/17/2013 04:44:25 PM,0.04,in,A
06/17/2013 02:54:54 AM,06/17/2013 02:54:55 AM,0.00,in,A
06/16/2013 02:57:45 PM,06/16/2013 02:57:55 PM,0.00,in,A
06/16/2013 03:00:36 AM,06/16/2013 03:00:55 AM,0.00,in,A
06/15/2013 09:53:52 PM,06/15/2013 09:53:55 PM,0.04,in,A
06/15/2013 06:37:43 PM,06/15/2013 06:37:55 PM,0.04,in,A
06/15/2013 06:32:09 PM,06/15/2013 06:32:25 PM,0.08,in,A
06/15/2013 06:25:31 PM,06/15/2013 06:25:55 PM,0.04,in,A
06/15/2013 06:03:23 PM,06/15/2013 06:03:25 PM,0.04,in,A
06/15/2013 05:42:09 PM,06/15/2013 05:42:25 PM,0.08,in,A
06/15/2013 05:22:06 PM,06/15/2013 05:22:25 PM,0.04,in,A
06/15/2013 05:12:38 PM,06/15/2013 05:12:55 PM,0.04,in,A
06/15/2013 05:02:32 PM,06/15/2013 05:02:56 PM,0.04,in,A
06/15/2013 04:49:25 PM,06/15/2013 04:49:55 PM,0.04,in,A
06/15/2013 04:24:53 PM,06/15/2013 04:24:56 PM,0.12,in,A
06/15/2013 03:53:30 PM,06/15/2013 03:53:55 PM,0.04,in,A
06/15/2013 03:50:00 PM,06/15/2013 03:50:25 PM,0.04,in,A
06/15/2013 03:47:41 PM,06/15/2013 03:47:55 PM,0.04,in,A
06/15/2013 03:45:37 PM,06/15/2013 03:45:55 PM,0.08,in,A
06/15/2013 03:41:45 PM,06/15/2013 03:41:55 PM,0.04,in,A
06/15/2013 03:40:39 PM,06/15/2013 03:40:55 PM,0.04,in,A
06/15/2013 03:39:31 PM,06/15/2013 03:39:55 PM,0.04,in,A
06/15/2013 03:38:21 PM,06/15/2013 03:38:25 PM,0.04,in,A
06/15/2013 03:36:52 PM,06/15/2013 03:36:55 PM,0.04,in,A
06/15/2013 03:34:15 PM,06/15/2013 03:34:25 PM,0.04,in,A
06/15/2013 03:03:28 PM,06/15/2013 03:03:55 PM,0.00,in,A
06/15/2013 03:06:17 AM,06/15/2013 03:06:25 AM,0.00,in,A
06/14/2013 03:09:07 PM,06/14/2013 03:09:25 PM,0.00,in,A
06/14/2013 03:11:57 AM,06/14/2013 03:12:25 AM,0.00,in,A
06/13/2013 03:14:47 PM,06/13/2013 03:14:55 PM,0.00,in,A
06/13/2013 03:17:36 AM,06/13/2013 03:17:55 AM,0.00,in,A
06/12/2013 03:20:27 PM,06/12/2013 03:20:55 PM,0.00,in,A
06/12/2013 03:23:17 AM,06/12/2013 03:23:25 AM,0.00,in,A
06/11/2013 03:26:07 PM,06/11/2013 03:26:25 PM,0.00,in,A
06/11/2013 03:28:58 AM,06/11/2013 03:29:25 AM,0.00,in,A
06/10/2013 03:31:51 PM,06/10/2013 03:31:55 PM,0.00,in,A
06/10/2013 03:34:41 AM,06/10/2013 03:34:55 AM,0.00,in,A
06/09/2013 03:37:31 PM,06/09/2013 03:37:55 PM,0.00,in,A
06/09/2013 06:31:18 AM,06/09/2013 06:31:25 AM,0.04,in,A
06/09/2013 03:40:21 AM,06/09/2013 03:40:25 AM,0.00,in,A
06/09/2013 02:39:03 AM,06/09/2013 02:39:25 AM,0.04,in,A
06/09/2013 02:28:38 AM,06/09/2013 02:28:55 AM,0.04,in,A
06/09/2013 02:16:23 AM,06/09/2013 02:16:25 AM,0.08,in,A
06/09/2013 01:07:19 AM,06/09/2013 01:07:25 AM,0.04,in,A
06/09/2013 01:04:36 AM,06/09/2013 01:04:55 AM,0.04,in,A
06/09/2013 01:03:38 AM,06/09/2013 01:03:55 AM,0.04,in,A
06/09/2013 01:02:37 AM,06/09/2013 01:02:55 AM,0.04,in,A
06/09/2013 01:01:16 AM,06/09/2013 01:01:25 AM,0.04,in,A
06/09/2013 12:59:55 AM,06/09/2013 01:00:25 AM,0.04,in,A
06/08/2013 03:43:12 PM,06/08/2013 03:43:25 PM,0.00,in,A
06/07/2013 03:48:52 PM,06/07/2013 03:48:55 PM,0.00,in,A
06/07/2013 03:51:42 AM,06/07/2013 03:51:55 AM,0.00,in,A
06/06/2013 03:54:33 PM,06/06/2013 03:54:55 PM,0.00,in,A
06/06/2013 03:57:24 AM,06/06/2013 03:57:25 AM,0.00,in,A
06/05/2013 04:00:14 PM,06/05/2013 04:00:25 PM,0.00,in,A
06/05/2013 12:01:27 PM,06/05/2013 12:01:55 PM,0.04,in,A
06/05/2013 11:43:38 AM,06/05/2013 11:43:55 AM,0.12,in,A
06/05/2013 10:54:26 AM,06/05/2013 10:54:55 AM,0.04,in,A
06/05/2013 10:46:33 AM,06/05/2013 10:46:55 AM,0.08,in,A
06/05/2013 10:39:29 AM,06/05/2013 10:39:55 AM,0.08,in,A
06/05/2013 10:30:20 AM,06/05/2013 10:30:25 AM,0.04,in,A
06/05/2013 10:25:11 AM,06/05/2013 10:25:25 AM,0.04,in,A
06/05/2013 10:21:18 AM,06/05/2013 10:21:25 AM,0.04,in,A
06/05/2013 09:49:27 AM,06/05/2013 09:49:55 AM,0.08,in,A
06/05/2013 09:22:59 AM,06/05/2013 09:23:25 AM,0.04,in,A
06/05/2013 09:16:51 AM,06/05/2013 09:16:55 AM,0.04,in,A
06/05/2013 09:09:41 AM,06/05/2013 09:09:55 AM,0.04,in,A
06/05/2013 09:06:17 AM,06/05/2013 09:06:25 AM,0.04,in,A
06/05/2013 09:04:33 AM,06/05/2013 09:04:55 AM,0.04,in,A
06/05/2013 09:01:39 AM,06/05/2013 09:01:55 AM,0.04,in,A
06/05/2013 04:03:05 AM,06/05/2013 04:03:25 AM,0.00,in,A
06/04/2013 04:05:56 PM,06/04/2013 04:06:25 PM,0.00,in,A
06/04/2013 01:01:55 PM,06/04/2013 01:02:25 PM,0.04,in,A
06/04/2013 12:25:10 PM,06/04/2013 12:25:25 PM,0.04,in,A
06/04/2013 12:01:52 PM,06/04/2013 12:01:55 PM,0.04,in,A
06/04/2013 10:33:20 AM,06/04/2013 10:33:25 AM,0.04,in,A
06/04/2013 04:08:46 AM,06/04/2013 04:08:55 AM,0.00,in,A
06/03/2013 04:11:36 PM,06/03/2013 04:11:55 PM,0.00,in,A
06/03/2013 04:14:29 AM,06/03/2013 04:14:55 AM,0.00,in,A
06/02/2013 04:17:24 PM,06/02/2013 04:17:25 PM,0.00,in,A
06/02/2013 04:20:18 AM,06/02/2013 04:20:25 AM,0.00,in,A
06/01/2013 04:23:13 PM,06/01/2013 04:23:25 PM,0.00,in,A
06/01/2013 04:26:04 AM,06/01/2013 04:26:25 AM,0.00,in,A
05/31/2013 04:28:55 PM,05/31/2013 04:28:55 PM,0.00,in,A
05/31/2013 08:20:28 AM,05/31/2013 08:20:55 AM,0.04,in,A
05/31/2013 06:34:57 AM,05/31/2013 06:35:25 AM,0.04,in,A
05/31/2013 06:33:15 AM,05/31/2013 06:33:26 AM,0.04,in,A
05/31/2013 06:31:06 AM,05/31/2013 06:31:26 AM,0.04,in,A
05/31/2013 06:30:15 AM,05/31/2013 06:30:25 AM,0.04,in,A
05/31/2013 06:29:31 AM,05/31/2013 06:29:55 AM,0.08,in,A
05/31/2013 06:25:50 AM,05/31/2013 06:25:55 AM,0.04,in,A
05/31/2013 06:24:18 AM,05/31/2013 06:24:26 AM,0.12,in,A
05/31/2013 06:17:29 AM,05/31/2013 06:17:55 AM,0.12,in,A
05/31/2013 06:10:45 AM,05/31/2013 06:10:56 AM,0.08,in,A
05/31/2013 06:09:03 AM,05/31/2013 06:09:26 AM,0.04,in,AN
05/31/2013 06:04:43 AM,05/31/2013 06:04:56 AM,0.12,in,A
05/31/2013 06:02:22 AM,05/31/2013 06:02:26 AM,0.04,in,A
05/31/2013 06:01:34 AM,05/31/2013 06:01:56 AM,0.04,in,A
05/31/2013 06:00:51 AM,05/31/2013 06:00:56 AM,0.16,in,A
05/31/2013 05:58:42 AM,05/31/2013 05:58:56 AM,0.08,in,A
05/31/2013 05:57:38 AM,05/31/2013 05:57:55 AM,0.04,in,A
05/31/2013 05:56:55 AM,05/31/2013 05:57:26 AM,0.08,in,A
05/31/2013 05:55:55 AM,05/31/2013 05:56:26 AM,0.04,in,A
05/31/2013 05:55:38 AM,05/31/2013 05:55:56 AM,0.04,in,A
05/31/2013 05:54:55 AM,05/31/2013 05:54:56 AM,0.08,in,A
05/31/2013 05:54:12 AM,05/31/2013 05:54:26 AM,0.08,in,A
05/31/2013 05:53:28 AM,05/31/2013 05:53:56 AM,0.04,in,A
05/31/2013 05:53:07 AM,05/31/2013 05:53:26 AM,0.16,in,A
05/31/2013 05:51:18 AM,05/31/2013 05:51:26 AM,0.08,in,A
05/31/2013 05:50:35 AM,05/31/2013 05:50:56 AM,0.04,in,A
05/31/2013 05:49:51 AM,05/31/2013 05:49:56 AM,0.04,in,A
05/31/2013 05:49:20 AM,05/31/2013 05:49:26 AM,0.04,in,A
05/31/2013 05:48:47 AM,05/31/2013 05:48:56 AM,0.04,in,AN
05/31/2013 05:41:18 AM,05/31/2013 05:41:26 AM,0.04,in,A
05/31/2013 05:39:11 AM,05/31/2013 05:39:26 AM,0.04,in,A
05/31/2013 05:37:26 AM,05/31/2013 05:37:56 AM,0.12,in,A
05/31/2013 05:26:26 AM,05/31/2013 05:26:55 AM,0.04,in,A
05/31/2013 05:24:57 AM,05/31/2013 05:25:26 AM,0.04,in,A
05/31/2013 05:23:29 AM,05/31/2013 05:23:55 AM,0.04,in,A
05/31/2013 05:22:43 AM,05/31/2013 05:22:55 AM,0.04,in,A
05/31/2013 05:22:21 AM,05/31/2013 05:22:25 AM,0.04,in,A
05/31/2013 05:21:38 AM,05/31/2013 05:21:55 AM,0.04,in,A
05/31/2013 05:21:02 AM,05/31/2013 05:21:25 AM,0.04,in,A
05/31/2013 05:20:19 AM,05/31/2013 05:20:25 AM,0.04,in,A
05/31/2013 05:19:25 AM,05/31/2013 05:19:55 AM,0.04,in,A
05/31/2013 05:18:11 AM,05/31/2013 05:18:25 AM,0.04,in,A
05/31/2013 04:31:45 AM,05/31/2013 04:31:55 AM,0.00,in,A
05/30/2013 04:34:34 PM,05/30/2013 04:34:55 PM,0.00,in,A
05/30/2013 02:10:48 PM,05/30/2013 02:10:55 PM,0.04,in,A
05/30/2013 01:37:21 PM,05/30/2013 01:37:25 PM,0.04,in,A
05/30/2013 01:12:13 PM,05/30/2013 01:12:25 PM,0.04,in,A
05/30/2013 12:33:34 PM,05/30/2013 12:33:55 PM,0.04,in,A
05/30/2013 12:26:47 PM,05/30/2013 12:26:55 PM,0.04,in,A
05/30/2013 12:24:10 PM,05/30/2013 12:24:25 PM,0.04,in,A
05/30/2013 12:14:09 PM,05/30/2013 12:14:25 PM,0.04,in,A
05/30/2013 11:43:28 AM,05/30/2013 11:43:56 AM,0.04,in,A
05/30/2013 11:31:07 AM,05/30/2013 11:31:25 AM,0.12,in,A
05/30/2013 10:44:18 AM,05/30/2013 10:44:26 AM,0.08,in,A
05/30/2013 10:21:38 AM,05/30/2013 10:21:55 AM,0.04,in,A
05/30/2013 10:19:22 AM,05/30/2013 10:19:25 AM,0.04,in,A
05/30/2013 10:12:52 AM,05/30/2013 10:12:55 AM,0.04,in,A
05/30/2013 09:43:55 AM,05/30/2013 09:44:25 AM,0.04,in,A
05/30/2013 09:19:08 AM,05/30/2013 09:19:25 AM,0.04,in,A
05/30/2013 08:48:23 AM,05/30/2013 08:48:25 AM,0.04,in,A
05/30/2013 08:23:08 AM,05/30/2013 08:23:25 AM,0.04,in,A
05/30/2013 07:46:47 AM,05/30/2013 07:46:55 AM,0.04,in,A
05/30/2013 06:37:38 AM,05/30/2013 06:37:55 AM,0.04,in,A
05/30/2013 04:37:26 AM,05/30/2013 04:37:55 AM,0.00,in,A
05/30/2013 03:13:45 AM,05/30/2013 03:13:55 AM,0.04,in,A
05/30/2013 03:00:49 AM,05/30/2013 03:00:55 AM,0.04,in,A
05/30/2013 02:44:38 AM,05/30/2013 02:44:55 AM,0.04,in,A
05/30/2013 02:34:43 AM,05/30/2013 02:34:55 AM,0.04,in,A
05/30/2013 02:26:55 AM,05/30/2013 02:27:25 AM,0.04,in,A
05/30/2013 02:19:41 AM,05/30/2013 02:19:55 AM,0.04,in,A
05/30/2013 02:08:33 AM,05/30/2013 02:08:55 AM,0.04,in,A
05/30/2013 01:51:27 AM,05/30/2013 01:51:55 AM,0.04,in,A
05/30/2013 01:40:32 AM,05/30/2013 01:40:55 AM,0.04,in,A
05/30/2013 01:22:28 AM,05/30/2013 01:22:55 AM,0.04,in,A
05/30/2013 01:02:28 AM,05/30/2013 01:02:55 AM,0.04,in,A
05/30/2013 12:42:55 AM,05/30/2013 12:43:25 AM,0.08,in,A
05/29/2013 10:56:55 PM,05/29/2013 10:57:25 PM,0.04,in,A
05/29/2013 10:46:48 PM,05/29/2013 10:46:55 PM,0.04,in,A
05/29/2013 10:44:49 PM,05/29/2013 10:44:55 PM,0.04,in,A
05/29/2013 10:42:59 PM,05/29/2013 10:43:25 PM,0.04,in,A
05/29/2013 10:42:02 PM,05/29/2013 10:42:25 PM,0.04,in,A
05/29/2013 04:40:18 PM,05/29/2013 04:40:25 PM,0.00,in,A
05/29/2013 04:43:07 AM,05/29/2013 04:43:25 AM,0.00,in,A
05/28/2013 09:07:22 PM,05/28/2013 09:07:25 PM,0.04,in,A
05/28/2013 04:45:57 PM,05/28/2013 04:46:25 PM,0.00,in,A
05/28/2013 02:11:17 PM,05/28/2013 02:11:25 PM,0.04,in,A
05/28/2013 04:48:47 AM,05/28/2013 04:48:55 AM,0.00,in,A
05/27/2013 04:51:37 PM,05/27/2013 04:51:55 PM,0.00,in,A
05/27/2013 11:36:51 AM,05/27/2013 11:38:56 AM,0.08,in,A
05/27/2013 11:31:25 AM,05/27/2013 11:31:25 AM,0.04,in,A
05/27/2013 11:30:00 AM,05/27/2013 11:30:26 AM,0.04,in,A
05/27/2013 11:24:02 AM,05/27/2013 11:24:26 AM,0.08,in,A
05/27/2013 11:18:20 AM,05/27/2013 11:18:26 AM,0.04,in,A
05/27/2013 11:15:04 AM,05/27/2013 11:15:26 AM,0.08,in,A
05/27/2013 11:11:24 AM,05/27/2013 11:11:25 AM,0.08,in,A
05/27/2013 11:08:29 AM,05/27/2013 11:08:55 AM,0.08,in,A
05/27/2013 11:03:49 AM,05/27/2013 11:03:55 AM,0.16,in,A
05/27/2013 11:00:55 AM,05/27/2013 11:01:26 AM,0.04,in,A
05/27/2013 11:00:13 AM,05/27/2013 11:00:26 AM,0.08,in,A
05/27/2013 10:57:55 AM,05/27/2013 10:58:26 AM,0.04,in,A
05/27/2013 10:53:28 AM,05/27/2013 10:53:56 AM,0.04,in,A
05/27/2013 10:40:38 AM,05/27/2013 10:40:56 AM,0.04,in,A
05/27/2013 10:37:33 AM,05/27/2013 10:37:56 AM,0.08,in,A
05/27/2013 10:27:32 AM,05/27/2013 10:27:56 AM,0.12,in,A
05/27/2013 09:55:21 AM,05/27/2013 09:55:26 AM,0.12,in,A
05/27/2013 09:52:26 AM,05/27/2013 09:52:55 AM,0.04,in,A
05/27/2013 09:51:05 AM,05/27/2013 09:51:26 AM,0.04,in,A
05/27/2013 09:49:06 AM,05/27/2013 09:49:26 AM,0.04,in,A
05/27/2013 09:43:14 AM,05/27/2013 09:43:26 AM,0.04,in,A
05/27/2013 09:36:37 AM,05/27/2013 09:36:56 AM,0.04,in,A
05/27/2013 09:26:43 AM,05/27/2013 09:26:56 AM,0.04,in,A
05/27/2013 09:17:39 AM,05/27/2013 09:17:56 AM,0.04,in,A
05/27/2013 04:54:27 AM,05/27/2013 04:54:55 AM,0.00,in,A
05/26/2013 04:57:19 PM,05/26/2013 04:57:25 PM,0.00,in,A
05/26/2013 05:00:08 AM,05/26/2013 05:00:25 AM,0.00,in,A
05/25/2013 05:02:59 PM,05/25/2013 05:03:25 PM,0.00,in,A
05/25/2013 05:05:49 AM,05/25/2013 05:05:55 AM,0.00,in,A
05/24/2013 05:08:40 PM,05/24/2013 05:08:55 PM,0.00,in,A
05/24/2013 05:11:29 AM,05/24/2013 05:11:55 AM,0.00,in,A
05/23/2013 05:14:19 PM,05/23/2013 05:14:25 PM,0.00,in,A
05/23/2013 05:17:09 AM,05/23/2013 05:17:25 AM,0.00,in,A
05/22/2013 05:20:00 PM,05/22/2013 05:20:25 PM,0.00,in,A
05/22/2013 05:22:50 AM,05/22/2013 05:22:55 AM,0.00,in,A
05/21/2013 05:25:40 PM,05/21/2013 05:25:55 PM,0.00,in,A
05/21/2013 05:28:30 AM,05/21/2013 05:28:55 AM,0.00,in,A
05/20/2013 05:31:20 PM,05/20/2013 05:31:25 PM,0.00,in,A
05/20/2013 05:34:09 AM,05/20/2013 05:34:25 AM,0.00,in,A
05/20/2013 12:56:43 AM,05/20/2013 12:56:55 AM,0.04,in,A
05/19/2013 10:24:43 PM,05/19/2013 10:24:55 PM,0.04,in,A
05/19/2013 08:19:17 PM,05/19/2013 08:19:25 PM,0.08,in,A
05/19/2013 08:06:21 PM,05/19/2013 08:06:25 PM,0.04,in,A
05/19/2013 07:57:30 PM,05/19/2013 07:57:55 PM,0.04,in,A
05/19/2013 07:45:33 PM,05/19/2013 07:45:56 PM,0.08,in,A
05/19/2013 07:41:48 PM,05/19/2013 07:41:56 PM,0.04,in,A
05/19/2013 07:41:19 PM,05/19/2013 07:41:26 PM,0.08,in,A
05/19/2013 07:40:31 PM,05/19/2013 07:40:56 PM,0.04,in,A
05/19/2013 07:40:08 PM,05/19/2013 07:40:25 PM,0.04,in,A
05/19/2013 07:39:46 PM,05/19/2013 07:39:56 PM,0.08,in,A
05/19/2013 07:38:47 PM,05/19/2013 07:38:55 PM,0.04,in,A
05/19/2013 07:38:16 PM,05/19/2013 07:38:26 PM,0.04,in,A
05/19/2013 07:37:39 PM,05/19/2013 07:37:55 PM,0.04,in,A
05/19/2013 07:37:11 PM,05/19/2013 07:37:26 PM,0.04,in,A
05/19/2013 06:14:22 PM,05/19/2013 06:14:25 PM,0.04,in,A
05/19/2013 05:37:01 PM,05/19/2013 05:37:25 PM,0.00,in,A
05/19/2013 07:53:32 AM,05/19/2013 07:53:55 AM,0.04,in,A
05/19/2013 07:36:31 AM,05/19/2013 07:36:55 AM,0.04,in,A
05/19/2013 07:11:24 AM,05/19/2013 07:11:25 AM,0.04,in,A
05/19/2013 07:08:22 AM,05/19/2013 07:08:25 AM,0.04,in,A
05/19/2013 05:39:51 AM,05/19/2013 05:39:55 AM,0.04,in,A
05/19/2013 03:19:06 AM,05/19/2013 03:19:25 AM,0.04,in,A
05/19/2013 03:11:58 AM,05/19/2013 03:12:25 AM,0.04,in,A
05/19/2013 03:10:45 AM,05/19/2013 03:10:55 AM,0.04,in,A
05/19/2013 03:07:44 AM,05/19/2013 03:09:29 AM,0.04,in,A
05/19/2013 02:59:02 AM,05/19/2013 02:59:25 AM,0.04,in,A
05/18/2013 05:42:41 PM,05/18/2013 05:42:55 PM,0.00,in,A
05/18/2013 05:45:31 AM,05/18/2013 05:45:55 AM,0.00,in,A
05/17/2013 05:48:20 PM,05/17/2013 05:48:25 PM,0.00,in,A
05/17/2013 05:51:10 AM,05/17/2013 05:51:25 AM,0.00,in,A
05/16/2013 05:54:02 PM,05/16/2013 05:54:25 PM,0.00,in,A
05/16/2013 05:56:51 AM,05/16/2013 05:56:55 AM,0.00,in,A
05/15/2013 05:59:41 PM,05/15/2013 05:59:55 PM,0.00,in,A
05/15/2013 06:02:32 AM,05/15/2013 06:02:55 AM,0.00,in,A
05/14/2013 06:05:22 PM,05/14/2013 06:05:25 PM,0.00,in,A
05/14/2013 06:08:12 AM,05/14/2013 06:08:25 AM,0.00,in,A
05/13/2013 06:11:02 PM,05/13/2013 06:11:25 PM,0.00,in,A
05/13/2013 06:13:51 AM,05/13/2013 06:13:58 AM,0.00,in,A
05/12/2013 06:16:41 PM,05/12/2013 06:16:55 PM,0.00,in,A
05/12/2013 06:19:32 AM,05/12/2013 06:19:55 AM,0.00,in,A
05/11/2013 06:22:21 PM,05/11/2013 06:22:25 PM,0.00,in,A
05/11/2013 06:25:10 AM,05/11/2013 06:25:25 AM,0.00,in,A
05/10/2013 06:28:00 PM,05/10/2013 06:28:25 PM,0.00,in,A
05/10/2013 06:30:49 AM,05/10/2013 06:30:55 AM,0.00,in,A
05/10/2013 02:05:08 AM,05/10/2013 02:05:25 AM,0.04,in,A
05/09/2013 07:33:18 PM,05/09/2013 07:33:25 PM,0.04,in,A
05/09/2013 07:32:20 PM,05/09/2013 07:32:25 PM,0.04,in,A
05/09/2013 07:31:50 PM,05/09/2013 07:31:55 PM,0.04,in,A
05/09/2013 07:31:20 PM,05/09/2013 07:31:25 PM,0.04,in,A
05/09/2013 07:30:58 PM,05/09/2013 07:31:25 PM,0.04,in,A
05/09/2013 07:30:35 PM,05/09/2013 07:30:55 PM,0.04,in,A
05/09/2013 07:30:14 PM,05/09/2013 07:30:25 PM,0.04,in,A
05/09/2013 07:29:53 PM,05/09/2013 07:29:55 PM,0.04,in,A
05/09/2013 07:29:31 PM,05/09/2013 07:29:55 PM,0.04,in,A
05/09/2013 07:29:10 PM,05/09/2013 07:29:25 PM,0.04,in,A
05/09/2013 07:28:49 PM,05/09/2013 07:28:55 PM,0.04,in,A
05/09/2013 07:28:26 PM,05/09/2013 07:28:55 PM,0.04,in,A
05/09/2013 07:28:08 PM,05/09/2013 07:28:25 PM,0.04,in,A
05/09/2013 07:27:46 PM,05/09/2013 07:27:55 PM,0.04,in,A
05/09/2013 07:24:35 PM,05/09/2013 07:24:55 PM,0.04,in,A
05/09/2013 07:23:12 PM,05/09/2013 07:23:25 PM,0.04,in,A
05/09/2013 07:21:19 PM,05/09/2013 07:21:25 PM,0.04,in,A
05/09/2013 06:33:39 PM,05/09/2013 06:33:55 PM,0.00,in,A
05/09/2013 04:21:42 PM,05/09/2013 04:21:55 PM,0.04,in,A
05/09/2013 04:20:38 PM,05/09/2013 04:20:55 PM,0.04,in,A
05/09/2013 06:36:30 AM,05/09/2013 06:36:55 AM,0.00,in,A
05/09/2013 01:34:45 AM,05/09/2013 01:34:55 AM,0.04,in,A
05/09/2013 12:43:33 AM,05/09/2013 12:43:55 AM,0.04,in,A
05/09/2013 12:33:50 AM,05/09/2013 12:33:55 AM,0.04,in,A
05/09/2013 12:32:43 AM,05/09/2013 12:32:55 AM,0.04,in,A
05/09/2013 12:31:06 AM,05/09/2013 12:31:25 AM,0.04,in,A
05/09/2013 12:29:06 AM,05/09/2013 12:29:25 AM,0.04,in,A
05/09/2013 12:27:55 AM,05/09/2013 12:28:25 AM,0.04,in,A
05/09/2013 12:27:01 AM,05/09/2013 12:27:25 AM,0.04,in,A
05/09/2013 12:24:06 AM,05/09/2013 12:24:25 AM,0.04,in,A
05/09/2013 12:16:17 AM,05/09/2013 12:16:25 AM,0.04,in,A
05/08/2013 11:55:25 PM,05/08/2013 11:55:55 PM,0.04,in,A
05/08/2013 06:39:20 PM,05/08/2013 06:39:25 PM,0.00,in,A
05/08/2013 06:42:10 AM,05/08/2013 06:42:25 AM,0.00,in,A
05/07/2013 06:45:00 PM,05/07/2013 06:45:25 PM,0.00,in,A
05/07/2013 06:47:50 AM,05/07/2013 06:47:55 AM,0.00,in,A
05/06/2013 06:50:40 PM,05/06/2013 06:50:55 PM,0.00,in,A
05/06/2013 06:53:29 AM,05/06/2013 06:53:55 AM,0.00,in,A
05/05/2013 06:56:20 PM,05/05/2013 06:56:25 PM,0.00,in,A
05/05/2013 08:14:03 AM,05/05/2013 08:14:25 AM,0.04,in,A
05/05/2013 06:59:10 AM,05/05/2013 06:59:25 AM,0.00,in,A
05/04/2013 07:02:02 PM,05/04/2013 07:02:25 PM,0.00,in,A
05/04/2013 10:02:52 AM,05/04/2013 10:02:55 AM,0.04,in,A
05/04/2013 07:04:54 AM,05/04/2013 07:04:55 AM,0.00,in,A
05/04/2013 04:51:23 AM,05/04/2013 04:51:25 AM,0.04,in,A
05/04/2013 03:56:51 AM,05/04/2013 03:56:55 AM,0.04,in,A
05/04/2013 02:42:46 AM,05/04/2013 02:42:55 AM,0.04,in,A
05/04/2013 01:15:26 AM,05/04/2013 01:15:55 AM,0.04,in,A
05/03/2013 11:27:29 PM,05/03/2013 11:27:55 PM,0.04,in,A
05/03/2013 10:11:02 PM,05/03/2013 10:11:25 PM,0.04,in,A
05/03/2013 09:22:21 PM,05/03/2013 09:22:25 PM,0.04,in,A
05/03/2013 07:07:45 PM,05/03/2013 07:07:55 PM,0.00,in,A
05/03/2013 06:41:00 PM,05/03/2013 06:41:25 PM,0.04,in,A
05/03/2013 04:14:48 PM,05/03/2013 04:14:55 PM,0.04,in,A
05/03/2013 09:13:18 AM,05/03/2013 09:13:25 AM,0.04,in,A
05/03/2013 08:40:13 AM,05/03/2013 08:40:25 AM,0.04,in,A
05/03/2013 08:16:34 AM,05/03/2013 08:16:55 AM,0.04,in,A
05/03/2013 07:55:48 AM,05/03/2013 07:55:55 AM,0.04,in,A
05/03/2013 07:22:59 AM,05/03/2013 07:23:25 AM,0.04,in,A
05/03/2013 07:10:34 AM,05/03/2013 07:10:55 AM,0.00,in,A
05/03/2013 06:48:19 AM,05/03/2013 06:48:25 AM,0.04,in,A
05/03/2013 05:49:50 AM,05/03/2013 05:49:55 AM,0.04,in,A
05/03/2013 05:05:14 AM,05/03/2013 05:05:25 AM,0.04,in,A
05/03/2013 04:17:08 AM,05/03/2013 04:17:25 AM,0.04,in,A
05/03/2013 03:35:06 AM,05/03/2013 03:35:25 AM,0.04,in,A
05/03/2013 02:47:06 AM,05/03/2013 02:47:25 AM,0.08,in,A
05/03/2013 01:25:26 AM,05/03/2013 01:25:55 AM,0.04,in,A
05/02/2013 07:13:23 PM,05/02/2013 07:13:25 PM,0.00,in,A
05/02/2013 05:09:13 PM,05/02/2013 05:09:25 PM,0.04,in,A
05/02/2013 04:12:17 PM,05/02/2013 04:12:25 PM,0.04,in,A
05/02/2013 03:42:37 PM,05/02/2013 03:42:55 PM,0.04,in,A
05/02/2013 03:12:57 PM,05/02/2013 03:13:25 PM,0.04,in,A
05/02/2013 02:13:27 PM,05/02/2013 02:13:55 PM,0.04,in,A
05/02/2013 01:51:44 PM,05/02/2013 01:51:55 PM,0.04,in,A
05/02/2013 01:37:39 PM,05/02/2013 01:37:55 PM,0.04,in,A
05/02/2013 07:16:13 AM,05/02/2013 07:16:25 AM,0.00,in,A
05/02/2013 05:40:19 AM,05/02/2013 05:40:25 AM,0.04,in,A
05/02/2013 04:38:59 AM,05/02/2013 04:39:25 AM,0.04,in,A
05/02/2013 03:56:27 AM,05/02/2013 03:56:55 AM,0.04,in,A
05/02/2013 02:59:39 AM,05/02/2013 02:59:55 AM,0.04,in,A
05/02/2013 02:56:10 AM,05/02/2013 02:56:25 AM,0.04,in,A
05/02/2013 02:53:35 AM,05/02/2013 02:53:55 AM,0.04,in,A
05/01/2013 07:19:03 PM,05/01/2013 07:19:25 PM,0.00,in,A
05/01/2013 07:21:53 AM,05/01/2013 07:21:55 AM,0.00,in,A
04/30/2013 07:24:42 PM,04/30/2013 07:24:55 PM,0.00,in,A
04/30/2013 07:27:32 AM,04/30/2013 07:27:55 AM,0.00,in,A
04/29/2013 07:30:21 PM,04/29/2013 07:30:25 PM,0.00,in,A
04/29/2013 07:33:11 AM,04/29/2013 07:33:25 AM,0.00,in,A
04/28/2013 07:36:00 PM,04/28/2013 07:36:25 PM,0.00,in,A
04/28/2013 07:38:50 AM,04/28/2013 07:38:55 AM,0.00,in,A
04/27/2013 07:41:40 PM,04/27/2013 07:41:55 PM,0.00,in,A
04/27/2013 08:20:25 AM,04/27/2013 08:23:26 AM,0.04,in,A
04/27/2013 07:44:30 AM,04/27/2013 07:44:55 AM,0.00,in,A
04/27/2013 06:41:52 AM,04/27/2013 06:41:55 AM,0.04,in,A
04/27/2013 06:09:47 AM,04/27/2013 06:09:56 AM,0.04,in,A
04/27/2013 02:08:45 AM,04/27/2013 02:08:55 AM,0.04,in,A
04/27/2013 12:56:27 AM,04/27/2013 12:56:55 AM,0.04,in,A
04/26/2013 11:56:12 PM,04/26/2013 11:56:25 PM,0.04,in,A
04/26/2013 10:56:40 PM,04/26/2013 10:56:55 PM,0.04,in,A
04/26/2013 07:52:18 PM,04/26/2013 07:52:25 PM,0.04,in,A
04/26/2013 07:47:20 PM,04/26/2013 07:47:25 PM,0.00,in,A
04/26/2013 06:09:28 PM,04/26/2013 06:09:55 PM,0.04,in,A
04/26/2013 05:45:44 PM,04/26/2013 05:45:55 PM,0.04,in,A
04/26/2013 04:23:57 PM,04/26/2013 04:24:25 PM,0.04,in,A
04/26/2013 03:11:56 PM,04/26/2013 03:12:25 PM,0.04,in,A
04/26/2013 01:31:46 PM,04/26/2013 01:31:55 PM,0.04,in,A
04/26/2013 07:50:09 AM,04/26/2013 07:50:25 AM,0.00,in,A
04/26/2013 05:41:27 AM,04/26/2013 05:41:55 AM,0.04,in,A
04/26/2013 04:49:05 AM,04/26/2013 04:49:25 AM,0.04,in,A
04/26/2013 04:31:31 AM,04/26/2013 04:31:55 AM,0.04,in,A
04/25/2013 07:52:59 PM,04/25/2013 07:53:25 PM,0.00,in,A
04/25/2013 07:55:50 AM,04/25/2013 07:55:55 AM,0.00,in,A
04/24/2013 07:58:41 PM,04/24/2013 07:58:55 PM,0.00,in,A
04/24/2013 08:01:31 AM,04/24/2013 08:01:55 AM,0.00,in,A
04/24/2013 12:06:08 AM,04/24/2013 12:06:25 AM,0.04,in,A
04/23/2013 08:04:20 PM,04/23/2013 08:04:25 PM,0.00,in,A
04/23/2013 10:51:09 AM,04/23/2013 10:51:25 AM,0.04,in,A
04/23/2013 08:55:33 AM,04/23/2013 08:55:55 AM,0.04,in,A
04/23/2013 08:25:24 AM,04/23/2013 08:25:25 AM,0.04,in,A
04/23/2013 08:07:10 AM,04/23/2013 08:07:25 AM,0.00,in,A
04/23/2013 06:24:46 AM,04/23/2013 06:24:55 AM,0.04,in,A
04/23/2013 06:05:42 AM,04/23/2013 06:05:55 AM,0.04,in,A
04/23/2013 05:37:23 AM,04/23/2013 05:37:25 AM,0.04,in,A
04/23/2013 05:20:29 AM,04/23/2013 05:20:55 AM,0.04,in,A
04/23/2013 05:05:15 AM,04/23/2013 05:05:25 AM,0.04,in,A
04/23/2013 04:50:27 AM,04/23/2013 04:50:55 AM,0.04,in,A
04/23/2013 04:37:43 AM,04/23/2013 04:37:55 AM,0.04,in,A
04/23/2013 04:22:49 AM,04/23/2013 04:22:55 AM,0.04,in,A
04/23/2013 03:47:12 AM,04/23/2013 03:47:25 AM,0.04,in,A
04/23/2013 03:28:10 AM,04/23/2013 03:28:25 AM,0.04,in,A
04/23/2013 02:38:17 AM,04/23/2013 02:38:25 AM,0.04,in,A
04/23/2013 02:21:21 AM,04/23/2013 02:21:25 AM,0.04,in,A
04/23/2013 02:18:50 AM,04/23/2013 02:18:55 AM,0.04,in,A
04/23/2013 02:16:49 AM,04/23/2013 02:16:55 AM,0.04,in,A
04/23/2013 01:55:23 AM,04/23/2013 01:55:25 AM,0.04,in,A
04/23/2013 01:27:53 AM,04/23/2013 01:27:55 AM,0.04,in,A
04/23/2013 01:11:01 AM,04/23/2013 01:11:25 AM,0.04,in,A
04/22/2013 08:31:51 PM,04/22/2013 08:31:55 PM,0.04,in,A
04/22/2013 08:10:01 PM,04/22/2013 08:10:25 PM,0.00,in,A
04/22/2013 08:12:51 AM,04/22/2013 08:12:55 AM,0.00,in,A
04/21/2013 08:15:40 PM,04/21/2013 08:15:55 PM,0.00,in,A
04/21/2013 08:18:30 AM,04/21/2013 08:18:55 AM,0.00,in,A
04/20/2013 08:21:19 PM,04/20/2013 08:21:25 PM,0.00,in,A
04/20/2013 08:24:09 AM,04/20/2013 08:24:25 AM,0.00,in,A
04/19/2013 08:26:58 PM,04/19/2013 08:27:25 PM,0.00,in,A
04/19/2013 08:29:47 AM,04/19/2013 08:29:55 AM,0.00,in,A
04/18/2013 08:32:36 PM,04/18/2013 08:32:55 PM,0.00,in,A
04/18/2013 08:35:28 AM,04/18/2013 08:35:53 AM,0.00,in,A
04/18/2013 05:32:39 AM,04/18/2013 05:32:53 AM,0.04,in,A
04/18/2013 05:28:15 AM,04/18/2013 05:28:23 AM,0.04,in,A
04/18/2013 05:25:35 AM,04/18/2013 05:25:53 AM,0.04,in,A
04/18/2013 04:16:01 AM,04/18/2013 04:16:23 AM,0.04,in,A
04/18/2013 03:20:04 AM,04/18/2013 03:20:23 AM,0.04,in,A
04/18/2013 01:28:04 AM,04/18/2013 01:28:24 AM,0.04,in,A
04/18/2013 01:12:52 AM,04/18/2013 01:12:53 AM,0.04,in,A
04/18/2013 01:03:43 AM,04/18/2013 01:03:53 AM,0.04,in,A
04/18/2013 12:57:17 AM,04/18/2013 12:57:23 AM,0.04,in,A
04/18/2013 12:49:55 AM,04/18/2013 12:50:23 AM,0.04,in,A
04/18/2013 12:38:28 AM,04/18/2013 12:38:53 AM,0.04,in,A
04/17/2013 11:29:58 PM,04/17/2013 11:30:23 PM,0.04,in,A
04/17/2013 11:08:42 PM,04/17/2013 11:08:53 PM,0.04,in,A
04/17/2013 10:54:26 PM,04/17/2013 10:54:53 PM,0.04,in,A
04/17/2013 10:48:39 PM,04/17/2013 10:48:53 PM,0.04,in,A
04/17/2013 10:29:35 PM,04/17/2013 10:29:53 PM,0.08,in,A
04/17/2013 08:38:18 PM,04/17/2013 08:38:23 PM,0.00,in,A
04/17/2013 12:20:48 PM,04/17/2013 12:20:53 PM,0.04,in,A
04/17/2013 11:06:51 AM,04/17/2013 11:06:53 AM,0.04,in,A
04/17/2013 10:49:49 AM,04/17/2013 10:49:53 AM,0.04,in,A
04/17/2013 09:58:43 AM,04/17/2013 09:58:53 AM,0.04,in,A
04/17/2013 08:41:07 AM,04/17/2013 08:41:23 AM,0.00,in,A
04/16/2013 08:43:57 PM,04/16/2013 08:44:23 PM,0.00,in,A
04/16/2013 08:46:45 AM,04/16/2013 08:47:03 AM,0.00,in,A
04/15/2013 08:49:35 PM,04/15/2013 08:50:03 PM,0.00,in,A
04/15/2013 08:52:24 AM,04/15/2013 08:52:33 AM,0.00,in,A
04/15/2013 05:19:14 AM,04/15/2013 05:19:33 AM,0.04,in,A
04/15/2013 04:44:59 AM,04/15/2013 04:45:03 AM,0.04,in,A
04/15/2013 04:05:44 AM,04/15/2013 04:06:03 AM,0.04,in,A
04/14/2013 08:55:14 PM,04/14/2013 08:55:33 PM,0.00,in,A
04/14/2013 07:51:55 PM,04/14/2013 07:52:03 PM,0.04,in,A
04/14/2013 07:30:08 PM,04/14/2013 07:30:33 PM,0.04,in,A
04/14/2013 08:58:03 AM,04/14/2013 08:58:03 AM,0.00,in,A
04/13/2013 09:00:53 PM,04/13/2013 09:01:03 PM,0.00,in,A
04/13/2013 09:03:43 AM,04/13/2013 09:04:03 AM,0.00,in,A
04/12/2013 09:06:32 PM,04/12/2013 09:06:33 PM,0.00,in,A
04/12/2013 09:09:22 AM,04/12/2013 09:09:33 AM,0.00,in,A
04/11/2013 09:12:13 PM,04/11/2013 09:12:33 PM,0.00,in,A
04/11/2013 09:15:03 AM,04/11/2013 09:15:03 AM,0.00,in,A
04/10/2013 09:19:36 PM,04/10/2013 09:20:03 PM,0.04,in,A
04/10/2013 09:17:53 PM,04/10/2013 09:18:03 PM,0.00,in,A
04/10/2013 05:24:19 PM,04/10/2013 05:24:33 PM,0.04,in,A
04/10/2013 05:11:59 PM,04/10/2013 05:12:03 PM,0.04,in,A
04/10/2013 04:07:45 PM,04/10/2013 04:08:03 PM,0.04,in,A
04/10/2013 03:19:15 PM,04/10/2013 03:19:33 PM,0.04,in,A
04/10/2013 03:01:49 PM,04/10/2013 03:02:03 PM,0.04,in,A
04/10/2013 02:48:21 PM,04/10/2013 02:48:33 PM,0.08,in,A
04/10/2013 12:32:22 PM,04/10/2013 12:32:33 PM,0.04,in,A
04/10/2013 12:22:47 PM,04/10/2013 12:23:03 PM,0.04,in,A
04/10/2013 11:01:34 AM,04/10/2013 11:02:03 AM,0.08,in,A
04/10/2013 10:21:31 AM,04/10/2013 10:21:33 AM,0.04,in,A
04/10/2013 10:12:35 AM,04/10/2013 10:13:03 AM,0.04,in,A
04/10/2013 09:38:00 AM,04/10/2013 09:38:03 AM,0.04,in,A
04/10/2013 09:21:16 AM,04/10/2013 09:21:33 AM,0.04,in,A
04/10/2013 09:20:43 AM,04/10/2013 09:21:03 AM,0.04,in,A
04/10/2013 04:40:43 AM,04/10/2013 04:41:03 AM,0.04,in,A
04/10/2013 04:37:39 AM,04/10/2013 04:38:03 AM,0.04,in,A
04/10/2013 04:32:57 AM,04/10/2013 04:33:04 AM,0.04,in,A
04/10/2013 04:30:27 AM,04/10/2013 04:30:33 AM,0.04,in,A
04/10/2013 04:28:41 AM,04/10/2013 04:29:03 AM,0.04,in,A
04/10/2013 04:16:52 AM,04/10/2013 04:17:03 AM,0.04,in,A
04/10/2013 03:59:52 AM,04/10/2013 04:00:03 AM,0.04,in,A
04/10/2013 02:33:28 AM,04/10/2013 02:33:33 AM,0.08,in,A
04/10/2013 02:26:59 AM,04/10/2013 02:27:03 AM,0.04,in,A
04/10/2013 02:14:31 AM,04/10/2013 02:14:33 AM,0.04,in,A
04/09/2013 10:58:49 PM,04/09/2013 10:59:03 PM,0.08,in,A
04/09/2013 10:49:27 PM,04/09/2013 10:49:33 PM,0.04,in,A
04/09/2013 10:48:37 PM,04/09/2013 10:49:03 PM,0.08,in,A
04/09/2013 10:47:09 PM,04/09/2013 10:47:33 PM,0.04,in,A
04/09/2013 10:45:34 PM,04/09/2013 10:46:03 PM,0.08,in,A
04/09/2013 10:43:48 PM,04/09/2013 10:44:03 PM,0.04,in,A
04/09/2013 10:43:15 PM,04/09/2013 10:43:33 PM,0.04,in,A
04/09/2013 10:42:19 PM,04/09/2013 10:42:33 PM,0.04,in,A
04/09/2013 10:41:14 PM,04/09/2013 10:41:33 PM,0.04,in,A
04/09/2013 10:34:10 PM,04/09/2013 10:34:33 PM,0.08,in,A
04/09/2013 10:30:14 PM,04/09/2013 10:30:33 PM,0.04,in,A
04/09/2013 10:09:24 PM,04/09/2013 10:09:33 PM,0.04,in,A
04/09/2013 09:46:30 PM,04/09/2013 09:46:33 PM,0.04,in,A
04/09/2013 09:23:34 PM,04/09/2013 09:24:03 PM,0.00,in,A
04/09/2013 09:26:25 AM,04/09/2013 09:26:33 AM,0.00,in,A
04/08/2013 09:29:15 PM,04/08/2013 09:29:33 PM,0.00,in,A
04/08/2013 09:32:05 AM,04/08/2013 09:32:33 AM,0.00,in,A
04/08/2013 02:01:57 AM,04/08/2013 02:02:03 AM,0.04,in,A
04/08/2013 01:58:15 AM,04/08/2013 01:58:33 AM,0.08,in,A
04/08/2013 01:54:41 AM,04/08/2013 01:55:03 AM,0.04,in,A
04/08/2013 01:45:43 AM,04/08/2013 01:46:04 AM,0.04,in,A
04/08/2013 01:41:48 AM,04/08/2013 01:42:04 AM,0.04,in,A
04/08/2013 01:39:41 AM,04/08/2013 01:40:03 AM,0.04,in,A
04/08/2013 01:37:34 AM,04/08/2013 01:38:03 AM,0.04,in,A
04/08/2013 12:02:17 AM,04/08/2013 12:02:33 AM,0.04,in,A
04/07/2013 09:34:54 PM,04/07/2013 09:35:03 PM,0.00,in,A
04/07/2013 09:26:50 PM,04/07/2013 09:27:03 PM,0.04,in,A
04/07/2013 09:24:34 PM,04/07/2013 09:25:03 PM,0.08,in,A
04/07/2013 09:05:55 PM,04/07/2013 09:06:03 PM,0.04,in,A
04/07/2013 08:15:59 PM,04/07/2013 08:16:03 PM,0.04,in,A
04/07/2013 09:37:44 AM,04/07/2013 09:38:03 AM,0.00,in,A
04/06/2013 09:40:33 PM,04/06/2013 09:40:33 PM,0.00,in,A
04/06/2013 09:43:22 AM,04/06/2013 09:43:33 AM,0.00,in,A
04/05/2013 09:46:12 PM,04/05/2013 09:46:33 PM,0.00,in,A
04/05/2013 09:49:01 AM,04/05/2013 09:49:03 AM,0.00,in,A
04/04/2013 09:51:53 PM,04/04/2013 09:52:03 PM,0.00,in,A
04/04/2013 09:54:43 AM,04/04/2013 09:55:03 AM,0.00,in,A
04/03/2013 09:57:32 PM,04/03/2013 09:57:33 PM,0.00,in,A
04/03/2013 10:00:21 AM,04/03/2013 10:00:33 AM,0.00,in,A
04/02/2013 10:03:10 PM,04/02/2013 10:03:34 PM,0.00,in,A
04/02/2013 10:06:00 AM,04/02/2013 10:06:03 AM,0.00,in,A
04/01/2013 10:11:39 AM,04/01/2013 10:12:03 AM,0.00,in,A
03/31/2013 10:14:28 PM,03/31/2013 10:14:33 PM,0.00,in,A
03/31/2013 10:17:18 AM,03/31/2013 10:17:33 AM,0.00,in,A
03/30/2013 10:20:09 PM,03/30/2013 10:20:33 PM,0.00,in,A
03/30/2013 10:22:58 AM,03/30/2013 10:23:03 AM,0.00,in,A
03/29/2013 10:25:49 PM,03/29/2013 10:26:03 PM,0.00,in,A
03/29/2013 10:28:39 AM,03/29/2013 10:29:03 AM,0.00,in,A
03/28/2013 10:31:28 PM,03/28/2013 10:31:33 PM,0.00,in,A
03/28/2013 10:34:17 AM,03/28/2013 10:34:33 AM,0.00,in,A
03/27/2013 10:37:07 PM,03/27/2013 10:37:33 PM,0.00,in,A
03/27/2013 10:39:58 AM,03/27/2013 10:40:03 AM,0.00,in,A
03/26/2013 10:42:48 PM,03/26/2013 10:43:03 PM,0.04,in,A
03/26/2013 03:00:28 PM,03/26/2013 03:00:33 PM,0.04,in,A
03/26/2013 02:40:56 PM,03/26/2013 02:41:03 PM,0.04,in,A
03/26/2013 02:16:58 PM,03/26/2013 02:17:03 PM,0.04,in,A
03/26/2013 02:03:45 PM,03/26/2013 02:04:03 PM,0.04,in,A
03/26/2013 01:46:54 PM,03/26/2013 01:47:03 PM,0.04,in,A
03/26/2013 01:23:03 PM,03/26/2013 01:23:03 PM,0.04,in,A
03/26/2013 01:11:07 PM,03/26/2013 01:11:33 PM,0.04,in,A
03/26/2013 12:44:22 PM,03/26/2013 12:44:33 PM,0.04,in,A
03/26/2013 11:23:36 AM,03/26/2013 11:24:03 AM,0.04,in,A
03/26/2013 10:45:37 AM,03/26/2013 10:46:03 AM,0.00,in,A
03/25/2013 10:48:27 PM,03/25/2013 10:48:33 PM,0.00,in,A
03/25/2013 03:58:03 PM,03/25/2013 03:58:03 PM,0.04,in,A
03/25/2013 10:51:16 AM,03/25/2013 10:51:33 AM,0.00,in,A
03/24/2013 10:54:05 PM,03/24/2013 10:54:33 PM,0.00,in,A
03/24/2013 03:47:46 PM,03/24/2013 03:48:03 PM,0.04,in,A
03/24/2013 02:09:56 PM,03/24/2013 02:10:03 PM,0.04,in,A
03/24/2013 10:56:55 AM,03/24/2013 10:57:03 AM,0.00,in,A
03/23/2013 10:59:45 PM,03/23/2013 11:00:03 PM,0.00,in,A
03/23/2013 04:55:59 PM,03/23/2013 04:56:03 PM,0.04,in,A
03/23/2013 11:02:35 AM,03/23/2013 11:03:03 AM,0.00,in,A
03/22/2013 11:05:24 PM,03/22/2013 11:05:33 PM,0.00,in,A
03/22/2013 02:21:45 PM,03/22/2013 02:22:03 PM,0.04,in,A
03/22/2013 11:08:13 AM,03/22/2013 11:08:33 AM,0.00,in,A
03/21/2013 11:11:02 PM,03/21/2013 11:11:03 PM,0.00,in,A
03/21/2013 11:13:51 AM,03/21/2013 11:14:03 AM,0.00,in,A
03/20/2013 11:16:40 PM,03/20/2013 11:17:03 PM,0.00,in,A
03/20/2013 11:19:29 AM,03/20/2013 11:19:33 AM,0.00,in,A
03/19/2013 11:22:17 PM,03/19/2013 11:22:33 PM,0.00,in,A
03/19/2013 04:33:08 PM,03/19/2013 04:33:33 PM,0.04,in,A
03/19/2013 11:25:06 AM,03/19/2013 11:25:33 AM,0.00,in,A
03/18/2013 11:27:55 PM,03/18/2013 11:28:03 PM,0.00,in,A
03/18/2013 11:30:44 AM,03/18/2013 11:31:03 AM,0.00,in,A
03/18/2013 05:41:11 AM,03/18/2013 05:41:33 AM,0.04,in,A
03/17/2013 11:33:33 PM,03/17/2013 11:33:33 PM,0.00,in,A
03/17/2013 08:04:47 PM,03/17/2013 08:05:03 PM,0.04,in,A
03/17/2013 07:36:31 PM,03/17/2013 07:36:33 PM,0.04,in,A
03/17/2013 07:04:14 PM,03/17/2013 07:04:33 PM,0.04,in,A
03/17/2013 02:52:44 PM,03/17/2013 02:53:03 PM,0.04,in,A
03/17/2013 12:36:17 PM,03/17/2013 12:36:33 PM,0.04,in,A
03/17/2013 11:36:23 AM,03/17/2013 11:36:33 AM,0.00,in,A
03/16/2013 11:39:13 PM,03/16/2013 11:39:33 PM,0.00,in,A
03/16/2013 11:42:03 AM,03/16/2013 11:42:33 AM,0.00,in,A
03/15/2013 11:44:53 PM,03/15/2013 11:45:03 PM,0.00,in,A
03/15/2013 11:47:43 AM,03/15/2013 11:48:03 AM,0.00,in,A
03/14/2013 11:50:32 PM,03/14/2013 11:50:33 PM,0.00,in,A
03/14/2013 11:53:22 AM,03/14/2013 11:53:33 AM,0.00,in,A
03/13/2013 11:56:11 PM,03/13/2013 11:56:33 PM,0.00,in,A
03/13/2013 11:59:00 AM,03/13/2013 11:59:03 AM,0.00,in,A
03/13/2013 12:01:49 AM,03/13/2013 12:02:03 AM,0.00,in,A
03/12/2013 12:04:38 PM,03/12/2013 12:05:03 PM,0.00,in,A
03/12/2013 12:07:27 AM,03/12/2013 12:07:33 AM,0.00,in,A
03/11/2013 12:10:15 PM,03/11/2013 12:10:33 PM,0.00,in,A
03/10/2013 12:15:55 PM,03/10/2013 12:16:03 PM,0.00,in,A
03/10/2013 10:05:05 AM,03/10/2013 10:05:33 AM,0.04,in,A
03/10/2013 09:44:35 AM,03/10/2013 09:45:03 AM,0.04,in,A
03/09/2013 11:18:44 PM,03/09/2013 11:19:03 PM,0.00,in,A
03/09/2013 09:23:46 PM,03/09/2013 09:24:03 PM,0.04,in,A
03/09/2013 07:49:48 PM,03/09/2013 07:50:03 PM,0.04,in,A
03/09/2013 07:43:50 PM,03/09/2013 07:44:03 PM,0.04,in,A
03/09/2013 07:40:30 PM,03/09/2013 07:40:34 PM,0.04,in,A
03/09/2013 07:38:44 PM,03/09/2013 07:39:03 PM,0.04,in,A
03/09/2013 07:34:07 PM,03/09/2013 07:34:34 PM,0.04,in,A
03/09/2013 07:22:47 PM,03/09/2013 07:23:03 PM,0.08,in,A
03/09/2013 07:18:49 PM,03/09/2013 07:19:03 PM,0.04,in,A
03/09/2013 07:16:45 PM,03/09/2013 07:17:03 PM,0.04,in,A
03/09/2013 06:41:21 PM,03/09/2013 06:41:33 PM,0.04,in,A
03/09/2013 06:29:39 PM,03/09/2013 06:30:03 PM,0.04,in,A
03/09/2013 06:22:22 PM,03/09/2013 06:22:33 PM,0.04,in,A
03/09/2013 06:13:50 PM,03/09/2013 06:14:03 PM,0.04,in,A
03/09/2013 05:50:33 PM,03/09/2013 05:50:33 PM,0.04,in,A
03/09/2013 05:41:37 PM,03/09/2013 05:42:03 PM,0.04,in,A
03/09/2013 05:32:36 PM,03/09/2013 05:33:03 PM,0.04,in,A
03/09/2013 04:23:23 PM,03/09/2013 04:23:33 PM,0.04,in,A
03/09/2013 11:21:34 AM,03/09/2013 11:22:03 AM,0.00,in,A
03/08/2013 11:24:23 PM,03/08/2013 11:24:33 PM,0.00,in,A
03/08/2013 11:27:14 AM,03/08/2013 11:27:33 AM,0.00,in,A
03/07/2013 11:30:04 PM,03/07/2013 11:30:33 PM,0.00,in,A
03/07/2013 11:32:53 AM,03/07/2013 11:33:03 AM,0.00,in,A
03/06/2013 11:35:45 PM,03/06/2013 11:36:03 PM,0.00,in,A
03/06/2013 11:38:34 AM,03/06/2013 11:39:03 AM,0.00,in,A
03/05/2013 11:41:25 PM,03/05/2013 11:41:33 PM,0.00,in,A
03/05/2013 11:44:16 AM,03/05/2013 11:44:33 AM,0.00,in,A
03/05/2013 01:40:43 AM,03/05/2013 01:41:03 AM,0.04,in,A
03/04/2013 11:47:06 PM,03/04/2013 11:47:33 PM,0.00,in,A
03/04/2013 11:49:55 AM,03/04/2013 11:50:03 AM,0.00,in,A
03/03/2013 11:52:45 PM,03/03/2013 11:53:04 PM,0.00,in,A
03/03/2013 01:14:56 PM,03/03/2013 01:15:03 PM,0.04,in,A
03/03/2013 12:50:22 PM,03/03/2013 12:50:33 PM,0.04,in,A
03/03/2013 12:33:07 PM,03/03/2013 12:33:33 PM,0.04,in,A
03/03/2013 12:11:56 PM,03/03/2013 12:12:03 PM,0.04,in,A
03/03/2013 11:55:34 AM,03/03/2013 11:56:03 AM,0.00,in,A
03/03/2013 11:47:23 AM,03/03/2013 11:47:33 AM,0.04,in,A
03/03/2013 10:51:07 AM,03/03/2013 10:51:33 AM,0.04,in,A
03/03/2013 09:50:09 AM,03/03/2013 09:50:33 AM,0.04,in,A
03/02/2013 11:58:24 PM,03/02/2013 11:58:33 PM,0.00,in,A
03/02/2013 03:59:39 PM,03/02/2013 04:00:03 PM,0.04,in,A
03/02/2013 12:01:13 PM,03/02/2013 12:01:33 PM,0.00,in,A
03/02/2013 10:34:20 AM,03/02/2013 10:34:33 AM,0.04,in,A
03/02/2013 12:04:04 AM,03/02/2013 12:04:33 AM,0.00,in,A
03/01/2013 12:06:53 PM,03/01/2013 12:07:03 PM,0.00,in,A
03/01/2013 12:09:42 AM,03/01/2013 12:10:03 AM,0.00,in,A
02/28/2013 12:12:31 PM,02/28/2013 12:12:33 PM,0.00,in,A
02/28/2013 12:15:20 AM,02/28/2013 12:15:33 AM,0.00,in,A
02/27/2013 05:22:11 PM,02/27/2013 05:22:33 PM,0.04,in,A
02/27/2013 03:06:41 PM,02/27/2013 03:07:03 PM,0.04,in,A
02/27/2013 12:48:29 PM,02/27/2013 12:48:33 PM,0.04,in,A
02/27/2013 12:18:10 PM,02/27/2013 12:18:33 PM,0.00,in,A
02/27/2013 11:28:37 AM,02/27/2013 11:29:03 AM,0.04,in,A
02/27/2013 10:03:06 AM,02/27/2013 10:03:33 AM,0.04,in,A
02/27/2013 12:21:00 AM,02/27/2013 12:21:03 AM,0.00,in,A
02/26/2013 12:23:49 PM,02/26/2013 12:24:03 PM,0.00,in,A
02/26/2013 12:26:41 AM,02/26/2013 12:27:03 AM,0.00,in,A
02/25/2013 11:49:57 PM,02/25/2013 11:50:03 PM,0.04,in,A
02/25/2013 09:10:28 PM,02/25/2013 09:10:33 PM,0.04,in,A
02/25/2013 12:29:29 PM,02/25/2013 12:29:33 PM,0.00,in,A
02/25/2013 12:32:20 AM,02/25/2013 12:32:33 AM,0.00,in,A
02/24/2013 12:35:10 PM,02/24/2013 12:35:33 PM,0.00,in,A
02/24/2013 12:24:12 PM,02/24/2013 12:24:33 PM,0.04,in,A
02/24/2013 11:58:03 AM,02/24/2013 11:58:03 AM,0.04,in,A
02/24/2013 11:40:34 AM,02/24/2013 11:41:03 AM,0.04,in,A
02/24/2013 11:16:06 AM,02/24/2013 11:16:33 AM,0.04,in,A
02/24/2013 10:51:52 AM,02/24/2013 10:52:03 AM,0.04,in,A
02/24/2013 10:26:28 AM,02/24/2013 10:26:33 AM,0.08,in,A
02/24/2013 12:38:00 AM,02/24/2013 12:38:03 AM,0.00,in,A
02/23/2013 05:22:48 PM,02/23/2013 05:23:03 PM,0.04,in,A
02/23/2013 04:17:05 PM,02/23/2013 04:17:33 PM,0.04,in,A
02/23/2013 03:32:53 PM,02/23/2013 03:33:03 PM,0.04,in,A
02/23/2013 02:52:28 PM,02/23/2013 02:52:33 PM,0.04,in,A
02/23/2013 12:40:49 PM,02/23/2013 12:41:03 PM,0.00,in,A
02/23/2013 12:43:38 AM,02/23/2013 12:44:03 AM,0.00,in,A
02/22/2013 01:12:40 PM,02/22/2013 01:13:03 PM,0.04,in,A
02/22/2013 12:46:28 PM,02/22/2013 12:46:33 PM,0.04,in,A
02/22/2013 12:49:19 AM,02/22/2013 12:49:33 AM,0.00,in,A
02/21/2013 12:52:08 PM,02/21/2013 12:52:33 PM,0.00,in,A
02/21/2013 12:54:58 AM,02/21/2013 12:55:03 AM,0.00,in,A
02/20/2013 12:57:49 PM,02/20/2013 12:58:03 PM,0.00,in,A
02/20/2013 01:00:38 AM,02/20/2013 01:01:03 AM,0.00,in,A
02/19/2013 01:03:27 PM,02/19/2013 01:03:33 PM,0.00,in,A
02/19/2013 01:06:17 AM,02/19/2013 01:06:33 AM,0.00,in,A
02/18/2013 01:09:06 PM,02/18/2013 01:09:33 PM,0.00,in,A
02/18/2013 11:26:35 AM,02/18/2013 11:27:03 AM,0.04,in,A
02/18/2013 01:11:55 AM,02/18/2013 01:12:03 AM,0.00,in,A
02/17/2013 01:14:45 PM,02/17/2013 01:15:03 PM,0.00,in,A
02/17/2013 01:17:34 AM,02/17/2013 01:18:03 AM,0.00,in,A
02/16/2013 01:20:24 PM,02/16/2013 01:20:33 PM,0.00,in,A
02/16/2013 01:23:13 AM,02/16/2013 01:23:33 AM,0.00,in,A
02/15/2013 01:26:02 PM,02/15/2013 01:26:03 PM,0.00,in,A
02/15/2013 01:28:52 AM,02/15/2013 01:29:03 AM,0.00,in,A
02/14/2013 01:31:41 PM,02/14/2013 01:32:03 PM,0.00,in,A
02/14/2013 01:34:30 AM,02/14/2013 01:34:33 AM,0.00,in,A
02/13/2013 01:37:19 PM,02/13/2013 01:37:33 PM,0.00,in,A
02/13/2013 01:40:08 AM,02/13/2013 01:40:33 AM,0.00,in,A
02/12/2013 01:42:57 PM,02/12/2013 01:43:03 PM,0.00,in,A
02/12/2013 01:45:46 AM,02/12/2013 01:46:03 AM,0.00,in,A
02/11/2013 01:48:35 PM,02/11/2013 01:49:03 PM,0.00,in,A
02/11/2013 01:51:24 AM,02/11/2013 01:51:33 AM,0.00,in,A
02/10/2013 01:54:13 PM,02/10/2013 01:54:33 PM,0.00,in,A
02/10/2013 03:33:08 AM,02/10/2013 03:33:33 AM,0.04,in,A
02/10/2013 03:21:03 AM,02/10/2013 03:21:03 AM,0.04,in,A
02/10/2013 01:57:02 AM,02/10/2013 01:57:03 AM,0.00,in,A
02/09/2013 07:10:13 PM,02/09/2013 07:10:33 PM,0.04,in,A
02/09/2013 01:59:52 PM,02/09/2013 02:00:03 PM,0.00,in,A
02/09/2013 02:02:40 AM,02/09/2013 02:03:03 AM,0.00,in,A
02/08/2013 02:08:18 AM,02/08/2013 02:08:33 AM,0.00,in,A
02/07/2013 02:11:07 PM,02/07/2013 02:11:33 PM,0.00,in,A
02/07/2013 10:47:34 AM,02/07/2013 10:48:03 AM,0.04,in,A
02/07/2013 09:09:16 AM,02/07/2013 09:09:33 AM,0.04,in,A
02/07/2013 08:37:07 AM,02/07/2013 08:37:33 AM,0.04,in,A
02/07/2013 08:15:58 AM,02/07/2013 08:16:03 AM,0.04,in,A
02/07/2013 07:22:00 AM,02/07/2013 07:22:03 AM,0.04,in,A
02/07/2013 07:01:38 AM,02/07/2013 07:02:03 AM,0.04,in,A
02/07/2013 06:52:23 AM,02/07/2013 06:52:33 AM,0.04,in,A
02/07/2013 06:42:33 AM,02/07/2013 06:42:33 AM,0.04,in,A
02/07/2013 06:30:29 AM,02/07/2013 06:30:34 AM,0.04,in,A
02/07/2013 06:23:52 AM,02/07/2013 06:24:03 AM,0.04,in,A
02/07/2013 06:13:17 AM,02/07/2013 06:13:34 AM,0.04,in,A
02/07/2013 06:03:00 AM,02/07/2013 06:03:03 AM,0.12,in,A
02/07/2013 05:42:54 AM,02/07/2013 05:43:03 AM,0.04,in,A
02/07/2013 05:35:30 AM,02/07/2013 05:35:33 AM,0.04,in,A
02/07/2013 05:23:30 AM,02/07/2013 05:23:33 AM,0.08,in,A
02/07/2013 05:05:17 AM,02/07/2013 05:05:33 AM,0.04,in,A
02/07/2013 04:57:07 AM,02/07/2013 04:57:33 AM,0.04,in,A
02/07/2013 04:44:44 AM,02/07/2013 04:45:03 AM,0.04,in,A
02/07/2013 04:31:34 AM,02/07/2013 04:32:03 AM,0.04,in,A
02/07/2013 04:15:17 AM,02/07/2013 04:15:33 AM,0.04,in,A
02/07/2013 02:13:58 AM,02/07/2013 02:14:03 AM,0.00,in,A
02/06/2013 02:16:48 PM,02/06/2013 02:17:03 PM,0.00,in,A
02/06/2013 02:19:38 AM,02/06/2013 02:20:03 AM,0.00,in,A
02/05/2013 02:22:28 PM,02/05/2013 02:22:33 PM,0.00,in,A
02/05/2013 02:25:18 AM,02/05/2013 02:25:33 AM,0.00,in,A
02/04/2013 02:28:08 PM,02/04/2013 02:28:33 PM,0.00,in,A
02/04/2013 02:30:57 AM,02/04/2013 02:31:03 AM,0.00,in,A
02/03/2013 02:33:47 PM,02/03/2013 02:34:03 PM,0.00,in,A
02/03/2013 02:36:38 AM,02/03/2013 02:37:03 AM,0.00,in,A
02/02/2013 02:39:28 PM,02/02/2013 02:39:34 PM,0.00,in,A
02/02/2013 02:42:19 AM,02/02/2013 02:42:33 AM,0.00,in,A
02/01/2013 02:45:08 PM,02/01/2013 02:45:33 PM,0.00,in,A
02/01/2013 02:47:57 AM,02/01/2013 02:48:03 AM,0.00,in,A
01/31/2013 02:50:46 PM,01/31/2013 02:51:03 PM,0.00,in,A
01/31/2013 02:53:35 AM,01/31/2013 02:54:03 AM,0.00,in,A
01/30/2013 02:56:24 PM,01/30/2013 02:56:33 PM,0.00,in,A
01/30/2013 02:59:12 AM,01/30/2013 02:59:33 AM,0.00,in,A
01/30/2013 01:06:19 AM,01/30/2013 01:06:33 AM,0.04,in,A
01/29/2013 10:12:45 PM,01/29/2013 10:13:03 PM,0.04,in,A
01/29/2013 09:29:18 PM,01/29/2013 09:29:33 PM,0.04,in,A
01/29/2013 09:14:09 PM,01/29/2013 09:14:33 PM,0.04,in,A
01/29/2013 07:49:36 PM,01/29/2013 07:50:03 PM,0.04,in,A
01/29/2013 07:38:15 PM,01/29/2013 07:38:33 PM,0.04,in,A
01/29/2013 07:24:37 PM,01/29/2013 07:25:03 PM,0.04,in,A
01/29/2013 07:14:00 PM,01/29/2013 07:14:03 PM,0.04,in,A
01/29/2013 06:54:33 PM,01/29/2013 06:55:03 PM,0.08,in,A
01/29/2013 01:48:48 PM,01/29/2013 01:49:03 PM,0.04,in,A
01/29/2013 01:25:27 PM,01/29/2013 01:25:33 PM,0.04,in,A
01/29/2013 12:37:12 PM,01/29/2013 12:37:33 PM,0.04,in,A
01/29/2013 12:18:34 PM,01/29/2013 12:19:03 PM,0.04,in,A
01/29/2013 12:02:10 PM,01/29/2013 12:02:33 PM,0.04,in,A
01/29/2013 11:15:46 AM,01/29/2013 11:16:03 AM,0.04,in,A
01/29/2013 11:07:01 AM,01/29/2013 11:07:03 AM,0.04,in,A
01/29/2013 10:58:58 AM,01/29/2013 10:59:04 AM,0.04,in,A
01/29/2013 10:52:34 AM,01/29/2013 10:53:03 AM,0.04,in,A
01/29/2013 10:45:10 AM,01/29/2013 10:45:33 AM,0.08,in,A
01/29/2013 10:29:32 AM,01/29/2013 10:29:33 AM,0.04,in,A
01/29/2013 10:21:32 AM,01/29/2013 10:21:33 AM,0.08,in,A
01/29/2013 10:11:48 AM,01/29/2013 10:12:03 AM,0.04,in,A
01/29/2013 10:02:54 AM,01/29/2013 10:03:03 AM,0.04,in,A
01/29/2013 09:54:37 AM,01/29/2013 09:55:03 AM,0.04,in,A
01/29/2013 09:46:19 AM,01/29/2013 09:46:33 AM,0.04,in,A
01/29/2013 09:37:14 AM,01/29/2013 09:37:33 AM,0.08,in,A
01/29/2013 09:20:09 AM,01/29/2013 09:20:33 AM,0.04,in,A
01/29/2013 09:10:36 AM,01/29/2013 09:11:03 AM,0.04,in,A
01/29/2013 09:02:09 AM,01/29/2013 09:02:33 AM,0.04,in,A
01/29/2013 08:51:23 AM,01/29/2013 08:51:33 AM,0.04,in,A
01/29/2013 08:44:04 AM,01/29/2013 08:44:33 AM,0.04,in,A
01/29/2013 08:41:19 AM,01/29/2013 08:41:33 AM,0.04,in,A
01/29/2013 08:35:21 AM,01/29/2013 08:35:33 AM,0.04,in,A
01/29/2013 08:32:00 AM,01/29/2013 08:32:03 AM,0.04,in,A
01/29/2013 08:28:04 AM,01/29/2013 08:28:33 AM,0.04,in,A
01/29/2013 08:23:37 AM,01/29/2013 08:24:03 AM,0.04,in,A
01/29/2013 08:19:05 AM,01/29/2013 08:19:33 AM,0.04,in,A
01/29/2013 08:15:03 AM,01/29/2013 08:15:33 AM,0.04,in,A
01/29/2013 08:11:12 AM,01/29/2013 08:11:33 AM,0.04,in,A
01/28/2013 03:07:41 PM,01/28/2013 03:08:03 PM,0.00,in,A
01/28/2013 03:10:30 AM,01/28/2013 03:10:33 AM,0.00,in,A
01/27/2013 03:13:19 PM,01/27/2013 03:13:33 PM,0.00,in,A
01/27/2013 03:16:08 AM,01/27/2013 03:16:33 AM,0.00,in,A
01/27/2013 02:28:41 AM,01/27/2013 02:29:03 AM,0.04,in,A
01/27/2013 01:25:48 AM,01/27/2013 01:26:03 AM,0.04,in,A
01/26/2013 03:18:58 PM,01/26/2013 03:19:03 PM,0.00,in,A
01/26/2013 03:21:47 AM,01/26/2013 03:22:03 AM,0.00,in,A
01/25/2013 03:24:36 PM,01/25/2013 03:25:03 PM,0.00,in,A
01/25/2013 03:27:24 AM,01/25/2013 03:27:33 AM,0.00,in,A
01/24/2013 03:30:13 PM,01/24/2013 03:30:33 PM,0.00,in,A
01/24/2013 03:33:01 AM,01/24/2013 03:33:03 AM,0.00,in,A
01/23/2013 03:35:50 PM,01/23/2013 03:36:03 PM,0.00,in,A
01/23/2013 03:38:40 AM,01/23/2013 03:39:03 AM,0.00,in,A
01/22/2013 03:41:29 PM,01/22/2013 03:41:33 PM,0.00,in,A
01/22/2013 03:44:19 AM,01/22/2013 03:44:33 AM,0.00,in,A
01/21/2013 03:47:09 PM,01/21/2013 03:47:33 PM,0.00,in,A
01/21/2013 03:49:58 AM,01/21/2013 03:50:03 AM,0.00,in,A
01/20/2013 03:52:47 PM,01/20/2013 03:53:03 PM,0.00,in,A
01/20/2013 03:55:36 AM,01/20/2013 03:56:03 AM,0.00,in,A
01/19/2013 03:58:25 PM,01/19/2013 03:58:33 PM,0.00,in,A
01/19/2013 04:01:13 AM,01/19/2013 04:01:33 AM,0.00,in,A
01/18/2013 04:04:02 PM,01/18/2013 04:04:03 PM,0.00,in,A
01/18/2013 04:06:51 AM,01/18/2013 04:07:03 AM,0.00,in,A
01/17/2013 04:09:42 PM,01/17/2013 04:10:04 PM,0.00,in,A
01/17/2013 04:12:30 AM,01/17/2013 04:12:33 AM,0.00,in,A
01/16/2013 04:15:19 PM,01/16/2013 04:15:33 PM,0.00,in,A
01/16/2013 04:18:07 AM,01/16/2013 04:18:33 AM,0.00,in,A
01/15/2013 04:20:56 PM,01/15/2013 04:21:03 PM,0.00,in,A
01/15/2013 04:23:44 AM,01/15/2013 04:24:03 AM,0.00,in,A
01/14/2013 04:26:33 PM,01/14/2013 04:26:33 PM,0.00,in,A
01/14/2013 04:29:24 AM,01/14/2013 04:29:33 AM,0.00,in,A
01/13/2013 04:32:14 PM,01/13/2013 04:32:33 PM,0.00,in,A
01/13/2013 04:35:04 AM,01/13/2013 04:35:33 AM,0.00,in,A
01/12/2013 04:37:53 PM,01/12/2013 04:38:03 PM,0.00,in,A
01/12/2013 04:40:42 AM,01/12/2013 04:41:03 AM,0.00,in,A
01/11/2013 04:43:31 PM,01/11/2013 04:43:33 PM,0.00,in,A
01/11/2013 04:46:20 AM,01/11/2013 04:46:33 AM,0.00,in,A
01/10/2013 06:17:07 PM,01/10/2013 06:17:33 PM,0.04,in,A
01/10/2013 06:04:30 PM,01/10/2013 06:04:33 PM,0.04,in,A
01/10/2013 05:58:47 PM,01/10/2013 05:59:03 PM,0.04,in,A
01/10/2013 05:47:21 PM,01/10/2013 05:47:33 PM,0.04,in,A
01/10/2013 04:49:09 PM,01/10/2013 04:49:33 PM,0.00,in,A
01/10/2013 04:11:15 PM,01/10/2013 04:11:33 PM,0.04,in,A
01/10/2013 03:56:02 PM,01/10/2013 03:56:03 PM,0.04,in,A
01/10/2013 11:47:44 AM,01/10/2013 11:48:03 AM,0.04,in,A
01/10/2013 07:49:13 AM,01/10/2013 07:49:33 AM,0.04,in,A
01/10/2013 04:51:58 AM,01/10/2013 04:52:03 AM,0.00,in,A
01/09/2013 04:54:46 PM,01/09/2013 04:55:03 PM,0.00,in,A
01/09/2013 04:57:35 AM,01/09/2013 04:58:03 AM,0.00,in,A
01/08/2013 05:00:24 PM,01/08/2013 05:00:33 PM,0.00,in,A
01/08/2013 05:03:13 AM,01/08/2013 05:03:33 AM,0.00,in,A
01/07/2013 05:06:02 PM,01/07/2013 05:06:03 PM,0.00,in,A
01/07/2013 05:08:50 AM,01/07/2013 05:09:03 AM,0.00,in,A
01/06/2013 05:11:39 PM,01/06/2013 05:12:03 PM,0.00,in,A
01/06/2013 05:14:28 AM,01/06/2013 05:14:33 AM,0.00,in,A
01/05/2013 05:17:17 PM,01/05/2013 05:17:33 PM,0.00,in,A
01/05/2013 05:20:05 AM,01/05/2013 05:20:33 AM,0.00,in,A
01/04/2013 05:22:54 PM,01/04/2013 05:23:03 PM,0.00,in,A
01/04/2013 05:25:43 AM,01/04/2013 05:26:03 AM,0.00,in,A
01/03/2013 05:28:31 PM,01/03/2013 05:28:33 PM,0.00,in,A
01/03/2013 05:31:20 AM,01/03/2013 05:31:33 AM,0.00,in,A
01/02/2013 05:34:08 PM,01/02/2013 05:34:33 PM,0.00,in,A
01/02/2013 05:36:57 AM,01/02/2013 05:37:03 AM,0.00,in,A
01/01/2013 05:39:45 PM,01/01/2013 05:40:03 PM,0.00,in,A
01/01/2013 12:34:50 PM,01/01/2013 12:35:03 PM,0.04,in,A
01/01/2013 11:15:52 AM,01/01/2013 11:16:03 AM,0.04,in,A
01/01/2013 05:42:35 AM,01/01/2013 05:43:03 AM,0.00,in,A
12/31/2012 05:45:25 PM,12/31/2012 05:45:33 PM,0.00,in,A
12/31/2012 01:05:12 PM,12/31/2012 01:05:33 PM,0.08,in,A
12/31/2012 12:16:14 PM,12/31/2012 12:16:33 PM,0.04,in,A
12/31/2012 05:48:14 AM,12/31/2012 05:48:33 AM,0.00,in,A
12/30/2012 05:53:52 AM,12/30/2012 05:54:03 AM,0.00,in,A
12/29/2012 05:56:40 PM,12/29/2012 05:57:03 PM,0.00,in,A
12/29/2012 05:59:29 AM,12/29/2012 05:59:33 AM,0.00,in,A
12/28/2012 06:02:17 PM,12/28/2012 06:02:33 PM,0.00,in,A
12/28/2012 06:05:06 AM,12/28/2012 06:05:33 AM,0.00,in,A
12/27/2012 06:07:55 PM,12/27/2012 06:08:40 PM,0.00,in,A
12/27/2012 06:10:43 AM,12/27/2012 06:11:03 AM,0.00,in,A
12/26/2012 06:13:32 PM,12/26/2012 06:13:33 PM,0.00,in,A
12/26/2012 06:16:21 AM,12/26/2012 06:16:33 AM,0.00,in,A
12/25/2012 06:19:11 PM,12/25/2012 06:19:33 PM,0.00,in,A
12/25/2012 06:21:59 AM,12/25/2012 06:22:03 AM,0.00,in,A
12/24/2012 06:27:41 AM,12/24/2012 06:28:03 AM,0.00,in,A
12/23/2012 06:30:30 PM,12/23/2012 06:30:33 PM,0.00,in,A
12/23/2012 06:33:19 AM,12/23/2012 06:33:33 AM,0.00,in,A
12/22/2012 06:36:07 PM,12/22/2012 06:36:33 PM,0.00,in,A
12/22/2012 06:38:59 AM,12/22/2012 06:39:03 AM,0.00,in,A
12/21/2012 06:41:49 PM,12/21/2012 06:42:03 PM,0.00,in,A
12/21/2012 09:59:48 AM,12/21/2012 10:00:03 AM,0.04,in,A
12/21/2012 06:44:39 AM,12/21/2012 06:45:03 AM,0.00,in,A
12/20/2012 06:47:28 PM,12/20/2012 06:47:33 PM,0.00,in,A
12/20/2012 06:50:17 AM,12/20/2012 06:50:33 AM,0.00,in,A
12/20/2012 03:02:06 AM,12/20/2012 03:02:33 AM,0.04,in,A
12/20/2012 02:17:16 AM,12/20/2012 02:17:33 AM,0.04,in,A
12/20/2012 02:13:24 AM,12/20/2012 02:13:33 AM,0.04,in,A
12/20/2012 02:03:21 AM,12/20/2012 02:03:33 AM,0.04,in,A
12/19/2012 10:15:39 PM,12/19/2012 10:16:03 PM,0.04,in,A
12/19/2012 10:13:26 PM,12/19/2012 10:13:33 PM,0.04,in,A
12/19/2012 06:53:06 PM,12/19/2012 06:53:33 PM,0.00,in,A
12/19/2012 06:55:57 AM,12/19/2012 06:56:03 AM,0.00,in,A
12/18/2012 06:58:47 PM,12/18/2012 06:59:03 PM,0.00,in,A
12/18/2012 07:01:37 AM,12/18/2012 07:02:03 AM,0.00,in,A
12/17/2012 07:04:26 PM,12/17/2012 07:04:33 PM,0.00,in,A
12/17/2012 07:07:17 AM,12/17/2012 07:07:33 AM,0.00,in,A
12/16/2012 07:10:08 PM,12/16/2012 07:10:33 PM,0.00,in,A
12/16/2012 07:12:58 AM,12/16/2012 07:13:03 AM,0.00,in,A
12/15/2012 07:15:49 PM,12/15/2012 07:16:03 PM,0.00,in,A
12/15/2012 07:18:38 AM,12/15/2012 07:19:03 AM,0.00,in,A
12/15/2012 05:54:39 AM,12/15/2012 05:55:03 AM,0.04,in,A
12/15/2012 12:14:51 AM,12/15/2012 12:15:03 AM,0.04,in,A
12/14/2012 11:28:52 PM,12/14/2012 11:29:03 PM,0.04,in,A
12/14/2012 11:19:35 PM,12/14/2012 11:20:03 PM,0.04,in,A
12/14/2012 11:02:49 PM,12/14/2012 11:03:03 PM,0.04,in,A
12/14/2012 10:57:34 PM,12/14/2012 10:58:03 PM,0.04,in,A
12/14/2012 10:29:26 PM,12/14/2012 10:29:33 PM,0.04,in,A
12/14/2012 10:20:35 PM,12/14/2012 10:21:03 PM,0.04,in,A
12/14/2012 10:11:07 PM,12/14/2012 10:11:33 PM,0.04,in,A
12/14/2012 09:59:19 PM,12/14/2012 09:59:33 PM,0.04,in,A
12/14/2012 09:43:51 PM,12/14/2012 09:44:03 PM,0.04,in,A
12/14/2012 07:21:28 PM,12/14/2012 07:21:33 PM,0.00,in,A
12/14/2012 07:24:19 AM,12/14/2012 07:24:33 AM,0.00,in,A
12/13/2012 07:27:08 PM,12/13/2012 07:27:33 PM,0.00,in,A
12/13/2012 07:29:57 AM,12/13/2012 07:30:03 AM,0.00,in,A
12/12/2012 07:32:47 PM,12/12/2012 07:33:03 PM,0.00,in,A
12/12/2012 07:35:37 AM,12/12/2012 07:36:03 AM,0.00,in,A
12/11/2012 07:38:27 PM,12/11/2012 07:38:33 PM,0.00,in,A
12/11/2012 07:41:16 AM,12/11/2012 07:41:33 AM,0.00,in,A
12/10/2012 07:44:05 PM,12/10/2012 07:44:33 PM,0.00,in,A
12/10/2012 07:46:54 AM,12/10/2012 07:47:03 AM,0.00,in,A
12/09/2012 07:49:43 PM,12/09/2012 07:50:03 PM,0.00,in,A
12/09/2012 07:52:32 AM,12/09/2012 07:52:33 AM,0.00,in,A
12/08/2012 08:50:03 PM,12/08/2012 08:50:33 PM,0.04,in,A
12/08/2012 07:55:21 PM,12/08/2012 07:55:33 PM,0.00,in,A
12/08/2012 07:58:11 AM,12/08/2012 07:58:33 AM,0.00,in,A
12/07/2012 08:01:00 PM,12/07/2012 08:01:03 PM,0.00,in,A
12/07/2012 08:03:49 AM,12/07/2012 08:04:03 AM,0.00,in,A
12/06/2012 08:06:38 PM,12/06/2012 08:07:03 PM,0.00,in,A
12/06/2012 08:09:27 AM,12/06/2012 08:09:33 AM,0.00,in,A
12/05/2012 08:12:16 PM,12/05/2012 08:12:33 PM,0.00,in,A
12/05/2012 08:15:05 AM,12/05/2012 08:15:33 AM,0.00,in,A
12/04/2012 08:17:54 PM,12/04/2012 08:18:03 PM,0.00,in,A
12/04/2012 08:20:44 AM,12/04/2012 08:21:03 AM,0.00,in,A
12/03/2012 08:23:33 PM,12/03/2012 08:23:33 PM,0.00,in,A
12/03/2012 08:26:22 AM,12/03/2012 08:26:33 AM,0.00,in,A
12/02/2012 08:29:11 PM,12/02/2012 08:29:33 PM,0.00,in,A
12/02/2012 08:32:01 AM,12/02/2012 08:32:03 AM,0.00,in,A
12/01/2012 08:34:50 PM,12/01/2012 08:35:03 PM,0.00,in,A
12/01/2012 08:37:39 AM,12/01/2012 08:38:03 AM,0.00,in,A
11/30/2012 08:40:28 PM,11/30/2012 08:40:33 PM,0.00,in,A
11/30/2012 08:43:20 AM,11/30/2012 08:43:33 AM,0.00,in,A
11/29/2012 08:46:09 PM,11/29/2012 08:46:33 PM,0.00,in,A
11/29/2012 08:48:58 AM,11/29/2012 08:49:03 AM,0.00,in,A
11/28/2012 08:51:49 PM,11/28/2012 08:52:03 PM,0.00,in,A
11/28/2012 08:54:39 AM,11/28/2012 08:55:03 AM,0.00,in,A
11/27/2012 08:57:29 PM,11/27/2012 08:57:33 PM,0.00,in,A
11/26/2012 09:03:07 PM,11/26/2012 09:03:33 PM,0.00,in,A
11/26/2012 09:05:57 AM,11/26/2012 09:06:03 AM,0.00,in,A
11/25/2012 09:08:47 PM,11/25/2012 09:09:03 PM,0.00,in,A
11/25/2012 09:11:36 AM,11/25/2012 09:12:03 AM,0.00,in,A
11/24/2012 09:14:26 PM,11/24/2012 09:14:33 PM,0.00,in,A
11/24/2012 09:17:15 AM,11/24/2012 09:17:33 AM,0.00,in,A
11/23/2012 09:20:04 PM,11/23/2012 09:20:33 PM,0.00,in,A
11/23/2012 09:22:53 AM,11/23/2012 09:23:03 AM,0.00,in,A
11/22/2012 09:25:42 PM,11/22/2012 09:26:03 PM,0.00,in,A
11/22/2012 09:28:31 AM,11/22/2012 09:28:33 AM,0.00,in,A
11/21/2012 09:31:21 PM,11/21/2012 09:31:33 PM,0.00,in,A
11/21/2012 09:34:10 AM,11/21/2012 09:34:33 AM,0.00,in,A
11/20/2012 09:36:59 PM,11/20/2012 09:37:03 PM,0.00,in,A
11/20/2012 09:39:48 AM,11/20/2012 09:40:03 AM,0.00,in,A
11/19/2012 09:42:37 PM,11/19/2012 09:43:03 PM,0.00,in,A
11/19/2012 09:45:27 AM,11/19/2012 09:45:33 AM,0.00,in,A
11/19/2012 06:18:05 AM,11/19/2012 06:18:33 AM,0.04,in,A
11/18/2012 09:48:16 PM,11/18/2012 09:48:33 PM,0.00,in,A
11/18/2012 09:51:05 AM,11/18/2012 09:51:33 AM,0.00,in,A
11/17/2012 09:53:55 PM,11/17/2012 09:54:03 PM,0.00,in,A
11/17/2012 09:56:44 AM,11/17/2012 09:57:03 AM,0.00,in,A
11/16/2012 09:59:33 PM,11/16/2012 09:59:33 PM,0.00,in,A
11/16/2012 10:02:23 AM,11/16/2012 10:02:33 AM,0.00,in,A
11/15/2012 10:05:12 PM,11/15/2012 10:05:33 PM,0.00,in,A
11/15/2012 10:08:01 AM,11/15/2012 10:08:03 AM,0.00,in,A
11/14/2012 10:10:50 PM,11/14/2012 10:11:03 PM,0.00,in,A
11/14/2012 10:13:39 AM,11/14/2012 10:14:03 AM,0.00,in,A
11/13/2012 10:16:28 PM,11/13/2012 10:16:33 PM,0.00,in,A
11/13/2012 10:19:18 AM,11/13/2012 10:19:33 AM,0.00,in,A
11/12/2012 10:22:06 PM,11/12/2012 10:22:33 PM,0.00,in,A
11/12/2012 10:24:56 AM,11/12/2012 10:25:03 AM,0.00,in,A
11/11/2012 10:27:45 PM,11/11/2012 10:28:03 PM,0.00,in,A
11/11/2012 11:35:58 AM,11/11/2012 11:36:03 AM,0.04,in,A
11/11/2012 11:30:14 AM,11/11/2012 11:30:33 AM,0.04,in,A
11/11/2012 11:14:55 AM,11/11/2012 11:15:03 AM,0.04,in,A
11/11/2012 11:07:32 AM,11/11/2012 11:07:33 AM,0.04,in,A
11/11/2012 11:01:06 AM,11/11/2012 11:01:33 AM,0.04,in,A
11/11/2012 10:55:24 AM,11/11/2012 10:55:33 AM,0.04,in,A
11/11/2012 10:43:22 AM,11/11/2012 10:43:33 AM,0.04,in,A
11/11/2012 10:36:30 AM,11/11/2012 10:36:33 AM,0.04,in,A
11/11/2012 10:30:34 AM,11/11/2012 10:31:04 AM,0.00,in,A
11/11/2012 10:29:56 AM,11/11/2012 10:30:03 AM,0.04,in,A
11/11/2012 10:23:03 AM,11/11/2012 10:23:04 AM,0.04,in,A
11/11/2012 10:13:09 AM,11/11/2012 10:13:33 AM,0.04,in,A
11/11/2012 10:02:58 AM,11/11/2012 10:03:03 AM,0.04,in,A
11/11/2012 09:46:10 AM,11/11/2012 09:46:33 AM,0.04,in,A
11/11/2012 09:07:59 AM,11/11/2012 09:08:03 AM,0.04,in,A
11/11/2012 08:46:15 AM,11/11/2012 08:46:33 AM,0.04,in,A
11/11/2012 08:36:16 AM,11/11/2012 08:36:33 AM,0.04,in,A
11/11/2012 08:29:16 AM,11/11/2012 08:29:33 AM,0.04,in,A
11/11/2012 08:22:18 AM,11/11/2012 08:22:33 AM,0.08,in,A
11/11/2012 08:09:08 AM,11/11/2012 08:09:33 AM,0.04,in,A
11/11/2012 07:53:41 AM,11/11/2012 07:54:03 AM,0.04,in,A
11/11/2012 07:44:27 AM,11/11/2012 07:44:33 AM,0.04,in,A
11/11/2012 07:30:57 AM,11/11/2012 07:31:03 AM,0.04,in,A
11/11/2012 07:12:22 AM,11/11/2012 07:12:33 AM,0.04,in,A
11/11/2012 07:01:53 AM,11/11/2012 07:02:04 AM,0.04,in,A
11/11/2012 06:52:02 AM,11/11/2012 06:52:04 AM,0.04,in,A
11/11/2012 06:26:45 AM,11/11/2012 06:30:14 AM,0.04,in,A
11/11/2012 06:15:27 AM,11/11/2012 06:15:33 AM,0.04,in,A
11/11/2012 06:11:17 AM,11/11/2012 06:11:39 AM,0.04,in,A
11/11/2012 06:08:16 AM,11/11/2012 06:08:34 AM,0.04,in,A
11/11/2012 06:02:16 AM,11/11/2012 06:02:34 AM,0.04,in,A
11/11/2012 05:59:47 AM,11/11/2012 06:00:03 AM,0.04,in,A
11/11/2012 05:57:26 AM,11/11/2012 05:57:34 AM,0.16,in,A
11/11/2012 05:28:11 AM,11/11/2012 05:28:33 AM,0.04,in,A
11/11/2012 04:58:38 AM,11/11/2012 04:59:03 AM,0.04,in,A
11/11/2012 04:20:57 AM,11/11/2012 04:21:03 AM,0.04,in,A
11/11/2012 04:13:19 AM,11/11/2012 04:13:33 AM,0.04,in,A
11/10/2012 10:33:24 PM,11/10/2012 10:33:33 PM,0.00,in,A
11/10/2012 10:36:13 AM,11/10/2012 10:36:33 AM,0.00,in,A
11/09/2012 10:39:04 PM,11/09/2012 10:39:33 PM,0.00,in,A
11/09/2012 10:41:53 AM,11/09/2012 10:42:03 AM,0.00,in,A
11/08/2012 10:44:42 PM,11/08/2012 10:45:03 PM,0.00,in,A
11/08/2012 10:47:31 AM,11/08/2012 10:47:33 AM,0.00,in,A
11/07/2012 10:50:21 PM,11/07/2012 10:50:33 PM,0.00,in,A
11/07/2012 10:53:10 AM,11/07/2012 10:53:33 AM,0.00,in,A
11/06/2012 10:55:59 PM,11/06/2012 10:56:03 PM,0.00,in,A
11/06/2012 10:58:48 AM,11/06/2012 10:59:03 AM,0.00,in,A
11/05/2012 11:01:37 PM,11/05/2012 11:02:03 PM,0.00,in,A
11/05/2012 11:04:27 AM,11/05/2012 11:04:33 AM,0.00,in,A
11/05/2012 05:41:08 AM,11/05/2012 05:41:33 AM,0.04,in,A
11/04/2012 11:07:16 PM,11/04/2012 11:07:33 PM,0.00,in,A
11/04/2012 11:10:05 AM,11/04/2012 11:10:33 AM,0.00,in,A
11/04/2012 12:12:54 AM,11/04/2012 12:13:03 AM,0.00,in,A
11/03/2012 12:15:44 PM,11/03/2012 12:16:03 PM,0.00,in,A
11/03/2012 12:18:33 AM,11/03/2012 12:18:33 AM,0.00,in,A
11/02/2012 12:21:22 PM,11/02/2012 12:21:33 PM,0.00,in,A
11/02/2012 12:24:11 AM,11/02/2012 12:24:33 AM,0.00,in,A
11/01/2012 12:27:01 PM,11/01/2012 12:27:03 PM,0.00,in,A
11/01/2012 12:29:50 AM,11/01/2012 12:30:03 AM,0.00,in,A
10/31/2012 12:32:39 PM,10/31/2012 12:33:03 PM,0.00,in,A
10/31/2012 12:35:29 AM,10/31/2012 12:35:33 AM,0.00,in,A
10/30/2012 12:38:18 PM,10/30/2012 12:38:33 PM,0.00,in,A
10/30/2012 12:41:07 AM,10/30/2012 12:41:33 AM,0.00,in,A
10/29/2012 12:43:56 PM,10/29/2012 12:44:03 PM,0.00,in,A
10/29/2012 12:46:45 AM,10/29/2012 12:47:03 AM,0.00,in,A
10/28/2012 12:49:35 PM,10/28/2012 12:50:03 PM,0.00,in,A
10/28/2012 12:52:25 AM,10/28/2012 12:52:33 AM,0.00,in,A
10/27/2012 12:55:15 PM,10/27/2012 12:55:33 PM,0.00,in,A
10/27/2012 12:58:04 AM,10/27/2012 12:58:33 AM,0.00,in,A
10/26/2012 01:00:54 PM,10/26/2012 01:01:03 PM,0.00,in,A
10/26/2012 01:03:44 AM,10/26/2012 01:04:03 AM,0.00,in,A
10/25/2012 01:06:34 PM,10/25/2012 01:07:03 PM,0.00,in,A
10/25/2012 01:09:25 AM,10/25/2012 01:09:33 AM,0.00,in,A
10/24/2012 01:12:14 PM,10/24/2012 01:12:33 PM,0.00,in,A
10/24/2012 01:15:05 AM,10/24/2012 01:15:33 AM,0.00,in,A
10/23/2012 01:17:55 PM,10/23/2012 01:18:03 PM,0.00,in,A
10/23/2012 01:20:44 AM,10/23/2012 01:21:03 AM,0.00,in,A
10/22/2012 01:23:34 PM,10/22/2012 01:24:03 PM,0.00,in,A
10/22/2012 01:26:23 AM,10/22/2012 01:26:33 AM,0.00,in,A
10/21/2012 01:29:13 PM,10/21/2012 01:29:33 PM,0.00,in,A
10/21/2012 01:32:02 AM,10/21/2012 01:32:03 AM,0.00,in,A
10/20/2012 01:34:52 PM,10/20/2012 01:35:03 PM,0.00,in,A
10/20/2012 01:37:41 AM,10/20/2012 01:38:03 AM,0.00,in,A
10/19/2012 01:40:30 PM,10/19/2012 01:40:33 PM,0.00,in,A
10/19/2012 01:43:21 AM,10/19/2012 01:43:33 AM,0.00,in,A
10/18/2012 01:46:11 PM,10/18/2012 01:46:33 PM,0.00,in,A
10/18/2012 01:49:01 AM,10/18/2012 01:49:03 AM,0.00,in,A
10/17/2012 01:51:51 PM,10/17/2012 01:52:03 PM,0.00,in,A
10/17/2012 01:36:58 PM,10/17/2012 01:37:03 PM,0.04,in,A
10/17/2012 01:20:15 PM,10/17/2012 01:20:33 PM,0.04,in,A
10/17/2012 01:54:40 AM,10/17/2012 01:55:03 AM,0.00,in,A
10/16/2012 01:56:42 PM,10/16/2012 01:57:03 PM,0.00,in,A
10/16/2012 01:50:34 PM,10/16/2012 01:51:03 PM,0.04,in,A
10/16/2012 12:07:09 PM,10/16/2012 12:07:33 PM,0.00,in,A
10/16/2012 12:09:58 AM,10/16/2012 12:10:03 AM,0.00,in,A
10/15/2012 12:12:47 PM,10/15/2012 12:13:03 PM,0.00,in,A
10/15/2012 12:15:37 AM,10/15/2012 12:16:03 AM,0.00,in,A
10/14/2012 12:18:26 PM,10/14/2012 12:18:33 PM,0.00,in,A
10/14/2012 12:21:15 AM,10/14/2012 12:21:33 AM,0.00,in,A
10/13/2012 09:06:20 PM,10/13/2012 09:06:33 PM,0.04,in,A
10/13/2012 04:58:59 PM,10/13/2012 04:59:03 PM,0.04,in,A
10/13/2012 04:50:10 PM,10/13/2012 04:50:34 PM,0.04,in,A
10/13/2012 04:45:57 PM,10/13/2012 04:46:03 PM,0.04,in,A
10/13/2012 04:44:04 PM,10/13/2012 04:44:33 PM,0.04,in,A
10/13/2012 04:37:12 PM,10/13/2012 04:37:33 PM,0.04,in,A
10/13/2012 03:54:19 PM,10/13/2012 03:54:33 PM,0.08,in,A
10/13/2012 03:40:11 PM,10/13/2012 03:40:33 PM,0.04,in,A
10/13/2012 03:08:13 PM,10/13/2012 03:08:33 PM,0.04,in,A
10/13/2012 02:28:52 PM,10/13/2012 02:29:03 PM,0.04,in,A
10/13/2012 02:24:35 PM,10/13/2012 02:25:03 PM,0.04,in,A
10/13/2012 02:22:33 PM,10/13/2012 02:23:03 PM,0.04,in,A
10/13/2012 12:24:05 PM,10/13/2012 12:24:33 PM,0.00,in,A
10/13/2012 11:10:31 AM,10/13/2012 11:10:34 AM,0.04,in,A
10/13/2012 10:55:52 AM,10/13/2012 10:56:03 AM,0.04,in,A
10/13/2012 10:42:33 AM,10/13/2012 10:42:33 AM,0.04,in,A
10/13/2012 10:37:44 AM,10/13/2012 10:38:04 AM,0.04,in,A
10/13/2012 10:35:30 AM,10/13/2012 10:35:33 AM,0.04,in,A
10/13/2012 12:55:34 AM,10/13/2012 12:56:03 AM,0.04,in,A
10/13/2012 12:42:21 AM,10/13/2012 12:42:33 AM,0.08,in,A
10/13/2012 12:38:57 AM,10/13/2012 12:39:03 AM,0.04,in,A
10/13/2012 12:34:52 AM,10/13/2012 12:35:03 AM,0.04,in,A
10/13/2012 12:26:54 AM,10/13/2012 12:27:03 AM,0.00,in,A
10/13/2012 12:04:48 AM,10/13/2012 12:05:03 AM,0.04,in,A
10/12/2012 09:34:16 PM,10/12/2012 09:34:33 PM,0.04,in,A
10/12/2012 12:29:43 PM,10/12/2012 12:30:03 PM,0.00,in,A
10/12/2012 12:32:33 AM,10/12/2012 12:32:33 AM,0.00,in,A
10/11/2012 12:35:22 PM,10/11/2012 12:35:33 PM,0.00,in,A
10/11/2012 12:38:11 AM,10/11/2012 12:38:33 AM,0.00,in,A
10/10/2012 12:41:01 PM,10/10/2012 12:41:03 PM,0.00,in,A
10/10/2012 12:43:50 AM,10/10/2012 12:44:03 AM,0.00,in,A
10/09/2012 12:46:39 PM,10/09/2012 12:47:03 PM,0.00,in,A
10/09/2012 12:49:29 AM,10/09/2012 12:49:33 AM,0.00,in,A
10/08/2012 12:52:18 PM,10/08/2012 12:52:33 PM,0.00,in,A
10/08/2012 12:55:07 AM,10/08/2012 12:55:33 AM,0.00,in,A
10/07/2012 12:57:56 PM,10/07/2012 12:58:03 PM,0.00,in,A
10/07/2012 01:00:45 AM,10/07/2012 01:01:03 AM,0.00,in,A
10/06/2012 01:03:35 PM,10/06/2012 01:04:03 PM,0.00,in,A
10/06/2012 01:06:24 AM,10/06/2012 01:06:33 AM,0.00,in,A
10/05/2012 01:09:13 PM,10/05/2012 01:09:33 PM,0.00,in,A
10/05/2012 01:12:02 AM,10/05/2012 01:12:03 AM,0.00,in,A
10/04/2012 08:00:22 PM,10/04/2012 08:00:33 PM,0.04,in,A
10/04/2012 01:14:52 PM,10/04/2012 01:15:03 PM,0.00,in,A
10/04/2012 01:17:41 AM,10/04/2012 01:18:03 AM,0.00,in,A
10/03/2012 01:20:31 PM,10/03/2012 01:20:33 PM,0.00,in,A
10/03/2012 01:23:20 AM,10/03/2012 01:23:33 AM,0.00,in,A
10/02/2012 01:26:10 PM,10/02/2012 01:26:33 PM,0.00,in,A
10/02/2012 01:28:59 AM,10/02/2012 01:29:03 AM,0.00,in,A
10/01/2012 01:31:48 PM,10/01/2012 01:32:03 PM,0.00,in,A
10/01/2012 01:34:38 AM,10/01/2012 01:35:03 AM,0.00,in,A
09/30/2012 01:37:27 PM,09/30/2012 01:37:33 PM,0.00,in,A
09/30/2012 01:40:17 AM,09/30/2012 01:40:33 AM,0.00,in,A
09/29/2012 01:43:06 PM,09/29/2012 01:43:33 PM,0.00,in,A
09/29/2012 01:45:56 AM,09/29/2012 01:46:03 AM,0.00,in,A
09/28/2012 01:48:45 PM,09/28/2012 01:49:03 PM,0.00,in,A
09/28/2012 01:51:34 AM,09/28/2012 01:52:03 AM,0.00,in,A
09/27/2012 01:54:24 PM,09/27/2012 01:54:33 PM,0.00,in,A
09/27/2012 03:14:35 AM,09/27/2012 03:15:03 AM,0.04,in,A
09/27/2012 01:57:13 AM,09/27/2012 01:57:33 AM,0.00,in,A
09/26/2012 02:00:03 PM,09/26/2012 02:00:03 PM,0.00,in,A
09/26/2012 04:38:52 AM,09/26/2012 04:39:03 AM,0.04,in,A
09/26/2012 04:14:46 AM,09/26/2012 04:15:03 AM,0.04,in,A
09/26/2012 03:41:32 AM,09/26/2012 03:41:33 AM,0.04,in,A
09/26/2012 03:19:26 AM,09/26/2012 03:19:33 AM,0.04,in,A
09/26/2012 02:26:01 AM,09/26/2012 02:26:04 AM,0.04,in,A
09/26/2012 02:02:52 AM,09/26/2012 02:03:03 AM,0.00,in,A
09/26/2012 12:46:57 AM,09/26/2012 12:47:03 AM,0.04,in,A
09/25/2012 10:32:47 PM,09/25/2012 10:33:03 PM,0.04,in,A
09/25/2012 02:05:42 PM,09/25/2012 02:06:03 PM,0.00,in,A
09/25/2012 02:08:31 AM,09/25/2012 02:08:33 AM,0.00,in,A
09/24/2012 02:11:21 PM,09/24/2012 02:11:33 PM,0.00,in,A
09/24/2012 02:14:10 AM,09/24/2012 02:14:33 AM,0.00,in,A
09/23/2012 02:17:00 PM,09/23/2012 02:17:04 PM,0.00,in,A
09/23/2012 02:19:49 AM,09/23/2012 02:20:03 AM,0.00,in,A
09/22/2012 02:22:38 PM,09/22/2012 02:23:03 PM,0.00,in,A
09/22/2012 02:25:28 AM,09/22/2012 02:25:33 AM,0.00,in,A
09/21/2012 02:28:17 PM,09/21/2012 02:28:36 PM,0.00,in,A
09/21/2012 02:31:07 AM,09/21/2012 02:31:33 AM,0.00,in,A
09/20/2012 02:33:56 PM,09/20/2012 02:34:03 PM,0.00,in,A
09/20/2012 02:36:46 AM,09/20/2012 02:37:03 AM,0.00,in,A
09/19/2012 02:39:35 PM,09/19/2012 02:40:03 PM,0.00,in,A
09/19/2012 02:42:25 AM,09/19/2012 02:42:33 AM,0.00,in,A
09/18/2012 02:45:14 PM,09/18/2012 02:45:33 PM,0.00,in,A
09/18/2012 02:48:03 AM,09/18/2012 02:48:33 AM,0.00,in,A
09/17/2012 02:50:53 PM,09/17/2012 02:51:03 PM,0.00,in,A
09/17/2012 02:53:42 AM,09/17/2012 02:54:03 AM,0.00,in,A
09/16/2012 02:56:32 PM,09/16/2012 02:56:33 PM,0.00,in,A
09/16/2012 02:59:21 AM,09/16/2012 02:59:33 AM,0.00,in,A
09/15/2012 03:02:11 PM,09/15/2012 03:02:33 PM,0.00,in,A
09/15/2012 03:05:00 AM,09/15/2012 03:05:03 AM,0.00,in,A
09/14/2012 03:07:50 PM,09/14/2012 03:08:03 PM,0.00,in,A
09/14/2012 03:45:30 AM,09/14/2012 03:45:33 AM,0.04,in,A
09/14/2012 03:10:39 AM,09/14/2012 03:11:03 AM,0.00,in,A
09/14/2012 02:08:22 AM,09/14/2012 02:08:33 AM,0.04,in,A
09/14/2012 01:27:53 AM,09/14/2012 01:28:03 AM,0.04,in,A
09/14/2012 12:40:12 AM,09/14/2012 12:40:33 AM,0.04,in,A
09/13/2012 11:44:27 PM,09/13/2012 11:44:33 PM,0.04,in,A
09/13/2012 10:29:58 PM,09/13/2012 10:30:03 PM,0.08,in,A
09/13/2012 06:30:08 PM,09/13/2012 06:30:33 PM,0.04,in,A
09/13/2012 05:58:17 PM,09/13/2012 05:58:33 PM,0.04,in,A
09/13/2012 05:37:42 PM,09/13/2012 05:38:03 PM,0.04,in,A
09/13/2012 05:02:43 PM,09/13/2012 05:03:03 PM,0.04,in,A
09/13/2012 04:26:09 PM,09/13/2012 04:26:33 PM,0.08,in,A
09/13/2012 04:00:32 PM,09/13/2012 04:00:33 PM,0.04,in,A
09/13/2012 03:52:13 PM,09/13/2012 03:52:33 PM,0.04,in,A
09/13/2012 03:44:07 PM,09/13/2012 03:44:33 PM,0.04,in,A
09/13/2012 03:19:59 PM,09/13/2012 03:20:03 PM,0.04,in,A
09/13/2012 03:07:35 PM,09/13/2012 03:08:03 PM,0.04,in,A
09/13/2012 03:16:18 AM,09/13/2012 03:16:33 AM,0.00,in,A
09/12/2012 03:19:08 PM,09/12/2012 03:19:33 PM,0.00,in,A
09/12/2012 03:21:57 AM,09/12/2012 03:22:03 AM,0.00,in,A
09/11/2012 03:24:47 PM,09/11/2012 03:25:03 PM,0.00,in,A
09/11/2012 03:27:36 AM,09/11/2012 03:28:03 AM,0.00,in,A
09/10/2012 03:30:26 PM,09/10/2012 03:30:33 PM,0.00,in,A
09/10/2012 03:33:15 AM,09/10/2012 03:33:39 AM,0.00,in,A
09/09/2012 03:36:05 PM,09/09/2012 03:36:33 PM,0.00,in,A
09/09/2012 03:38:54 AM,09/09/2012 03:39:03 AM,0.00,in,A
09/08/2012 03:41:44 PM,09/08/2012 03:42:03 PM,0.00,in,A
09/08/2012 03:44:33 AM,09/08/2012 03:44:33 AM,0.00,in,A
09/07/2012 03:49:18 PM,09/07/2012 03:49:33 PM,0.04,in,A
09/07/2012 03:47:23 PM,09/07/2012 03:47:33 PM,0.04,in,A
09/07/2012 03:20:41 PM,09/07/2012 03:21:03 PM,0.04,in,A
09/07/2012 03:12:26 PM,09/07/2012 03:12:34 PM,0.08,in,A
09/07/2012 03:01:07 PM,09/07/2012 03:01:33 PM,0.08,in,A
09/07/2012 03:49:21 AM,09/07/2012 03:49:33 AM,0.00,in,A
09/06/2012 03:51:15 PM,09/06/2012 03:51:33 PM,0.00,in,A
09/06/2012 03:53:09 AM,09/06/2012 03:53:34 AM,0.00,in,A
09/05/2012 03:55:04 PM,09/05/2012 03:55:35 PM,0.00,in,A
09/05/2012 03:56:58 AM,09/05/2012 03:57:03 AM,0.00,in,A
09/04/2012 03:58:52 PM,09/04/2012 03:59:04 PM,0.00,in,A
09/04/2012 04:00:47 AM,09/04/2012 04:01:03 AM,0.00,in,A
09/03/2012 04:02:41 PM,09/03/2012 04:03:03 PM,0.00,in,A
09/03/2012 04:04:36 AM,09/03/2012 04:05:03 AM,0.00,in,A
09/02/2012 04:06:30 PM,09/02/2012 04:06:33 PM,0.00,in,A
09/02/2012 04:08:25 AM,09/02/2012 04:08:33 AM,0.00,in,A
09/01/2012 04:10:19 PM,09/01/2012 04:10:33 PM,0.00,in,A
09/01/2012 02:46:20 PM,09/01/2012 02:46:33 PM,0.04,in,A
09/01/2012 01:24:06 PM,09/01/2012 01:24:33 PM,0.04,in,A
09/01/2012 12:55:15 PM,09/01/2012 12:55:33 PM,0.04,in,A
09/01/2012 11:29:16 AM,09/01/2012 11:29:33 AM,0.04,in,A
09/01/2012 11:12:50 AM,09/01/2012 11:13:03 AM,0.04,in,A
09/01/2012 11:03:36 AM,09/01/2012 11:04:03 AM,0.04,in,A
09/01/2012 10:54:28 AM,09/01/2012 10:54:34 AM,0.04,in,A
09/01/2012 10:43:54 AM,09/01/2012 10:44:03 AM,0.04,in,A
09/01/2012 10:35:18 AM,09/01/2012 10:35:33 AM,0.04,in,A
09/01/2012 10:29:09 AM,09/01/2012 10:29:33 AM,0.04,in,A
09/01/2012 10:23:31 AM,09/01/2012 10:23:33 AM,0.04,in,A
09/01/2012 10:18:28 AM,09/01/2012 10:18:33 AM,0.04,in,A
09/01/2012 10:13:17 AM,09/01/2012 10:13:33 AM,0.04,in,A
09/01/2012 10:09:16 AM,09/01/2012 10:09:33 AM,0.04,in,A
09/01/2012 10:03:43 AM,09/01/2012 10:04:03 AM,0.04,in,A
09/01/2012 09:58:21 AM,09/01/2012 09:58:33 AM,0.04,in,A
09/01/2012 09:52:41 AM,09/01/2012 09:53:03 AM,0.04,in,A
09/01/2012 09:46:10 AM,09/01/2012 09:46:33 AM,0.04,in,A
09/01/2012 09:37:50 AM,09/01/2012 09:38:03 AM,0.04,in,A
09/01/2012 09:24:21 AM,09/01/2012 09:24:33 AM,0.04,in,A
09/01/2012 09:11:35 AM,09/01/2012 09:12:03 AM,0.04,in,A
09/01/2012 09:02:34 AM,09/01/2012 09:03:03 AM,0.04,in,A
09/01/2012 08:51:32 AM,09/01/2012 08:51:33 AM,0.04,in,A
09/01/2012 08:34:44 AM,09/01/2012 08:35:03 AM,0.04,in,A
09/01/2012 08:19:59 AM,09/01/2012 08:20:03 AM,0.04,in,A
09/01/2012 08:11:07 AM,09/01/2012 08:11:33 AM,0.08,in,A
09/01/2012 08:01:12 AM,09/01/2012 08:01:33 AM,0.04,in,A
09/01/2012 07:56:55 AM,09/01/2012 07:57:03 AM,0.08,in,A
09/01/2012 07:33:04 AM,09/01/2012 07:33:33 AM,0.04,in,A
09/01/2012 07:24:42 AM,09/01/2012 07:25:04 AM,0.04,in,A
09/01/2012 07:18:51 AM,09/01/2012 07:19:04 AM,0.04,in,A
09/01/2012 07:14:22 AM,09/01/2012 07:14:33 AM,0.08,in,A
09/01/2012 07:02:03 AM,09/01/2012 07:02:03 AM,0.04,in,A
09/01/2012 06:54:09 AM,09/01/2012 06:54:33 AM,0.08,in,A
09/01/2012 06:44:47 AM,09/01/2012 06:45:04 AM,0.04,in,A
09/01/2012 06:39:47 AM,09/01/2012 06:40:04 AM,0.04,in,A
09/01/2012 06:34:09 AM,09/01/2012 06:34:34 AM,0.04,in,A
09/01/2012 06:28:33 AM,09/01/2012 06:28:33 AM,0.04,in,A
09/01/2012 06:24:17 AM,09/01/2012 06:24:33 AM,0.08,in,A
09/01/2012 06:14:47 AM,09/01/2012 06:15:03 AM,0.04,in,A
09/01/2012 06:10:13 AM,09/01/2012 06:10:33 AM,0.04,in,A
09/01/2012 06:07:30 AM,09/01/2012 06:07:33 AM,0.04,in,A
09/01/2012 06:05:07 AM,09/01/2012 06:05:34 AM,0.04,in,A
09/01/2012 06:01:39 AM,09/01/2012 06:02:04 AM,0.08,in,A
09/01/2012 05:55:20 AM,09/01/2012 05:55:33 AM,0.04,in,A
09/01/2012 05:52:50 AM,09/01/2012 05:53:03 AM,0.12,in,A
09/01/2012 05:36:12 AM,09/01/2012 05:36:34 AM,0.04,in,A
09/01/2012 05:27:35 AM,09/01/2012 05:28:03 AM,0.04,in,A
09/01/2012 05:17:34 AM,09/01/2012 05:18:04 AM,0.04,in,A
09/01/2012 05:10:24 AM,09/01/2012 05:10:34 AM,0.04,in,A
09/01/2012 05:02:56 AM,09/01/2012 05:03:04 AM,0.04,in,A
09/01/2012 04:54:11 AM,09/01/2012 04:54:34 AM,0.04,in,A
09/01/2012 04:46:52 AM,09/01/2012 04:47:03 AM,0.04,in,A
09/01/2012 04:41:29 AM,09/01/2012 04:41:33 AM,0.08,in,A
09/01/2012 04:30:00 AM,09/01/2012 04:30:04 AM,0.16,in,A
09/01/2012 04:12:14 AM,09/01/2012 04:12:33 AM,0.04,in,A
09/01/2012 03:59:18 AM,09/01/2012 03:59:34 AM,0.04,in,A
09/01/2012 03:50:26 AM,09/01/2012 03:50:34 AM,0.04,in,A
09/01/2012 03:41:54 AM,09/01/2012 03:42:05 AM,0.04,in,A
09/01/2012 03:34:21 AM,09/01/2012 03:34:34 AM,0.04,in,A
09/01/2012 03:24:28 AM,09/01/2012 03:24:34 AM,0.04,in,A
09/01/2012 03:18:26 AM,09/01/2012 03:18:33 AM,0.04,in,A
09/01/2012 03:12:50 AM,09/01/2012 03:13:03 AM,0.04,in,A
09/01/2012 03:07:44 AM,09/01/2012 03:08:04 AM,0.04,in,A
09/01/2012 03:01:45 AM,09/01/2012 03:02:03 AM,0.04,in,A
09/01/2012 02:57:44 AM,09/01/2012 02:58:03 AM,0.04,in,A
09/01/2012 02:53:34 AM,09/01/2012 02:54:03 AM,0.04,in,A
09/01/2012 02:47:55 AM,09/01/2012 02:48:03 AM,0.04,in,A
09/01/2012 02:40:16 AM,09/01/2012 02:40:33 AM,0.04,in,A
09/01/2012 02:32:51 AM,09/01/2012 02:33:03 AM,0.04,in,A
09/01/2012 02:25:56 AM,09/01/2012 02:26:03 AM,0.04,in,A
09/01/2012 02:17:56 AM,09/01/2012 02:18:03 AM,0.04,in,A
09/01/2012 02:12:02 AM,09/01/2012 02:12:03 AM,0.04,in,A
09/01/2012 02:07:52 AM,09/01/2012 02:08:03 AM,0.04,in,A
09/01/2012 02:02:00 AM,09/01/2012 02:02:03 AM,0.04,in,A
09/01/2012 01:56:50 AM,09/01/2012 01:57:04 AM,0.04,in,A
09/01/2012 01:52:01 AM,09/01/2012 01:52:04 AM,0.08,in,A
09/01/2012 01:42:23 AM,09/01/2012 01:42:33 AM,0.04,in,A
09/01/2012 01:38:08 AM,09/01/2012 01:38:34 AM,0.12,in,A
09/01/2012 01:19:33 AM,09/01/2012 01:20:03 AM,0.04,in,A
09/01/2012 01:12:28 AM,09/01/2012 01:12:33 AM,0.04,in,A
09/01/2012 01:04:13 AM,09/01/2012 01:04:33 AM,0.04,in,A
09/01/2012 12:50:19 AM,09/01/2012 12:50:33 AM,0.04,in,A
09/01/2012 12:38:59 AM,09/01/2012 12:39:03 AM,0.04,in,A
09/01/2012 12:31:03 AM,09/01/2012 12:31:03 AM,0.04,in,A
09/01/2012 12:22:14 AM,09/01/2012 12:22:33 AM,0.04,in,A
09/01/2012 12:04:36 AM,09/01/2012 12:05:03 AM,0.04,in,A
08/31/2012 11:48:07 PM,08/31/2012 11:48:33 PM,0.04,in,A
08/31/2012 11:35:30 PM,08/31/2012 11:35:33 PM,0.04,in,A
08/31/2012 11:23:55 PM,08/31/2012 11:24:03 PM,0.04,in,A
08/31/2012 11:11:24 PM,08/31/2012 11:11:33 PM,0.04,in,A
08/31/2012 10:59:08 PM,08/31/2012 10:59:33 PM,0.04,in,A
08/31/2012 10:51:38 PM,08/31/2012 10:52:03 PM,0.04,in,A
08/31/2012 10:42:53 PM,08/31/2012 10:43:03 PM,0.04,in,A
08/31/2012 10:32:53 PM,08/31/2012 10:33:03 PM,0.04,in,A
08/31/2012 10:24:43 PM,08/31/2012 10:25:03 PM,0.04,in,A
08/31/2012 10:16:57 PM,08/31/2012 10:17:03 PM,0.04,in,A
08/31/2012 10:09:17 PM,08/31/2012 10:09:33 PM,0.08,in,A
08/31/2012 09:51:30 PM,08/31/2012 09:51:33 PM,0.04,in,A
08/31/2012 09:41:24 PM,08/31/2012 09:41:33 PM,0.04,in,A
08/31/2012 09:33:38 PM,08/31/2012 09:34:03 PM,0.04,in,A
08/31/2012 09:29:18 PM,08/31/2012 09:29:33 PM,0.04,in,A
08/31/2012 09:24:31 PM,08/31/2012 09:24:33 PM,0.04,in,A
08/31/2012 09:19:19 PM,08/31/2012 09:19:33 PM,0.04,in,A
08/31/2012 09:13:39 PM,08/31/2012 09:14:09 PM,0.04,in,A
08/31/2012 09:07:27 PM,08/31/2012 09:07:34 PM,0.04,in,A
08/31/2012 09:00:51 PM,08/31/2012 09:01:04 PM,0.04,in,A
08/31/2012 08:54:41 PM,08/31/2012 08:55:04 PM,0.04,in,A
08/31/2012 08:46:17 PM,08/31/2012 08:46:34 PM,0.08,in,A
08/31/2012 08:09:15 PM,08/31/2012 08:09:33 PM,0.04,in,A
08/31/2012 07:49:59 PM,08/31/2012 07:50:03 PM,0.04,in,A
08/31/2012 07:07:20 PM,08/31/2012 07:07:33 PM,0.04,in,A
08/31/2012 06:52:25 PM,08/31/2012 06:52:34 PM,0.04,in,A
08/31/2012 06:27:20 PM,08/31/2012 06:27:33 PM,0.04,in,A
08/31/2012 06:12:25 PM,08/31/2012 06:12:33 PM,0.04,in,A
08/31/2012 05:57:16 PM,08/31/2012 05:57:33 PM,0.08,in,A
08/31/2012 05:01:48 PM,08/31/2012 05:02:03 PM,0.04,in,A
08/31/2012 04:29:15 PM,08/31/2012 04:29:34 PM,0.04,in,A
08/31/2012 04:14:10 PM,08/31/2012 04:14:33 PM,0.00,in,A
08/31/2012 04:11:43 PM,08/31/2012 04:12:03 PM,0.04,in,A
08/31/2012 04:02:04 PM,08/31/2012 04:02:33 PM,0.04,in,A
08/31/2012 03:47:35 PM,08/31/2012 03:48:04 PM,0.04,in,A
08/31/2012 03:40:02 PM,08/31/2012 03:40:04 PM,0.04,in,A
08/31/2012 03:31:27 PM,08/31/2012 03:31:33 PM,0.04,in,A
08/31/2012 03:26:24 PM,08/31/2012 03:26:33 PM,0.04,in,A
08/31/2012 03:17:48 PM,08/31/2012 03:18:03 PM,0.04,in,A
08/31/2012 03:12:41 PM,08/31/2012 03:13:03 PM,0.04,in,A
08/31/2012 03:05:00 PM,08/31/2012 03:05:03 PM,0.04,in,A
08/31/2012 02:58:15 PM,08/31/2012 02:58:33 PM,0.04,in,A
08/31/2012 02:50:31 PM,08/31/2012 02:50:33 PM,0.04,in,A
08/31/2012 02:41:10 PM,08/31/2012 02:41:33 PM,0.04,in,A
08/31/2012 02:12:40 PM,08/31/2012 02:13:03 PM,0.04,in,A
08/31/2012 01:43:47 PM,08/31/2012 01:44:03 PM,0.04,in,A
08/31/2012 12:31:58 PM,08/31/2012 12:32:03 PM,0.04,in,A
08/31/2012 11:36:14 AM,08/31/2012 11:36:33 AM,0.04,in,A
08/31/2012 11:13:10 AM,08/31/2012 11:13:33 AM,0.04,in,A
08/31/2012 04:16:04 AM,08/31/2012 04:16:33 AM,0.00,in,A
08/30/2012 04:17:59 PM,08/30/2012 04:18:03 PM,0.00,in,A
08/30/2012 04:19:53 AM,08/30/2012 04:20:03 AM,0.00,in,A
08/29/2012 04:21:47 PM,08/29/2012 04:22:03 PM,0.00,in,A
08/29/2012 04:23:42 AM,08/29/2012 04:24:03 AM,0.00,in,A
08/28/2012 04:25:36 PM,08/28/2012 04:26:03 PM,0.00,in,A
08/28/2012 04:27:30 AM,08/28/2012 04:27:33 AM,0.00,in,A
08/27/2012 04:29:25 PM,08/27/2012 04:29:33 PM,0.00,in,A
08/27/2012 04:31:19 AM,08/27/2012 04:31:33 AM,0.00,in,A
08/26/2012 04:33:14 PM,08/26/2012 04:33:33 PM,0.00,in,A
08/26/2012 02:50:28 PM,08/26/2012 02:50:33 PM,0.04,in,A
08/26/2012 06:14:47 AM,08/26/2012 06:15:06 AM,0.04,in,A
08/26/2012 05:38:19 AM,08/26/2012 05:38:33 AM,0.04,in,A
08/26/2012 04:35:08 AM,08/26/2012 04:35:33 AM,0.00,in,A
08/26/2012 04:27:11 AM,08/26/2012 04:27:33 AM,0.04,in,A
08/26/2012 03:43:40 AM,08/26/2012 03:44:03 AM,0.04,in,A
08/26/2012 03:08:16 AM,08/26/2012 03:08:33 AM,0.08,in,A
08/26/2012 02:41:56 AM,08/26/2012 02:42:03 AM,0.04,in,A
08/26/2012 02:39:06 AM,08/26/2012 02:39:33 AM,0.04,in,A
08/26/2012 02:36:02 AM,08/26/2012 02:36:03 AM,0.04,in,A
08/26/2012 02:33:59 AM,08/26/2012 02:34:03 AM,0.04,in,A
08/26/2012 02:31:22 AM,08/26/2012 02:31:33 AM,0.04,in,A
08/26/2012 02:27:40 AM,08/26/2012 02:28:03 AM,0.04,in,A
08/25/2012 07:31:13 PM,08/25/2012 07:31:33 PM,0.04,in,A
08/25/2012 07:28:20 PM,08/25/2012 07:28:33 PM,0.04,in,A
08/25/2012 04:37:03 PM,08/25/2012 04:37:03 PM,0.00,in,A
08/25/2012 04:38:57 AM,08/25/2012 04:39:03 AM,0.00,in,A
08/24/2012 04:40:51 PM,08/24/2012 04:41:03 PM,0.00,in,A
08/24/2012 04:42:46 AM,08/24/2012 04:43:03 AM,0.00,in,A
08/23/2012 04:44:40 PM,08/23/2012 04:45:03 PM,0.00,in,A
08/23/2012 04:46:35 AM,08/23/2012 04:47:03 AM,0.00,in,A
08/22/2012 04:50:23 AM,08/22/2012 04:50:33 AM,0.00,in,A
08/21/2012 04:52:18 PM,08/21/2012 04:52:33 PM,0.00,in,A
08/21/2012 04:54:12 AM,08/21/2012 04:54:33 AM,0.00,in,A
08/20/2012 04:56:06 PM,08/20/2012 04:56:34 PM,0.00,in,A
08/20/2012 04:58:01 AM,08/20/2012 04:58:03 AM,0.00,in,A
08/19/2012 04:59:55 PM,08/19/2012 05:00:03 PM,0.00,in,A
08/19/2012 05:01:49 AM,08/19/2012 05:02:03 AM,0.00,in,A
08/18/2012 05:03:44 PM,08/18/2012 05:04:03 PM,0.00,in,A
08/18/2012 05:05:38 AM,08/18/2012 05:06:03 AM,0.00,in,A
08/17/2012 05:07:32 PM,08/17/2012 05:07:33 PM,0.00,in,A
08/17/2012 05:09:27 AM,08/17/2012 05:09:33 AM,0.00,in,A
08/16/2012 05:11:21 PM,08/16/2012 05:11:33 PM,0.00,in,A
08/16/2012 05:13:16 AM,08/16/2012 05:13:33 AM,0.00,in,A
08/15/2012 05:15:10 PM,08/15/2012 05:15:33 PM,0.00,in,A
08/15/2012 05:17:05 AM,08/15/2012 05:17:33 AM,0.00,in,A
08/14/2012 05:18:59 PM,08/14/2012 05:19:03 PM,0.00,in,A
08/14/2012 11:54:56 AM,08/14/2012 11:55:03 AM,0.04,in,A
08/14/2012 11:20:55 AM,08/14/2012 11:21:03 AM,0.04,in,A
08/14/2012 05:20:53 AM,08/14/2012 05:21:03 AM,0.00,in,A
08/13/2012 05:22:48 PM,08/13/2012 05:23:03 PM,0.00,in,A
08/13/2012 05:24:42 AM,08/13/2012 05:25:03 AM,0.00,in,A
08/12/2012 05:26:37 PM,08/12/2012 05:27:03 PM,0.00,in,A
08/12/2012 05:28:31 AM,08/12/2012 05:28:33 AM,0.00,in,A
08/11/2012 05:30:25 PM,08/11/2012 05:30:33 PM,0.00,in,A
08/11/2012 05:32:20 AM,08/11/2012 05:32:33 AM,0.00,in,A
08/10/2012 05:34:14 PM,08/10/2012 05:34:33 PM,0.00,in,A
08/10/2012 05:36:08 AM,08/10/2012 05:36:33 AM,0.00,in,A
08/09/2012 05:38:03 PM,08/09/2012 05:38:03 PM,0.00,in,A
08/09/2012 05:39:57 AM,08/09/2012 05:40:03 AM,0.00,in,A
08/08/2012 08:29:52 PM,08/08/2012 08:30:03 PM,0.04,in,A
08/08/2012 08:04:48 PM,08/08/2012 08:05:03 PM,0.04,in,A
08/08/2012 05:41:52 PM,08/08/2012 05:42:03 PM,0.00,in,A
08/08/2012 05:43:46 AM,08/08/2012 05:44:03 AM,0.00,in,A
08/07/2012 05:45:40 PM,08/07/2012 05:46:03 PM,0.00,in,A
08/07/2012 05:47:35 AM,08/07/2012 05:48:03 AM,0.00,in,A
08/06/2012 05:49:29 PM,08/06/2012 05:49:33 PM,0.00,in,A
08/06/2012 05:51:24 AM,08/06/2012 05:51:33 AM,0.00,in,A
08/05/2012 05:53:18 PM,08/05/2012 05:53:33 PM,0.00,in,A
08/05/2012 05:55:12 AM,08/05/2012 05:55:34 AM,0.00,in,A
08/04/2012 05:57:07 PM,08/04/2012 05:57:33 PM,0.00,in,A
08/04/2012 05:59:01 AM,08/04/2012 05:59:03 AM,0.00,in,A
08/03/2012 06:00:56 PM,08/03/2012 06:01:03 PM,0.00,in,A
08/03/2012 06:02:50 AM,08/03/2012 06:03:03 AM,0.00,in,A
08/02/2012 06:04:44 PM,08/02/2012 06:05:03 PM,0.00,in,A
08/02/2012 08:40:02 AM,08/02/2012 08:40:03 AM,0.04,in,A
08/02/2012 07:25:49 AM,08/02/2012 07:26:03 AM,0.04,in,A
08/02/2012 07:17:40 AM,08/02/2012 07:18:03 AM,0.04,in,A
08/02/2012 07:13:51 AM,08/02/2012 07:14:03 AM,0.04,in,A
08/02/2012 06:06:39 AM,08/02/2012 06:07:03 AM,0.00,in,A
08/01/2012 06:08:33 PM,08/01/2012 06:08:33 PM,0.00,in,A
08/01/2012 06:10:28 AM,08/01/2012 06:10:33 AM,0.00,in,A
07/31/2012 06:12:22 PM,07/31/2012 06:12:33 PM,0.00,in,A
07/31/2012 06:14:16 AM,07/31/2012 06:14:33 AM,0.00,in,A
07/31/2012 02:43:46 AM,07/31/2012 02:44:04 AM,0.04,in,A
07/30/2012 06:16:11 PM,07/30/2012 06:16:39 PM,0.00,in,A
07/30/2012 06:18:05 AM,07/30/2012 06:18:33 AM,0.00,in,A
07/29/2012 06:20:00 PM,07/29/2012 06:20:03 PM,0.00,in,A
07/28/2012 06:23:48 PM,07/28/2012 06:24:03 PM,0.00,in,A
07/28/2012 06:25:43 AM,07/28/2012 06:26:03 AM,0.00,in,A
07/27/2012 06:27:37 PM,07/27/2012 06:28:03 PM,0.00,in,A
07/27/2012 06:29:32 AM,07/27/2012 06:29:33 AM,0.00,in,A
07/26/2012 06:31:26 PM,07/26/2012 06:31:33 PM,0.00,in,A
07/26/2012 11:32:59 AM,07/26/2012 11:33:03 AM,0.04,in,A
07/26/2012 06:33:20 AM,07/26/2012 06:33:33 AM,0.00,in,A
07/26/2012 05:47:18 AM,07/26/2012 05:47:33 AM,0.04,in,A
07/26/2012 04:55:57 AM,07/26/2012 04:56:03 AM,0.04,in,A
07/26/2012 04:51:11 AM,07/26/2012 04:51:33 AM,0.04,in,A
07/26/2012 03:47:27 AM,07/26/2012 03:47:33 AM,0.04,in,A
07/26/2012 01:41:38 AM,07/26/2012 01:42:03 AM,0.04,in,A
07/26/2012 01:27:44 AM,07/26/2012 01:28:03 AM,0.04,in,A
07/26/2012 01:22:53 AM,07/26/2012 01:23:03 AM,0.04,in,A
07/26/2012 01:18:54 AM,07/26/2012 01:19:03 AM,0.04,in,A
07/26/2012 01:14:40 AM,07/26/2012 01:15:03 AM,0.04,in,A
07/26/2012 01:11:10 AM,07/26/2012 01:11:33 AM,0.04,in,A
07/26/2012 01:09:47 AM,07/26/2012 01:10:03 AM,0.04,in,A
07/26/2012 01:08:14 AM,07/26/2012 01:08:34 AM,0.04,in,A
07/26/2012 01:06:26 AM,07/26/2012 01:06:34 AM,0.04,in,A
07/26/2012 01:05:27 AM,07/26/2012 01:05:33 AM,0.04,in,A
07/25/2012 06:35:15 PM,07/25/2012 06:35:33 PM,0.00,in,A
07/25/2012 06:37:09 AM,07/25/2012 06:37:33 AM,0.00,in,A
07/24/2012 06:39:03 PM,07/24/2012 06:39:33 PM,0.00,in,A
07/24/2012 06:40:58 AM,07/24/2012 06:41:03 AM,0.00,in,A
07/23/2012 06:42:52 PM,07/23/2012 06:43:03 PM,0.00,in,A
07/23/2012 06:44:46 AM,07/23/2012 06:45:03 AM,0.00,in,A
07/22/2012 06:46:41 PM,07/22/2012 06:47:03 PM,0.00,in,A
07/22/2012 06:48:35 AM,07/22/2012 06:49:03 AM,0.00,in,A
07/21/2012 06:50:30 PM,07/21/2012 06:50:33 PM,0.00,in,A
07/21/2012 06:52:24 AM,07/21/2012 06:52:34 AM,0.00,in,A
07/20/2012 06:54:18 PM,07/20/2012 06:54:33 PM,0.00,in,A
07/20/2012 06:56:13 AM,07/20/2012 06:56:33 AM,0.00,in,A
07/19/2012 06:58:07 PM,07/19/2012 06:58:33 PM,0.00,in,A
07/19/2012 07:32:06 AM,07/19/2012 07:32:33 AM,0.04,in,A
07/19/2012 07:00:01 AM,07/19/2012 07:00:03 AM,0.00,in,A
07/19/2012 02:33:38 AM,07/19/2012 02:34:03 AM,0.04,in,A
07/18/2012 07:01:56 PM,07/18/2012 07:02:03 PM,0.00,in,A
07/18/2012 07:03:50 AM,07/18/2012 07:04:03 AM,0.00,in,A
07/17/2012 07:05:44 PM,07/17/2012 07:06:03 PM,0.00,in,A
07/17/2012 07:07:39 AM,07/17/2012 07:08:03 AM,0.00,in,A
07/16/2012 07:09:33 PM,07/16/2012 07:09:33 PM,0.00,in,A
07/16/2012 07:11:27 AM,07/16/2012 07:11:33 AM,0.00,in,A
07/15/2012 07:13:22 PM,07/15/2012 07:13:33 PM,0.00,in,A
07/15/2012 07:15:16 AM,07/15/2012 07:15:33 AM,0.00,in,A
07/14/2012 07:17:10 PM,07/14/2012 07:17:33 PM,0.00,in,A
07/13/2012 07:20:59 PM,07/13/2012 07:21:03 PM,0.00,in,A
07/13/2012 07:22:54 AM,07/13/2012 07:23:03 AM,0.00,in,A
07/12/2012 07:24:48 PM,07/12/2012 07:25:03 PM,0.00,in,A
07/12/2012 04:04:21 PM,07/12/2012 04:04:34 PM,0.04,in,A
07/12/2012 03:59:26 PM,07/12/2012 03:59:34 PM,0.04,in,A
07/12/2012 03:57:18 PM,07/12/2012 03:57:33 PM,0.04,in,A
07/12/2012 03:54:30 PM,07/12/2012 03:54:33 PM,0.04,in,A
07/12/2012 03:53:01 PM,07/12/2012 03:53:03 PM,0.04,in,A
07/12/2012 03:52:23 PM,07/12/2012 03:52:34 PM,0.04,in,A
07/12/2012 03:51:50 PM,07/12/2012 03:52:03 PM,0.04,in,A
07/12/2012 03:51:21 PM,07/12/2012 03:51:33 PM,0.04,in,A
07/12/2012 03:50:40 PM,07/12/2012 03:51:03 PM,0.04,in,A
07/12/2012 03:50:01 PM,07/12/2012 03:50:03 PM,0.04,in,A
07/12/2012 03:49:06 PM,07/12/2012 03:49:33 PM,0.04,in,A
07/12/2012 03:48:16 PM,07/12/2012 03:48:33 PM,0.04,in,A
07/12/2012 03:47:13 PM,07/12/2012 03:47:33 PM,0.08,in,A
07/12/2012 03:43:56 PM,07/12/2012 03:44:03 PM,0.04,in,A
07/12/2012 03:41:27 PM,07/12/2012 03:41:33 PM,0.04,in,A
07/12/2012 03:39:43 PM,07/12/2012 03:40:03 PM,0.04,in,A
07/12/2012 03:38:00 PM,07/12/2012 03:38:03 PM,0.04,in,A
07/12/2012 03:36:24 PM,07/12/2012 03:36:34 PM,0.04,in,A
07/12/2012 03:35:10 PM,07/12/2012 03:35:33 PM,0.04,in,A
07/12/2012 07:26:43 AM,07/12/2012 07:27:03 AM,0.00,in,A
07/11/2012 07:28:37 PM,07/11/2012 07:29:05 PM,0.00,in,A
07/11/2012 07:30:31 AM,07/11/2012 07:30:33 AM,0.00,in,A
07/10/2012 07:32:26 PM,07/10/2012 07:32:33 PM,0.00,in,A
07/09/2012 07:36:14 PM,07/09/2012 07:36:33 PM,0.00,in,A
07/09/2012 07:38:09 AM,07/09/2012 07:38:33 AM,0.00,in,A
07/08/2012 07:40:03 PM,07/08/2012 07:40:03 PM,0.00,in,A
07/08/2012 07:41:58 AM,07/08/2012 07:42:03 AM,0.00,in,A
07/07/2012 07:43:52 PM,07/07/2012 07:44:03 PM,0.00,in,A
07/07/2012 07:45:46 AM,07/07/2012 07:46:03 AM,0.00,in,A
07/06/2012 07:47:41 PM,07/06/2012 07:48:03 PM,0.00,in,A
07/06/2012 07:49:35 AM,07/06/2012 07:50:03 AM,0.00,in,A
07/05/2012 07:51:29 PM,07/05/2012 07:51:33 PM,0.00,in,A
07/05/2012 07:53:24 AM,07/05/2012 07:53:33 AM,0.00,in,A
07/04/2012 07:55:18 PM,07/04/2012 07:55:33 PM,0.00,in,A
07/04/2012 07:57:12 AM,07/04/2012 07:57:33 AM,0.00,in,A
07/03/2012 07:59:07 PM,07/03/2012 07:59:33 PM,0.00,in,A
07/03/2012 08:01:01 AM,07/03/2012 08:01:03 AM,0.00,in,A
07/02/2012 08:02:55 PM,07/02/2012 08:03:03 PM,0.00,in,A
07/02/2012 08:04:50 AM,07/02/2012 08:05:03 AM,0.00,in,A
07/01/2012 08:08:38 AM,07/01/2012 08:09:03 AM,0.00,in,A
06/30/2012 08:10:33 PM,06/30/2012 08:10:33 PM,0.00,in,A
06/30/2012 08:12:28 AM,06/30/2012 08:12:34 AM,0.00,in,A
06/29/2012 08:14:22 PM,06/29/2012 08:14:33 PM,0.00,in,A
06/29/2012 08:16:17 AM,06/29/2012 08:16:33 AM,0.00,in,A
06/28/2012 08:18:11 PM,06/28/2012 08:18:33 PM,0.00,in,A
06/28/2012 08:20:05 AM,06/28/2012 08:20:33 AM,0.00,in,A
06/27/2012 08:22:00 PM,06/27/2012 08:22:03 PM,0.00,in,A
06/27/2012 08:23:54 AM,06/27/2012 08:24:03 AM,0.00,in,A
06/26/2012 08:25:49 PM,06/26/2012 08:26:04 PM,0.00,in,A
06/26/2012 08:27:43 AM,06/26/2012 08:28:03 AM,0.00,in,A
06/25/2012 08:29:37 PM,06/25/2012 08:30:03 PM,0.00,in,A
06/25/2012 08:31:32 AM,06/25/2012 08:31:33 AM,0.00,in,A
06/24/2012 08:33:26 PM,06/24/2012 08:33:33 PM,0.00,in,A
06/24/2012 08:35:21 AM,06/24/2012 08:35:33 AM,0.00,in,A
06/23/2012 08:37:15 PM,06/23/2012 08:37:33 PM,0.00,in,A
06/23/2012 08:39:09 AM,06/23/2012 08:39:33 AM,0.00,in,A
06/22/2012 08:41:04 PM,06/22/2012 08:41:33 PM,0.00,in,A
06/22/2012 08:42:58 AM,06/22/2012 08:43:03 AM,0.00,in,A
06/21/2012 08:44:52 PM,06/21/2012 08:45:03 PM,0.00,in,A
06/21/2012 08:46:47 AM,06/21/2012 08:47:03 AM,0.00,in,A
06/21/2012 03:54:36 AM,06/21/2012 03:55:03 AM,0.04,in,A
06/21/2012 03:34:16 AM,06/21/2012 03:34:33 AM,0.04,in,A
06/21/2012 03:12:04 AM,06/21/2012 03:12:33 AM,0.04,in,A
06/21/2012 02:51:24 AM,06/21/2012 02:51:33 AM,0.04,in,A
06/21/2012 02:45:51 AM,06/21/2012 02:46:04 AM,0.08,in,A
06/21/2012 02:36:39 AM,06/21/2012 02:37:03 AM,0.04,in,A
06/21/2012 02:33:28 AM,06/21/2012 02:33:33 AM,0.04,in,A
06/21/2012 02:30:31 AM,06/21/2012 02:30:34 AM,0.04,in,A
06/21/2012 02:28:33 AM,06/21/2012 02:28:34 AM,0.04,in,A
06/21/2012 02:25:54 AM,06/21/2012 02:26:04 AM,0.04,in,A
06/21/2012 02:23:23 AM,06/21/2012 02:23:34 AM,0.04,in,A
06/21/2012 02:22:18 AM,06/21/2012 02:22:34 AM,0.08,in,A
06/21/2012 02:20:37 AM,06/21/2012 02:21:03 AM,0.08,in,A
06/21/2012 02:18:41 AM,06/21/2012 02:19:03 AM,0.04,in,A
06/21/2012 02:17:01 AM,06/21/2012 02:17:04 AM,0.04,in,AN
06/21/2012 02:10:47 AM,06/21/2012 02:11:04 AM,0.04,in,A
06/21/2012 02:10:01 AM,06/21/2012 02:10:04 AM,0.04,in,A
06/21/2012 02:09:11 AM,06/21/2012 02:09:34 AM,0.08,in,A
06/21/2012 02:07:46 AM,06/21/2012 02:08:04 AM,0.04,in,AN
06/21/2012 01:53:58 AM,06/21/2012 01:54:04 AM,0.04,in,A
06/21/2012 01:47:25 AM,06/21/2012 01:47:34 AM,0.04,in,A
06/21/2012 01:28:08 AM,06/21/2012 01:28:33 AM,0.04,in,A
06/21/2012 01:22:15 AM,06/21/2012 01:22:33 AM,0.04,in,A
06/20/2012 08:48:42 PM,06/20/2012 08:49:03 PM,0.00,in,A
06/20/2012 08:50:36 AM,06/20/2012 08:51:03 AM,0.00,in,A
06/19/2012 08:52:30 PM,06/19/2012 08:52:34 PM,0.00,in,A
06/19/2012 08:54:25 AM,06/19/2012 08:54:33 AM,0.00,in,A
06/18/2012 08:56:19 PM,06/18/2012 08:56:33 PM,0.00,in,A
06/18/2012 08:58:14 AM,06/18/2012 08:58:33 AM,0.00,in,A
06/17/2012 09:00:08 PM,06/17/2012 09:00:33 PM,0.00,in,A
06/17/2012 09:02:02 AM,06/17/2012 09:02:03 AM,0.00,in,A
06/16/2012 09:03:57 PM,06/16/2012 09:04:03 PM,0.00,in,A
06/16/2012 04:45:24 PM,06/16/2012 04:45:33 PM,0.04,in,A
06/16/2012 04:43:16 PM,06/16/2012 04:43:33 PM,0.04,in,A
06/16/2012 09:05:51 AM,06/16/2012 09:06:03 AM,0.00,in,A
06/15/2012 09:07:46 PM,06/15/2012 09:08:03 PM,0.00,in,A
06/15/2012 09:09:40 AM,06/15/2012 09:10:03 AM,0.00,in,A
06/14/2012 09:11:34 PM,06/14/2012 09:12:03 PM,0.00,in,A
06/14/2012 09:13:35 AM,06/14/2012 09:14:03 AM,0.00,in,A
06/13/2012 09:16:24 PM,06/13/2012 09:16:33 PM,0.00,in,A
06/13/2012 09:19:14 AM,06/13/2012 09:19:33 AM,0.00,in,A
06/12/2012 09:22:03 PM,06/12/2012 09:22:03 PM,0.00,in,A
06/12/2012 09:24:53 AM,06/12/2012 09:25:03 AM,0.00,in,A
06/11/2012 09:27:42 PM,06/11/2012 09:28:03 PM,0.00,in,A
06/11/2012 09:30:32 AM,06/11/2012 09:30:33 AM,0.04,in,A
06/11/2012 06:31:15 AM,06/11/2012 06:31:34 AM,0.04,in,A
06/11/2012 06:07:14 AM,06/11/2012 06:07:34 AM,0.04,in,A
06/11/2012 06:03:44 AM,06/11/2012 06:04:04 AM,0.04,in,A
06/11/2012 06:02:43 AM,06/11/2012 06:03:04 AM,0.12,in,A
06/11/2012 05:54:39 AM,06/11/2012 05:55:05 AM,0.08,in,A
06/11/2012 05:42:48 AM,06/11/2012 05:43:04 AM,0.04,in,A
06/10/2012 09:33:21 PM,06/10/2012 09:33:33 PM,0.00,in,A
06/10/2012 09:36:11 AM,06/10/2012 09:36:33 AM,0.00,in,A
06/09/2012 09:39:00 PM,06/09/2012 09:39:03 PM,0.00,in,A
06/08/2012 09:44:39 PM,06/08/2012 09:45:03 PM,0.00,in,A
06/08/2012 09:47:29 AM,06/08/2012 09:47:33 AM,0.00,in,A
06/07/2012 09:50:18 PM,06/07/2012 09:50:33 PM,0.00,in,A
06/07/2012 09:53:07 AM,06/07/2012 09:53:33 AM,0.00,in,A
06/06/2012 09:55:57 PM,06/06/2012 09:56:03 PM,0.00,in,A
06/06/2012 09:58:46 AM,06/06/2012 09:59:03 AM,0.00,in,A
06/05/2012 10:01:36 PM,06/05/2012 10:02:03 PM,0.00,in,A
06/05/2012 10:04:25 AM,06/05/2012 10:04:33 AM,0.00,in,A
06/04/2012 10:07:15 PM,06/04/2012 10:07:33 PM,0.00,in,A
06/04/2012 10:10:04 AM,06/04/2012 10:10:33 AM,0.00,in,A
06/03/2012 10:12:54 PM,06/03/2012 10:13:04 PM,0.00,in,A
06/03/2012 10:15:43 AM,06/03/2012 10:16:03 AM,0.00,in,A
06/02/2012 10:18:33 PM,06/02/2012 10:18:33 PM,0.00,in,A
06/02/2012 10:21:22 AM,06/02/2012 10:21:33 AM,0.00,in,A
06/01/2012 10:24:12 PM,06/01/2012 10:24:33 PM,0.00,in,A
06/01/2012 10:27:01 AM,06/01/2012 10:27:04 AM,0.00,in,A
05/31/2012 10:29:51 PM,05/31/2012 10:30:03 PM,0.00,in,A
05/31/2012 10:32:40 AM,05/31/2012 10:33:03 AM,0.00,in,A
05/31/2012 12:12:00 AM,05/31/2012 12:12:03 AM,0.04,in,A
05/30/2012 11:27:58 PM,05/30/2012 11:28:03 PM,0.04,in,A
05/30/2012 11:22:16 PM,05/30/2012 11:22:33 PM,0.04,in,A
05/30/2012 10:35:30 PM,05/30/2012 10:35:33 PM,0.00,in,A
05/30/2012 10:38:19 AM,05/30/2012 10:38:33 AM,0.00,in,A
05/30/2012 02:26:17 AM,05/30/2012 02:26:33 AM,0.04,in,A
05/29/2012 10:41:09 PM,05/29/2012 10:41:33 PM,0.00,in,A
05/29/2012 10:43:58 AM,05/29/2012 10:44:03 AM,0.00,in,A
05/28/2012 10:46:48 PM,05/28/2012 10:47:03 PM,0.00,in,A
05/28/2012 10:49:37 AM,05/28/2012 10:50:03 AM,0.00,in,A
05/27/2012 10:52:27 PM,05/27/2012 10:52:33 PM,0.00,in,A
05/27/2012 10:55:16 AM,05/27/2012 10:55:33 AM,0.00,in,A
05/26/2012 10:58:06 PM,05/26/2012 10:58:33 PM,0.00,in,A
05/26/2012 11:00:55 AM,05/26/2012 11:01:03 AM,0.00,in,A
05/25/2012 11:03:45 PM,05/25/2012 11:04:03 PM,0.00,in,A
05/25/2012 11:06:34 AM,05/25/2012 11:07:03 AM,0.00,in,A
05/25/2012 09:17:37 AM,05/25/2012 09:18:03 AM,0.04,in,A
05/25/2012 09:14:56 AM,05/25/2012 09:15:06 AM,0.04,in,A
05/25/2012 09:13:43 AM,05/25/2012 09:14:03 AM,0.04,in,A
05/25/2012 09:12:19 AM,05/25/2012 09:12:33 AM,0.04,in,A
05/25/2012 09:04:54 AM,05/25/2012 09:05:03 AM,0.04,in,A
05/25/2012 09:00:50 AM,05/25/2012 09:01:03 AM,0.04,in,A
05/25/2012 08:59:31 AM,05/25/2012 08:59:36 AM,0.04,in,A
05/25/2012 08:58:53 AM,05/25/2012 08:59:06 AM,0.04,in,A
05/25/2012 08:57:53 AM,05/25/2012 08:58:06 AM,0.04,in,A
05/25/2012 08:57:17 AM,05/25/2012 08:57:33 AM,0.04,in,A
05/25/2012 08:56:47 AM,05/25/2012 08:57:03 AM,0.04,in,A
05/25/2012 08:56:21 AM,05/25/2012 08:56:33 AM,0.04,in,A
05/25/2012 08:55:53 AM,05/25/2012 08:56:03 AM,0.04,in,A
05/25/2012 08:55:20 AM,05/25/2012 08:55:33 AM,0.04,in,A
05/25/2012 08:54:58 AM,05/25/2012 08:55:03 AM,0.04,in,A
05/25/2012 08:54:15 AM,05/25/2012 08:54:33 AM,0.04,in,A
05/25/2012 08:53:22 AM,05/25/2012 08:53:33 AM,0.04,in,A
05/25/2012 08:51:52 AM,05/25/2012 08:52:05 AM,0.04,in,A
05/25/2012 08:43:12 AM,05/25/2012 08:43:33 AM,0.04,in,A
05/25/2012 08:27:25 AM,05/25/2012 08:27:33 AM,0.04,in,A
05/25/2012 08:24:43 AM,05/25/2012 08:25:03 AM,0.08,in,A
05/25/2012 08:20:47 AM,05/25/2012 08:21:03 AM,0.04,in,A
05/25/2012 08:16:59 AM,05/25/2012 08:17:03 AM,0.04,in,A
05/25/2012 08:15:46 AM,05/25/2012 08:16:03 AM,0.04,in,A
05/25/2012 08:14:01 AM,05/25/2012 08:14:03 AM,0.04,in,A
05/25/2012 08:12:45 AM,05/25/2012 08:13:03 AM,0.04,in,A
05/25/2012 08:11:41 AM,05/25/2012 08:12:03 AM,0.04,in,A
05/25/2012 08:11:02 AM,05/25/2012 08:11:03 AM,0.04,in,A
05/25/2012 08:10:19 AM,05/25/2012 08:10:33 AM,0.04,in,A
05/25/2012 08:09:58 AM,05/25/2012 08:10:06 AM,0.04,in,A
05/25/2012 08:09:36 AM,05/25/2012 08:10:06 AM,0.04,in,A
05/25/2012 08:09:13 AM,05/25/2012 08:09:33 AM,0.04,in,A
05/25/2012 08:09:01 AM,05/25/2012 08:09:03 AM,0.04,in,A
05/25/2012 08:08:41 AM,05/25/2012 08:09:03 AM,0.08,in,A
05/25/2012 08:07:57 AM,05/25/2012 08:08:03 AM,0.04,in,A
05/25/2012 08:07:14 AM,05/25/2012 08:07:33 AM,0.04,in,A
05/25/2012 08:06:53 AM,05/25/2012 08:07:03 AM,0.08,in,A
05/25/2012 08:06:10 AM,05/25/2012 08:06:33 AM,0.04,in,A
05/25/2012 08:05:49 AM,05/25/2012 08:06:03 AM,0.04,in,A
05/25/2012 08:05:06 AM,05/25/2012 08:05:33 AM,0.08,in,A
05/25/2012 08:04:11 AM,05/25/2012 08:04:33 AM,0.04,in,A
05/25/2012 08:03:43 AM,05/25/2012 08:04:03 AM,0.04,in,A
05/25/2012 08:02:48 AM,05/25/2012 08:03:03 AM,0.04,in,A
05/25/2012 08:01:16 AM,05/25/2012 08:01:33 AM,0.04,in,A
05/25/2012 07:56:55 AM,05/25/2012 07:57:03 AM,0.04,in,A
05/25/2012 07:51:48 AM,05/25/2012 07:52:03 AM,0.04,in,A
05/25/2012 07:45:39 AM,05/25/2012 07:46:03 AM,0.04,in,A
05/25/2012 07:44:11 AM,05/25/2012 07:44:33 AM,0.04,in,A
05/25/2012 07:43:20 AM,05/25/2012 07:43:33 AM,0.04,in,A
05/25/2012 07:42:41 AM,05/25/2012 07:43:03 AM,0.04,in,A
05/25/2012 07:41:55 AM,05/25/2012 07:42:03 AM,0.12,in,A
05/25/2012 07:40:20 AM,05/25/2012 07:40:33 AM,0.04,in,A
05/25/2012 07:39:52 AM,05/25/2012 07:40:03 AM,0.04,in,A
05/25/2012 07:39:19 AM,05/25/2012 07:39:33 AM,0.04,in,A
05/25/2012 07:38:43 AM,05/25/2012 07:39:03 AM,0.04,in,A
05/25/2012 07:37:58 AM,05/25/2012 07:38:03 AM,0.04,in,A
05/25/2012 07:37:04 AM,05/25/2012 07:37:33 AM,0.04,in,A
05/25/2012 07:36:07 AM,05/25/2012 07:36:33 AM,0.04,in,A
05/25/2012 07:11:56 AM,05/25/2012 07:12:03 AM,0.08,in,A
05/25/2012 06:29:22 AM,05/25/2012 06:29:33 AM,0.04,in,A
05/25/2012 06:27:20 AM,05/25/2012 06:27:33 AM,0.04,in,A
05/25/2012 06:26:11 AM,05/25/2012 06:26:33 AM,0.04,in,A
05/25/2012 06:24:49 AM,05/25/2012 06:25:03 AM,0.04,in,A
05/25/2012 06:23:56 AM,05/25/2012 06:24:03 AM,0.04,in,A
05/25/2012 06:23:16 AM,05/25/2012 06:23:33 AM,0.04,in,A
05/25/2012 06:22:39 AM,05/25/2012 06:23:03 AM,0.04,in,A
05/25/2012 06:22:03 AM,05/25/2012 06:22:03 AM,0.04,in,A
05/25/2012 06:21:27 AM,05/25/2012 06:21:33 AM,0.04,in,A
05/25/2012 06:20:50 AM,05/25/2012 06:21:03 AM,0.04,in,A
05/25/2012 06:20:19 AM,05/25/2012 06:20:33 AM,0.04,in,A
05/25/2012 06:19:50 AM,05/25/2012 06:20:03 AM,0.04,in,A
05/25/2012 06:19:22 AM,05/25/2012 06:19:33 AM,0.04,in,A
05/25/2012 06:18:54 AM,05/25/2012 06:19:03 AM,0.04,in,A
05/25/2012 06:18:21 AM,05/25/2012 06:18:33 AM,0.04,in,A
05/25/2012 06:17:18 AM,05/25/2012 06:17:33 AM,0.04,in,A
05/25/2012 06:16:29 AM,05/25/2012 06:16:33 AM,0.04,in,A
05/25/2012 06:15:43 AM,05/25/2012 06:16:03 AM,0.04,in,A
05/25/2012 06:15:06 AM,05/25/2012 06:15:34 AM,0.04,in,A
05/25/2012 06:14:31 AM,05/25/2012 06:14:34 AM,0.04,in,A
05/25/2012 06:14:03 AM,05/25/2012 06:14:34 AM,0.08,in,A
05/25/2012 06:13:00 AM,05/25/2012 06:13:04 AM,0.04,in,A
05/25/2012 06:12:36 AM,05/25/2012 06:13:04 AM,0.04,in,A
05/25/2012 06:12:13 AM,05/25/2012 06:12:33 AM,0.04,in,A
05/25/2012 06:11:44 AM,05/25/2012 06:12:03 AM,0.04,in,A
05/25/2012 06:11:04 AM,05/25/2012 06:11:33 AM,0.04,in,A
05/25/2012 06:10:31 AM,05/25/2012 06:10:33 AM,0.04,in,A
05/25/2012 06:09:55 AM,05/25/2012 06:10:03 AM,0.08,in,A
05/25/2012 06:07:54 AM,05/25/2012 06:08:03 AM,0.04,in,A
05/25/2012 06:05:14 AM,05/25/2012 06:05:33 AM,0.04,in,A
05/25/2012 06:02:54 AM,05/25/2012 06:03:03 AM,0.04,in,A
05/25/2012 06:01:07 AM,05/25/2012 06:01:33 AM,0.04,in,A
05/25/2012 05:59:40 AM,05/25/2012 06:00:03 AM,0.04,in,A
05/25/2012 05:57:41 AM,05/25/2012 05:58:03 AM,0.04,in,A
05/25/2012 05:43:21 AM,05/25/2012 05:43:33 AM,0.04,in,A
05/25/2012 01:46:58 AM,05/25/2012 01:47:03 AM,0.04,in,A
05/24/2012 11:09:24 PM,05/24/2012 11:09:33 PM,0.04,in,A
05/24/2012 09:11:10 PM,05/24/2012 09:11:33 PM,0.04,in,A
05/24/2012 11:12:14 AM,05/24/2012 11:12:33 AM,0.00,in,A
05/23/2012 11:15:03 PM,05/23/2012 11:15:33 PM,0.00,in,A
05/23/2012 11:17:53 AM,05/23/2012 11:18:03 AM,0.00,in,A
05/22/2012 11:20:42 PM,05/22/2012 11:21:03 PM,0.00,in,A
05/22/2012 11:23:32 AM,05/22/2012 11:23:33 AM,0.00,in,A
05/21/2012 11:26:21 PM,05/21/2012 11:26:33 PM,0.00,in,A
05/21/2012 11:29:11 AM,05/21/2012 11:29:33 AM,0.00,in,A
05/20/2012 11:32:00 PM,05/20/2012 11:32:03 PM,0.00,in,A
05/20/2012 11:34:50 AM,05/20/2012 11:35:03 AM,0.00,in,A
05/19/2012 11:37:39 PM,05/19/2012 11:38:03 PM,0.00,in,A
05/19/2012 11:40:29 AM,05/19/2012 11:40:33 AM,0.00,in,A
05/18/2012 11:43:18 PM,05/18/2012 11:43:33 PM,0.00,in,A
05/18/2012 11:46:07 AM,05/18/2012 11:46:33 AM,0.00,in,A
05/17/2012 11:48:57 PM,05/17/2012 11:49:03 PM,0.00,in,A
05/17/2012 11:51:46 AM,05/17/2012 11:52:03 AM,0.00,in,A
05/16/2012 11:54:36 PM,05/16/2012 11:55:03 PM,0.00,in,A
05/16/2012 11:57:25 AM,05/16/2012 11:57:33 AM,0.00,in,A
05/16/2012 12:00:15 AM,05/16/2012 12:00:33 AM,0.00,in,A
05/15/2012 12:03:04 PM,05/15/2012 12:03:33 PM,0.00,in,A
05/14/2012 12:08:43 PM,05/14/2012 12:09:03 PM,0.00,in,A
05/14/2012 12:11:32 AM,05/14/2012 12:11:33 AM,0.00,in,A
05/13/2012 12:14:22 PM,05/13/2012 12:14:33 PM,0.00,in,A
05/13/2012 12:17:11 AM,05/13/2012 12:17:33 AM,0.00,in,A
05/12/2012 12:20:01 PM,05/12/2012 12:20:03 PM,0.00,in,A
05/12/2012 12:22:50 AM,05/12/2012 12:23:03 AM,0.00,in,A
05/11/2012 12:25:40 PM,05/11/2012 12:26:03 PM,0.00,in,A
05/11/2012 12:28:29 AM,05/11/2012 12:28:33 AM,0.00,in,A
05/10/2012 12:31:19 PM,05/10/2012 12:31:33 PM,0.00,in,A
05/10/2012 12:34:08 AM,05/10/2012 12:34:33 AM,0.00,in,A
05/09/2012 12:36:57 PM,05/09/2012 12:37:03 PM,0.00,in,A
05/09/2012 12:39:47 AM,05/09/2012 12:40:03 AM,0.00,in,A
05/08/2012 12:42:36 PM,05/08/2012 12:43:03 PM,0.00,in,A
05/08/2012 12:45:26 AM,05/08/2012 12:45:33 AM,0.00,in,A
05/07/2012 12:48:15 PM,05/07/2012 12:48:34 PM,0.00,in,A
05/07/2012 09:06:57 AM,05/07/2012 09:07:03 AM,0.04,in,A
05/07/2012 06:13:52 AM,05/07/2012 06:14:03 AM,0.04,in,A
05/07/2012 04:26:11 AM,05/07/2012 04:26:33 AM,0.04,in,A
05/07/2012 12:51:05 AM,05/07/2012 12:51:33 AM,0.00,in,A
05/07/2012 12:10:51 AM,05/07/2012 12:11:03 AM,0.04,in,A
05/06/2012 11:19:30 PM,05/06/2012 11:19:33 PM,0.04,in,A
05/06/2012 08:30:32 PM,05/06/2012 08:30:33 PM,0.04,in,A
05/06/2012 08:21:09 PM,05/06/2012 08:21:33 PM,0.08,in,A
05/06/2012 08:10:09 PM,05/06/2012 08:10:33 PM,0.04,in,A
05/06/2012 08:08:26 PM,05/06/2012 08:08:33 PM,0.08,in,A
05/06/2012 08:05:08 PM,05/06/2012 08:05:33 PM,0.08,in,A
05/06/2012 08:00:31 PM,05/06/2012 08:00:33 PM,0.04,in,A
05/06/2012 07:59:31 PM,05/06/2012 07:59:33 PM,0.04,in,A
05/06/2012 07:58:25 PM,05/06/2012 07:58:33 PM,0.04,in,A
05/06/2012 07:57:54 PM,05/06/2012 07:58:03 PM,0.04,in,A
05/06/2012 07:54:00 PM,05/06/2012 07:54:03 PM,0.04,in,A
05/06/2012 07:48:27 PM,05/06/2012 07:48:33 PM,0.04,in,A
05/06/2012 07:46:07 PM,05/06/2012 07:46:33 PM,0.04,in,A
05/06/2012 07:44:51 PM,05/06/2012 07:45:03 PM,0.04,in,A
05/06/2012 07:42:51 PM,05/06/2012 07:43:03 PM,0.04,in,A
05/06/2012 07:40:27 PM,05/06/2012 07:40:33 PM,0.04,in,A
05/06/2012 07:39:06 PM,05/06/2012 07:39:33 PM,0.08,in,A
05/06/2012 07:37:18 PM,05/06/2012 07:37:33 PM,0.04,in,A
05/06/2012 07:36:50 PM,05/06/2012 07:37:03 PM,0.04,in,A
05/06/2012 07:36:02 PM,05/06/2012 07:36:03 PM,0.04,in,A
05/06/2012 07:35:27 PM,05/06/2012 07:35:33 PM,0.04,in,A
05/06/2012 07:34:51 PM,05/06/2012 07:35:03 PM,0.04,in,A
05/06/2012 07:34:25 PM,05/06/2012 07:34:33 PM,0.04,in,A
05/06/2012 07:33:59 PM,05/06/2012 07:34:03 PM,0.08,in,A
05/06/2012 07:33:05 PM,05/06/2012 07:33:34 PM,0.04,in,A
05/06/2012 07:32:25 PM,05/06/2012 07:32:34 PM,0.04,in,A
05/06/2012 07:31:44 PM,05/06/2012 07:32:03 PM,0.04,in,A
05/06/2012 07:31:15 PM,05/06/2012 07:31:33 PM,0.08,in,A
05/06/2012 07:29:52 PM,05/06/2012 07:30:03 PM,0.04,in,A
05/06/2012 07:28:24 PM,05/06/2012 07:28:33 PM,0.04,in,A
05/06/2012 07:27:00 PM,05/06/2012 07:27:03 PM,0.04,in,A
05/06/2012 07:25:49 PM,05/06/2012 07:26:03 PM,0.12,in,A
05/06/2012 07:21:48 PM,05/06/2012 07:22:03 PM,0.04,in,A
05/06/2012 07:20:28 PM,05/06/2012 07:20:33 PM,0.04,in,A
05/06/2012 07:19:22 PM,05/06/2012 07:19:33 PM,0.04,in,A
05/06/2012 07:18:07 PM,05/06/2012 07:18:33 PM,0.04,in,A
05/06/2012 07:16:26 PM,05/06/2012 07:16:33 PM,0.04,in,A
05/06/2012 07:11:43 PM,05/06/2012 07:12:03 PM,0.04,in,A
05/06/2012 07:09:24 PM,05/06/2012 07:09:33 PM,0.04,in,A
05/06/2012 07:06:59 PM,05/06/2012 07:07:03 PM,0.04,in,A
05/06/2012 06:47:22 PM,05/06/2012 06:47:33 PM,0.04,in,A
05/06/2012 04:59:03 PM,05/06/2012 04:59:03 PM,0.04,in,A
05/06/2012 04:57:18 PM,05/06/2012 04:57:33 PM,0.04,in,A
05/06/2012 04:55:04 PM,05/06/2012 04:55:33 PM,0.04,in,A
05/06/2012 04:53:41 PM,05/06/2012 04:54:03 PM,0.04,in,A
05/06/2012 04:51:32 PM,05/06/2012 04:51:33 PM,0.04,in,A
05/06/2012 04:42:45 PM,05/06/2012 04:43:03 PM,0.04,in,A
05/06/2012 04:40:44 PM,05/06/2012 04:41:03 PM,0.04,in,A
05/06/2012 04:39:13 PM,05/06/2012 04:39:33 PM,0.04,in,A
05/06/2012 04:38:14 PM,05/06/2012 04:38:33 PM,0.04,in,A
05/06/2012 04:36:51 PM,05/06/2012 04:37:03 PM,0.04,in,A
05/06/2012 12:53:55 PM,05/06/2012 12:54:03 PM,0.04,in,A
05/06/2012 11:30:28 AM,05/06/2012 11:30:34 AM,0.12,in,A
05/06/2012 10:55:45 AM,05/06/2012 10:56:06 AM,0.08,in,A
05/06/2012 10:52:31 AM,05/06/2012 10:52:34 AM,0.16,in,A
05/06/2012 10:42:44 AM,05/06/2012 10:43:04 AM,0.04,in,A
05/06/2012 10:41:15 AM,05/06/2012 10:41:34 AM,0.08,in,A
05/06/2012 10:39:06 AM,05/06/2012 10:39:34 AM,0.04,in,A
05/06/2012 10:38:07 AM,05/06/2012 10:38:34 AM,0.04,in,A
05/06/2012 10:37:24 AM,05/06/2012 10:37:34 AM,0.04,in,A
05/06/2012 10:36:51 AM,05/06/2012 10:37:04 AM,0.04,in,A
05/06/2012 10:36:20 AM,05/06/2012 10:36:34 AM,0.08,in,A
05/06/2012 10:34:18 AM,05/06/2012 10:34:34 AM,0.08,in,A
05/06/2012 10:25:04 AM,05/06/2012 10:25:33 AM,0.04,in,A
05/06/2012 12:56:44 AM,05/06/2012 12:57:03 AM,0.00,in,A
05/05/2012 12:59:34 PM,05/05/2012 01:00:03 PM,0.00,in,A
05/05/2012 01:02:23 AM,05/05/2012 01:02:35 AM,0.00,in,A
05/04/2012 01:05:13 PM,05/04/2012 01:05:33 PM,0.00,in,A
05/04/2012 06:08:52 AM,05/04/2012 06:09:03 AM,0.04,in,A
05/04/2012 01:08:02 AM,05/04/2012 01:08:03 AM,0.00,in,A
05/03/2012 01:10:52 PM,05/03/2012 01:11:03 PM,0.00,in,A
05/03/2012 01:13:41 AM,05/03/2012 01:14:03 AM,0.00,in,A
05/02/2012 01:16:31 PM,05/02/2012 01:16:33 PM,0.00,in,A
05/02/2012 01:19:20 AM,05/02/2012 01:19:39 AM,0.00,in,A
05/01/2012 01:22:10 PM,05/01/2012 01:22:33 PM,0.00,in,A
05/01/2012 04:05:53 AM,05/01/2012 04:06:03 AM,0.04,in,A
05/01/2012 03:38:41 AM,05/01/2012 03:39:03 AM,0.04,in,A
05/01/2012 03:24:07 AM,05/01/2012 03:24:33 AM,0.04,in,A
05/01/2012 03:08:48 AM,05/01/2012 03:09:03 AM,0.04,in,A
05/01/2012 02:55:46 AM,05/01/2012 02:56:03 AM,0.04,in,A
05/01/2012 02:42:01 AM,05/01/2012 02:42:04 AM,0.04,in,A
05/01/2012 02:26:46 AM,05/01/2012 02:27:03 AM,0.04,in,A
05/01/2012 01:59:25 AM,05/01/2012 01:59:33 AM,0.04,in,A
05/01/2012 01:39:03 AM,05/01/2012 01:39:03 AM,0.04,in,A
05/01/2012 01:24:59 AM,05/01/2012 01:25:03 AM,0.00,in,A
05/01/2012 01:21:28 AM,05/01/2012 01:21:33 AM,0.04,in,A
05/01/2012 01:18:15 AM,05/01/2012 01:18:33 AM,0.04,in,A
04/30/2012 01:27:48 PM,04/30/2012 01:28:03 PM,0.00,in,A
04/30/2012 01:30:38 AM,04/30/2012 01:31:03 AM,0.00,in,A
04/29/2012 08:41:46 PM,04/29/2012 08:42:03 PM,0.04,in,A
04/29/2012 08:01:53 PM,04/29/2012 08:02:03 PM,0.04,in,A
04/29/2012 07:59:54 PM,04/29/2012 08:00:03 PM,0.04,in,A
04/29/2012 07:51:47 PM,04/29/2012 07:52:03 PM,0.04,in,A
04/29/2012 07:48:40 PM,04/29/2012 07:49:05 PM,0.04,in,A
04/29/2012 07:47:34 PM,04/29/2012 07:48:03 PM,0.04,in,A
04/29/2012 07:44:25 PM,04/29/2012 07:44:33 PM,0.04,in,A
04/29/2012 07:23:50 PM,04/29/2012 07:24:03 PM,0.04,in,A
04/29/2012 07:12:32 PM,04/29/2012 07:12:33 PM,0.04,in,A
04/29/2012 07:11:00 PM,04/29/2012 07:11:03 PM,0.04,in,A
04/29/2012 07:09:18 PM,04/29/2012 07:09:33 PM,0.04,in,A
04/29/2012 07:07:52 PM,04/29/2012 07:08:03 PM,0.04,in,A
04/29/2012 07:03:29 PM,04/29/2012 07:03:33 PM,0.04,in,A
04/29/2012 06:59:46 PM,04/29/2012 07:00:03 PM,0.04,in,A
04/29/2012 06:15:26 PM,04/29/2012 06:15:33 PM,0.04,in,A
04/29/2012 01:33:27 PM,04/29/2012 01:33:33 PM,0.00,in,A
04/29/2012 12:21:27 PM,04/29/2012 12:21:35 PM,0.04,in,A
04/29/2012 12:06:55 PM,04/29/2012 12:07:05 PM,0.04,in,A
04/29/2012 12:00:39 PM,04/29/2012 12:01:03 PM,0.04,in,A
04/29/2012 11:54:21 AM,04/29/2012 11:54:34 AM,0.04,in,A
04/29/2012 11:48:20 AM,04/29/2012 11:48:33 AM,0.04,in,A
04/29/2012 11:41:51 AM,04/29/2012 11:42:03 AM,0.04,in,A
04/29/2012 11:35:49 AM,04/29/2012 11:36:04 AM,0.04,in,A
04/29/2012 11:32:17 AM,04/29/2012 11:32:33 AM,0.04,in,A
04/29/2012 11:25:05 AM,04/29/2012 11:25:33 AM,0.04,in,A
04/29/2012 11:06:58 AM,04/29/2012 11:07:03 AM,0.04,in,A
04/29/2012 07:28:46 AM,04/29/2012 07:29:03 AM,0.04,in,A
04/29/2012 06:52:35 AM,04/29/2012 06:53:03 AM,0.04,in,A
04/29/2012 06:40:38 AM,04/29/2012 06:41:03 AM,0.04,in,A
04/29/2012 06:25:16 AM,04/29/2012 06:25:33 AM,0.04,in,A
04/29/2012 05:48:09 AM,04/29/2012 05:48:33 AM,0.04,in,A
04/29/2012 01:36:17 AM,04/29/2012 01:36:33 AM,0.00,in,A
04/28/2012 01:39:06 PM,04/28/2012 01:39:33 PM,0.00,in,A
04/28/2012 01:41:56 AM,04/28/2012 01:42:03 AM,0.00,in,A
04/27/2012 01:44:45 PM,04/27/2012 01:45:03 PM,0.00,in,A
04/27/2012 01:47:34 AM,04/27/2012 01:48:03 AM,0.00,in,A
04/26/2012 01:50:24 PM,04/26/2012 01:50:33 PM,0.00,in,A
04/26/2012 01:53:13 AM,04/26/2012 01:53:33 AM,0.00,in,A
04/25/2012 01:58:52 AM,04/25/2012 01:59:03 AM,0.00,in,A
04/24/2012 02:01:42 PM,04/24/2012 02:02:03 PM,0.00,in,A
04/24/2012 02:04:31 AM,04/24/2012 02:04:33 AM,0.00,in,A
04/23/2012 02:07:20 PM,04/23/2012 02:07:33 PM,0.00,in,A
04/23/2012 02:10:10 AM,04/23/2012 02:10:33 AM,0.00,in,A
04/22/2012 02:12:59 PM,04/22/2012 02:13:03 PM,0.00,in,A
04/22/2012 02:15:48 AM,04/22/2012 02:16:03 AM,0.00,in,A
04/21/2012 02:18:38 PM,04/21/2012 02:19:03 PM,0.00,in,A
04/21/2012 02:21:27 AM,04/21/2012 02:21:33 AM,0.00,in,A
04/20/2012 02:24:16 PM,04/20/2012 02:24:33 PM,0.00,in,A
04/20/2012 02:27:06 AM,04/20/2012 02:27:33 AM,0.00,in,A
04/19/2012 02:29:55 PM,04/19/2012 02:30:04 PM,0.00,in,A
04/19/2012 02:32:44 AM,04/19/2012 11:26:14 AM,0.00,in,A
04/18/2012 02:35:34 PM,04/19/2012 11:26:14 AM,0.00,in,A
04/18/2012 02:38:23 AM,04/19/2012 11:26:14 AM,0.00,in,A
04/17/2012 02:41:13 PM,04/19/2012 11:26:14 AM,0.00,in,A
04/17/2012 02:44:02 AM,04/19/2012 11:26:14 AM,0.00,in,A
04/16/2012 02:46:51 PM,04/19/2012 11:26:14 AM,0.00,in,A
04/15/2012 02:52:30 PM,04/19/2012 11:26:14 AM,0.00,in,A
04/15/2012 08:02:48 AM,04/19/2012 11:26:14 AM,0.04,in,A
04/15/2012 02:55:19 AM,04/19/2012 11:26:14 AM,0.00,in,A
04/14/2012 02:58:09 PM,04/19/2012 11:26:14 AM,0.00,in,A
04/14/2012 03:00:58 AM,04/19/2012 11:26:14 AM,0.00,in,A
04/13/2012 03:03:47 PM,04/19/2012 11:26:14 AM,0.00,in,A
04/13/2012 05:07:14 AM,04/19/2012 11:26:14 AM,0.04,in,A
04/13/2012 03:06:37 AM,04/19/2012 11:26:14 AM,0.00,in,A
04/12/2012 06:05:56 PM,04/19/2012 11:26:14 AM,0.04,in,A
04/12/2012 03:09:26 PM,04/19/2012 11:26:14 AM,0.00,in,A
04/12/2012 03:04:28 PM,04/19/2012 11:26:14 AM,0.04,in,A
04/12/2012 03:12:15 AM,04/19/2012 11:26:14 AM,0.00,in,A
04/11/2012 03:15:04 PM,04/19/2012 11:26:14 AM,0.00,in,A
04/11/2012 03:17:54 AM,04/19/2012 11:26:14 AM,0.00,in,A
04/10/2012 03:20:43 PM,04/19/2012 11:26:14 AM,0.00,in,A
04/10/2012 03:23:32 AM,04/19/2012 11:26:14 AM,0.00,in,A
04/09/2012 03:26:21 PM,04/19/2012 11:26:14 AM,0.00,in,A
04/09/2012 03:29:11 AM,04/19/2012 11:26:14 AM,0.00,in,A
04/08/2012 03:32:00 PM,04/19/2012 11:26:14 AM,0.00,in,A
04/08/2012 03:34:49 AM,04/19/2012 11:26:14 AM,0.00,in,A
04/07/2012 03:37:38 PM,04/19/2012 11:26:14 AM,0.00,in,A
04/07/2012 03:40:28 AM,04/19/2012 11:26:14 AM,0.00,in,A
04/06/2012 03:43:17 PM,04/19/2012 11:26:14 AM,0.00,in,A
04/06/2012 03:46:06 AM,04/19/2012 11:26:14 AM,0.00,in,A
04/05/2012 03:48:56 PM,04/19/2012 11:26:14 AM,0.00,in,A
04/05/2012 03:51:45 AM,04/19/2012 11:26:14 AM,0.00,in,A
04/04/2012 03:54:34 PM,04/19/2012 11:26:14 AM,0.00,in,A
04/04/2012 03:14:11 PM,04/19/2012 11:26:14 AM,0.04,in,A
04/04/2012 03:57:24 AM,04/19/2012 11:26:14 AM,0.00,in,A
04/03/2012 04:00:13 PM,04/19/2012 11:26:14 AM,0.00,in,A
04/03/2012 04:03:03 AM,04/19/2012 11:26:14 AM,0.00,in,A
04/02/2012 04:05:52 PM,04/19/2012 11:26:14 AM,0.00,in,A
04/02/2012 04:08:41 AM,04/19/2012 11:26:14 AM,0.00,in,A
04/01/2012 04:11:31 PM,04/19/2012 11:26:14 AM,0.00,in,A
04/01/2012 04:14:20 AM,04/19/2012 11:26:14 AM,0.00,in,A
03/31/2012 04:17:10 PM,04/19/2012 11:26:14 AM,0.00,in,A
03/31/2012 04:19:59 AM,04/19/2012 11:26:14 AM,0.00,in,A
03/30/2012 04:22:49 PM,04/19/2012 11:26:14 AM,0.00,in,A
03/29/2012 04:28:27 PM,04/19/2012 11:26:14 AM,0.00,in,A
03/29/2012 04:31:17 AM,04/19/2012 11:26:14 AM,0.00,in,A
03/28/2012 04:34:06 PM,04/19/2012 11:26:14 AM,0.00,in,A
03/28/2012 04:36:56 AM,04/19/2012 11:26:14 AM,0.00,in,A
03/27/2012 04:39:45 PM,04/19/2012 11:26:14 AM,0.00,in,A
03/27/2012 04:42:34 AM,04/19/2012 11:26:14 AM,0.00,in,A
03/26/2012 04:45:24 PM,04/19/2012 11:26:14 AM,0.00,in,A
03/26/2012 04:48:13 AM,04/19/2012 11:26:14 AM,0.00,in,A
03/25/2012 04:51:02 PM,04/19/2012 11:26:14 AM,0.00,in,A
03/25/2012 04:53:52 AM,04/19/2012 11:26:14 AM,0.00,in,A
03/24/2012 04:56:41 PM,04/19/2012 11:26:14 AM,0.00,in,A
03/24/2012 04:59:30 AM,04/19/2012 11:26:14 AM,0.00,in,A
03/23/2012 05:02:19 PM,04/19/2012 11:26:14 AM,0.00,in,A
03/23/2012 05:05:09 AM,04/19/2012 11:26:14 AM,0.00,in,A
03/22/2012 07:56:58 PM,04/19/2012 11:26:14 AM,0.04,in,A
03/22/2012 07:26:57 PM,04/19/2012 11:26:14 AM,0.04,in,A
03/22/2012 07:20:13 PM,04/19/2012 11:26:14 AM,0.04,in,A
03/22/2012 07:07:46 PM,04/19/2012 11:26:14 AM,0.04,in,A
03/22/2012 06:55:29 PM,04/19/2012 11:26:14 AM,0.04,in,A
03/22/2012 06:09:38 PM,04/19/2012 11:26:14 AM,0.04,in,A
03/22/2012 04:06:47 PM,04/19/2012 11:26:14 AM,0.04,in,A
03/22/2012 05:10:47 AM,04/19/2012 11:26:14 AM,0.00,in,A
03/21/2012 07:24:33 PM,04/19/2012 11:26:14 AM,0.04,in,A
03/21/2012 05:13:36 PM,04/19/2012 11:26:14 AM,0.00,in,A
03/21/2012 02:40:40 PM,04/19/2012 11:26:14 AM,0.08,in,A
03/21/2012 01:22:11 PM,04/19/2012 11:26:14 AM,0.04,in,A
03/21/2012 12:58:11 PM,04/19/2012 11:26:14 AM,0.04,in,A
03/21/2012 12:42:20 PM,04/19/2012 11:26:14 AM,0.04,in,A
03/21/2012 05:16:26 AM,04/19/2012 11:26:14 AM,0.00,in,A
03/21/2012 01:46:36 AM,04/19/2012 11:26:14 AM,0.04,in,A
03/20/2012 07:19:23 PM,04/19/2012 11:26:14 AM,0.04,in,A
03/20/2012 06:45:25 PM,04/19/2012 11:26:14 AM,0.04,in,A
03/20/2012 06:22:07 PM,04/19/2012 11:26:14 AM,0.04,in,A
03/20/2012 06:06:08 PM,04/19/2012 11:26:14 AM,0.04,in,A
03/20/2012 05:19:15 PM,04/19/2012 11:26:14 AM,0.00,in,A
03/20/2012 04:32:11 PM,04/19/2012 11:26:14 AM,0.04,in,A
03/20/2012 12:30:55 PM,04/19/2012 11:26:14 AM,0.04,in,A
03/20/2012 12:10:33 PM,04/19/2012 11:26:14 AM,0.04,in,A
03/20/2012 11:18:03 AM,04/19/2012 11:26:14 AM,0.04,in,A
03/20/2012 09:50:28 AM,04/19/2012 11:26:14 AM,0.04,in,A
03/20/2012 08:19:11 AM,04/19/2012 11:26:14 AM,0.04,in,A
03/20/2012 07:24:49 AM,04/19/2012 11:26:14 AM,0.04,in,A
03/20/2012 06:54:50 AM,04/19/2012 11:26:14 AM,0.04,in,A
03/20/2012 06:22:13 AM,04/19/2012 11:26:14 AM,0.04,in,A
03/20/2012 05:22:05 AM,04/19/2012 11:26:14 AM,0.08,in,A
03/20/2012 01:45:25 AM,04/19/2012 11:26:14 AM,0.04,in,A
03/20/2012 01:26:30 AM,04/19/2012 11:26:14 AM,0.04,in,A
03/20/2012 01:02:05 AM,04/19/2012 11:26:14 AM,0.04,in,A
03/20/2012 12:37:50 AM,04/19/2012 11:26:14 AM,0.04,in,A
03/19/2012 11:56:48 PM,04/19/2012 11:26:13 AM,0.04,in,A
03/19/2012 11:19:13 PM,04/19/2012 11:26:13 AM,0.04,in,A
03/19/2012 10:54:40 PM,04/19/2012 11:26:13 AM,0.04,in,A
03/19/2012 10:32:00 PM,04/19/2012 11:26:13 AM,0.04,in,A
03/19/2012 09:41:55 PM,04/19/2012 11:26:13 AM,0.04,in,A
03/19/2012 09:09:18 PM,04/19/2012 11:26:13 AM,0.04,in,A
03/19/2012 08:50:01 PM,04/19/2012 11:26:13 AM,0.04,in,A
03/19/2012 08:38:47 PM,04/19/2012 11:26:13 AM,0.04,in,A
03/19/2012 08:22:00 PM,04/19/2012 11:26:13 AM,0.04,in,A
03/19/2012 08:05:43 PM,04/19/2012 11:26:13 AM,0.04,in,A
03/19/2012 07:51:00 PM,04/19/2012 11:26:13 AM,0.04,in,A
03/19/2012 07:40:19 PM,04/19/2012 11:26:13 AM,0.04,in,A
03/19/2012 07:27:45 PM,04/19/2012 11:26:13 AM,0.04,in,A
03/19/2012 05:55:47 PM,04/19/2012 11:26:13 AM,0.04,in,A
03/19/2012 05:24:54 PM,04/19/2012 11:26:13 AM,0.00,in,A
03/19/2012 05:21:08 PM,04/19/2012 11:26:13 AM,0.04,in,A
03/19/2012 04:14:56 PM,04/19/2012 11:26:13 AM,0.04,in,A
03/19/2012 04:02:25 PM,04/19/2012 11:26:13 AM,0.04,in,A
03/19/2012 03:54:18 PM,04/19/2012 11:26:13 AM,0.04,in,A
03/19/2012 03:44:29 PM,04/19/2012 11:26:13 AM,0.04,in,A
03/19/2012 03:20:47 PM,04/19/2012 11:26:13 AM,0.04,in,A
03/19/2012 03:04:14 PM,04/19/2012 11:26:13 AM,0.04,in,A
03/19/2012 02:55:23 PM,04/19/2012 11:26:13 AM,0.04,in,A
03/19/2012 02:49:02 PM,04/19/2012 11:26:13 AM,0.04,in,A
03/19/2012 02:41:03 PM,04/19/2012 11:26:13 AM,0.04,in,A
03/19/2012 02:38:03 PM,04/19/2012 11:26:13 AM,0.04,in,A
03/19/2012 02:36:40 PM,04/19/2012 11:26:13 AM,0.04,in,A
03/19/2012 02:35:50 PM,04/19/2012 11:26:13 AM,0.04,in,A
03/19/2012 02:35:07 PM,04/19/2012 11:26:13 AM,0.04,in,A
03/19/2012 02:34:15 PM,04/19/2012 11:26:13 AM,0.04,in,A
03/19/2012 02:33:36 PM,04/19/2012 11:26:13 AM,0.04,in,A
03/19/2012 02:32:55 PM,04/19/2012 11:26:13 AM,0.04,in,A
03/19/2012 02:32:19 PM,04/19/2012 11:26:13 AM,0.04,in,A
03/19/2012 05:27:43 AM,04/19/2012 11:26:13 AM,0.00,in,A
03/18/2012 05:30:33 PM,04/19/2012 11:26:13 AM,0.00,in,A
03/18/2012 05:33:22 AM,04/19/2012 11:26:13 AM,0.00,in,A
03/17/2012 05:36:12 PM,04/19/2012 11:26:13 AM,0.00,in,A
03/17/2012 05:39:01 AM,04/19/2012 11:26:13 AM,0.00,in,A
03/16/2012 05:41:50 PM,04/19/2012 11:26:13 AM,0.00,in,A
03/16/2012 05:44:40 AM,04/19/2012 11:26:13 AM,0.00,in,A
03/15/2012 05:47:29 PM,04/19/2012 11:26:13 AM,0.00,in,A
03/15/2012 05:50:19 AM,04/19/2012 11:26:13 AM,0.00,in,A
03/14/2012 05:53:08 PM,04/19/2012 11:26:13 AM,0.00,in,A
03/14/2012 05:55:57 AM,04/19/2012 11:26:13 AM,0.00,in,A
03/13/2012 05:58:47 PM,04/19/2012 11:26:13 AM,0.00,in,A
03/13/2012 06:01:36 AM,04/19/2012 11:26:13 AM,0.00,in,A
03/12/2012 06:04:25 PM,04/19/2012 11:26:13 AM,0.00,in,A
03/12/2012 06:07:14 AM,04/19/2012 11:26:13 AM,0.00,in,A
03/12/2012 01:14:02 AM,04/19/2012 11:26:13 AM,0.04,in,A
03/11/2012 06:10:03 PM,04/19/2012 11:26:13 AM,0.00,in,A
03/11/2012 04:40:16 PM,04/19/2012 11:26:13 AM,0.04,in,A
03/11/2012 04:12:41 PM,04/19/2012 11:26:13 AM,0.04,in,A
03/11/2012 03:43:43 PM,04/19/2012 11:26:13 AM,0.04,in,A
03/11/2012 03:30:06 PM,04/19/2012 11:26:13 AM,0.04,in,A
03/11/2012 03:22:54 PM,04/19/2012 11:26:13 AM,0.12,in,A
03/11/2012 02:58:16 PM,04/19/2012 11:26:13 AM,0.08,in,A
03/11/2012 02:42:52 PM,04/19/2012 11:26:13 AM,0.04,in,A
03/11/2012 02:35:33 PM,04/19/2012 11:26:13 AM,0.04,in,A
03/11/2012 01:02:35 PM,04/19/2012 11:26:13 AM,0.04,in,A
03/11/2012 09:23:35 AM,04/19/2012 11:26:13 AM,0.04,in,A
03/11/2012 08:49:42 AM,04/19/2012 11:26:13 AM,0.04,in,A
03/11/2012 08:32:54 AM,04/19/2012 11:26:13 AM,0.04,in,A
03/11/2012 06:54:36 AM,04/19/2012 11:26:13 AM,0.04,in,A
03/11/2012 06:12:52 AM,04/19/2012 11:26:13 AM,0.00,in,A
03/10/2012 05:15:41 PM,04/19/2012 11:26:13 AM,0.00,in,A
03/10/2012 05:18:30 AM,04/19/2012 11:26:13 AM,0.00,in,A
03/09/2012 05:21:19 PM,04/19/2012 11:26:13 AM,0.00,in,A
03/09/2012 05:24:08 AM,04/19/2012 11:26:13 AM,0.00,in,A
03/08/2012 05:26:57 PM,04/19/2012 11:26:13 AM,0.00,in,A
03/08/2012 05:29:46 AM,04/19/2012 11:26:13 AM,0.00,in,A
03/08/2012 04:26:12 AM,04/19/2012 11:26:13 AM,0.04,in,A
03/08/2012 04:16:07 AM,04/19/2012 11:26:13 AM,0.04,in,A
03/08/2012 03:52:14 AM,04/19/2012 11:26:13 AM,0.04,in,A
03/08/2012 02:52:22 AM,04/19/2012 11:26:13 AM,0.04,in,A
03/08/2012 02:44:42 AM,04/19/2012 11:26:13 AM,0.04,in,A
03/08/2012 02:38:04 AM,04/19/2012 11:26:13 AM,0.04,in,A
03/08/2012 02:32:49 AM,04/19/2012 11:26:13 AM,0.04,in,A
03/08/2012 02:26:18 AM,04/19/2012 11:26:13 AM,0.04,in,A
03/08/2012 02:15:29 AM,04/19/2012 11:26:13 AM,0.04,in,A
03/08/2012 01:59:24 AM,04/19/2012 11:26:13 AM,0.04,in,A
03/07/2012 05:32:35 PM,04/19/2012 11:26:13 AM,0.00,in,A
03/07/2012 05:35:24 AM,04/19/2012 11:26:13 AM,0.00,in,A
03/06/2012 05:38:13 PM,04/19/2012 11:26:13 AM,0.00,in,A
03/06/2012 05:41:03 AM,04/19/2012 11:26:13 AM,0.00,in,A
03/05/2012 05:43:52 PM,04/19/2012 11:26:13 AM,0.00,in,A
03/05/2012 05:46:41 AM,04/19/2012 11:26:13 AM,0.00,in,A
03/04/2012 05:49:29 PM,04/19/2012 11:26:13 AM,0.00,in,A
03/04/2012 05:52:18 AM,04/19/2012 11:26:13 AM,0.00,in,A
03/03/2012 05:55:07 PM,04/19/2012 11:26:13 AM,0.00,in,A
03/03/2012 05:57:56 AM,04/19/2012 11:26:13 AM,0.00,in,A
03/02/2012 06:00:45 PM,04/19/2012 11:26:13 AM,0.00,in,A
03/02/2012 11:12:44 AM,04/19/2012 11:26:13 AM,0.04,in,A
03/02/2012 10:55:48 AM,04/19/2012 11:26:13 AM,0.04,in,A
03/02/2012 10:15:50 AM,04/19/2012 11:26:13 AM,0.04,in,A
03/02/2012 06:03:34 AM,04/19/2012 11:26:13 AM,0.00,in,A
03/01/2012 06:06:23 PM,04/19/2012 11:26:13 AM,0.00,in,A
03/01/2012 06:09:12 AM,04/19/2012 11:26:13 AM,0.00,in,A
02/29/2012 06:12:00 PM,04/19/2012 11:26:13 AM,0.00,in,A
02/29/2012 06:14:49 AM,04/19/2012 11:26:13 AM,0.00,in,A
02/28/2012 11:07:23 PM,04/19/2012 11:26:13 AM,0.04,in,A
02/28/2012 10:49:50 PM,04/19/2012 11:26:13 AM,0.04,in,A
02/28/2012 10:47:07 PM,04/19/2012 11:26:13 AM,0.04,in,A
02/28/2012 10:10:33 PM,04/19/2012 11:26:13 AM,0.04,in,A
02/28/2012 06:17:39 PM,04/19/2012 11:26:13 AM,0.00,in,A
02/28/2012 02:24:17 PM,04/19/2012 11:26:13 AM,0.04,in,A
02/28/2012 01:39:33 PM,04/19/2012 11:26:13 AM,0.04,in,A
02/28/2012 06:20:28 AM,04/19/2012 11:26:13 AM,0.00,in,A
02/27/2012 06:23:16 PM,04/19/2012 11:26:13 AM,0.00,in,A
02/27/2012 06:26:05 AM,04/19/2012 11:26:13 AM,0.00,in,A
02/26/2012 06:28:54 PM,04/19/2012 11:26:13 AM,0.00,in,A
02/26/2012 06:31:43 AM,04/19/2012 11:26:13 AM,0.00,in,A
02/25/2012 06:34:32 PM,04/19/2012 11:26:13 AM,0.00,in,A
02/25/2012 06:37:21 AM,04/19/2012 11:26:13 AM,0.00,in,A
02/24/2012 06:40:10 PM,04/19/2012 11:26:13 AM,0.00,in,A
02/24/2012 06:42:59 AM,04/19/2012 11:26:13 AM,0.00,in,A
02/23/2012 06:45:48 PM,04/19/2012 11:26:13 AM,0.00,in,A
02/23/2012 06:48:37 AM,04/19/2012 11:26:13 AM,0.00,in,A
02/22/2012 06:51:26 PM,04/19/2012 11:26:13 AM,0.00,in,A
02/22/2012 06:54:15 AM,04/19/2012 11:26:13 AM,0.00,in,A
02/21/2012 06:57:04 PM,04/19/2012 11:26:13 AM,0.00,in,A
02/21/2012 06:59:53 AM,04/19/2012 11:26:13 AM,0.00,in,A
02/21/2012 01:16:31 AM,04/19/2012 11:26:13 AM,0.04,in,A
02/20/2012 08:01:41 PM,04/19/2012 11:26:13 AM,0.16,in,A
02/20/2012 07:42:31 PM,04/19/2012 11:26:13 AM,0.04,in,A
02/20/2012 07:03:37 PM,04/19/2012 11:26:13 AM,0.04,in,A
02/20/2012 07:02:42 PM,04/19/2012 11:26:13 AM,0.00,in,A
02/20/2012 02:35:10 PM,04/19/2012 11:26:13 AM,0.04,in,A
02/20/2012 07:05:31 AM,04/19/2012 11:26:13 AM,0.00,in,A
02/19/2012 07:08:19 PM,04/19/2012 11:26:13 AM,0.00,in,A
02/19/2012 07:11:08 AM,04/19/2012 11:26:13 AM,0.00,in,A
02/18/2012 07:13:57 PM,04/19/2012 11:26:13 AM,0.00,in,A
02/18/2012 07:16:46 AM,04/19/2012 11:26:13 AM,0.00,in,A
02/17/2012 07:19:35 PM,04/19/2012 11:26:13 AM,0.00,in,A
02/17/2012 07:22:24 AM,04/19/2012 11:26:13 AM,0.00,in,A
02/16/2012 07:25:12 PM,04/19/2012 11:26:13 AM,0.00,in,A
02/16/2012 07:28:01 AM,04/19/2012 11:26:13 AM,0.00,in,A
02/15/2012 07:37:52 PM,04/19/2012 11:26:13 AM,0.04,in,A
02/15/2012 07:30:50 PM,04/19/2012 11:26:13 AM,0.00,in,A
02/15/2012 05:57:43 PM,04/19/2012 11:26:13 AM,0.04,in,A
02/15/2012 09:16:35 AM,04/19/2012 11:26:13 AM,0.04,in,A
02/15/2012 08:34:14 AM,04/19/2012 11:26:13 AM,0.04,in,A
02/15/2012 07:33:39 AM,04/19/2012 11:26:13 AM,0.00,in,A
02/14/2012 07:36:27 PM,04/19/2012 11:26:13 AM,0.00,in,A
02/14/2012 11:12:54 AM,04/19/2012 11:26:13 AM,0.12,in,A
02/14/2012 10:32:32 AM,04/19/2012 11:26:13 AM,0.04,in,A
02/14/2012 10:22:36 AM,04/19/2012 11:26:13 AM,0.04,in,A
02/14/2012 07:39:16 AM,04/19/2012 11:26:13 AM,0.00,in,A
02/13/2012 07:42:05 PM,04/19/2012 11:26:13 AM,0.00,in,A
02/13/2012 01:35:47 PM,04/19/2012 11:26:13 AM,0.04,in,A
02/13/2012 07:44:53 AM,04/19/2012 11:26:13 AM,0.00,in,A
02/12/2012 07:47:42 PM,04/19/2012 11:26:13 AM,0.00,in,A
02/12/2012 07:50:30 AM,04/19/2012 11:26:13 AM,0.00,in,A
02/11/2012 07:53:19 PM,04/19/2012 11:26:13 AM,0.00,in,A
02/11/2012 07:56:07 AM,04/19/2012 11:26:13 AM,0.00,in,A
02/10/2012 07:58:56 PM,04/19/2012 11:26:13 AM,0.00,in,A
02/10/2012 08:01:45 AM,04/19/2012 11:26:13 AM,0.00,in,A
02/09/2012 08:04:33 PM,04/19/2012 11:26:13 AM,0.00,in,A
02/09/2012 08:07:22 AM,04/19/2012 11:26:13 AM,0.00,in,A
02/08/2012 08:10:11 PM,04/19/2012 11:26:13 AM,0.00,in,A
02/08/2012 08:13:00 AM,04/19/2012 11:26:13 AM,0.00,in,A
02/07/2012 08:15:49 PM,04/19/2012 11:26:13 AM,0.00,in,A
02/07/2012 08:18:37 AM,04/19/2012 11:26:13 AM,0.00,in,A
02/06/2012 08:21:26 PM,04/19/2012 11:26:13 AM,0.00,in,A
02/06/2012 08:24:15 AM,04/19/2012 11:26:13 AM,0.00,in,A
02/05/2012 08:27:04 PM,04/19/2012 11:26:13 AM,0.00,in,A
02/05/2012 08:29:52 AM,04/19/2012 11:26:13 AM,0.00,in,A
02/05/2012 12:50:12 AM,04/19/2012 11:26:13 AM,0.04,in,A
02/04/2012 08:54:07 PM,04/19/2012 11:26:13 AM,0.04,in,A
02/04/2012 08:32:41 PM,04/19/2012 11:26:13 AM,0.00,in,A
02/04/2012 08:35:30 AM,04/19/2012 11:26:13 AM,0.00,in,A
02/04/2012 07:00:34 AM,04/19/2012 11:26:13 AM,0.04,in,A
02/04/2012 01:58:30 AM,04/19/2012 11:26:13 AM,0.04,in,A
02/03/2012 08:38:19 PM,04/19/2012 11:26:13 AM,0.00,in,A
02/03/2012 04:34:19 PM,04/19/2012 11:26:13 AM,0.04,in,A
02/03/2012 04:18:29 PM,04/19/2012 11:26:13 AM,0.04,in,A
02/03/2012 04:07:03 PM,04/19/2012 11:26:13 AM,0.04,in,A
02/03/2012 03:58:05 PM,04/19/2012 11:26:13 AM,0.04,in,A
02/03/2012 03:50:16 PM,04/19/2012 11:26:13 AM,0.04,in,A
02/03/2012 03:40:27 PM,04/19/2012 11:26:13 AM,0.04,in,A
02/03/2012 03:32:44 PM,04/19/2012 11:26:13 AM,0.08,in,A
02/03/2012 02:49:20 PM,04/19/2012 11:26:13 AM,0.04,in,A
02/03/2012 02:16:57 PM,04/19/2012 11:26:13 AM,0.04,in,A
02/03/2012 01:40:14 PM,04/19/2012 11:26:13 AM,0.04,in,A
02/03/2012 01:07:38 PM,04/19/2012 11:26:13 AM,0.04,in,A
02/03/2012 12:45:38 PM,04/19/2012 11:26:13 AM,0.04,in,A
02/03/2012 12:21:57 PM,04/19/2012 11:26:13 AM,0.04,in,A
02/03/2012 12:10:07 PM,04/19/2012 11:26:13 AM,0.04,in,A
02/03/2012 11:39:19 AM,04/19/2012 11:26:13 AM,0.04,in,A
02/03/2012 10:55:39 AM,04/19/2012 11:26:13 AM,0.04,in,A
02/03/2012 09:50:00 AM,04/19/2012 11:26:13 AM,0.04,in,A
02/03/2012 09:39:06 AM,04/19/2012 11:26:13 AM,0.04,in,A
02/03/2012 09:11:59 AM,04/19/2012 11:26:13 AM,0.04,in,A
02/03/2012 08:56:21 AM,04/19/2012 11:26:13 AM,0.04,in,A
02/03/2012 08:42:32 AM,04/19/2012 11:26:13 AM,0.12,in,A
02/03/2012 08:11:54 AM,04/19/2012 11:26:13 AM,0.04,in,A
02/03/2012 07:53:45 AM,04/19/2012 11:26:13 AM,0.04,in,A
02/03/2012 07:39:11 AM,04/19/2012 11:26:13 AM,0.08,in,A
02/03/2012 07:25:51 AM,04/19/2012 11:26:13 AM,0.12,in,A
02/03/2012 07:04:49 AM,04/19/2012 11:26:13 AM,0.04,in,A
02/03/2012 07:00:52 AM,04/19/2012 11:26:13 AM,0.04,in,A
02/03/2012 06:59:42 AM,04/19/2012 11:26:13 AM,0.08,in,A
02/03/2012 06:51:42 AM,04/19/2012 11:26:13 AM,0.04,in,A
02/02/2012 08:42:30 PM,04/19/2012 11:26:13 AM,0.00,in,A
02/02/2012 08:44:23 AM,04/19/2012 11:26:13 AM,0.00,in,A
02/01/2012 08:46:17 PM,04/19/2012 11:26:13 AM,0.00,in,A
02/01/2012 08:48:11 AM,04/19/2012 11:26:13 AM,0.00,in,A
01/31/2012 08:50:05 PM,04/19/2012 11:26:13 AM,0.00,in,A
01/31/2012 08:51:59 AM,04/19/2012 11:26:13 AM,0.00,in,A
01/30/2012 08:53:53 PM,04/19/2012 11:26:13 AM,0.00,in,A
01/30/2012 08:55:46 AM,04/19/2012 11:26:13 AM,0.00,in,A
01/29/2012 08:57:40 PM,04/19/2012 11:26:13 AM,0.00,in,A
01/29/2012 08:59:34 AM,04/19/2012 11:26:13 AM,0.00,in,A
01/28/2012 09:01:28 PM,04/19/2012 11:26:13 AM,0.00,in,A
01/28/2012 09:03:21 AM,04/19/2012 11:26:13 AM,0.00,in,A
01/27/2012 09:05:15 PM,04/19/2012 11:26:13 AM,0.00,in,A
01/27/2012 09:07:08 AM,04/19/2012 11:26:13 AM,0.00,in,A
01/26/2012 09:09:02 PM,04/19/2012 11:26:13 AM,0.00,in,A
01/26/2012 09:10:56 AM,04/19/2012 11:26:13 AM,0.00,in,A
01/25/2012 09:12:50 PM,04/19/2012 11:26:13 AM,0.00,in,A
01/25/2012 09:14:43 AM,04/19/2012 11:26:13 AM,0.00,in,A
01/24/2012 09:16:37 PM,04/19/2012 11:26:13 AM,0.00,in,A
01/24/2012 09:18:31 AM,04/19/2012 11:26:13 AM,0.00,in,A
01/23/2012 09:20:24 PM,04/19/2012 11:26:13 AM,0.00,in,A
01/23/2012 09:22:18 AM,04/19/2012 11:26:13 AM,0.00,in,A
01/22/2012 09:34:29 PM,04/19/2012 11:26:13 AM,0.04,in,A
01/22/2012 09:24:11 PM,04/19/2012 11:26:13 AM,0.00,in,A
01/22/2012 07:04:53 PM,04/19/2012 11:26:13 AM,0.04,in,A
01/22/2012 06:52:23 PM,04/19/2012 11:26:13 AM,0.04,in,A
01/22/2012 09:26:05 AM,04/19/2012 11:26:13 AM,0.00,in,A
01/21/2012 09:27:58 PM,04/19/2012 11:26:13 AM,0.00,in,A
01/21/2012 09:29:52 AM,04/19/2012 11:26:13 AM,0.00,in,A
01/20/2012 09:31:45 PM,04/19/2012 11:26:13 AM,0.00,in,A
01/20/2012 09:33:39 AM,04/19/2012 11:26:13 AM,0.00,in,A
01/19/2012 09:35:32 PM,04/19/2012 11:26:13 AM,0.00,in,A
01/19/2012 09:37:26 AM,04/19/2012 11:26:13 AM,0.00,in,A
01/18/2012 09:39:19 PM,04/19/2012 11:26:13 AM,0.00,in,A
01/18/2012 09:41:13 AM,04/19/2012 11:26:13 AM,0.00,in,A
01/17/2012 09:43:06 PM,04/19/2012 11:26:13 AM,0.00,in,A
01/17/2012 09:45:00 AM,04/19/2012 11:26:13 AM,0.00,in,A
01/16/2012 09:46:53 PM,04/19/2012 11:26:13 AM,0.00,in,A
01/16/2012 09:48:47 AM,04/19/2012 11:26:13 AM,0.00,in,A
01/15/2012 09:50:41 PM,04/19/2012 11:26:13 AM,0.00,in,A
01/15/2012 09:52:35 AM,04/19/2012 11:26:13 AM,0.00,in,A
01/14/2012 09:54:28 PM,04/19/2012 11:26:13 AM,0.00,in,A
01/14/2012 09:56:22 AM,04/19/2012 11:26:13 AM,0.00,in,A
01/13/2012 09:58:15 PM,04/19/2012 11:26:13 AM,0.00,in,A
01/13/2012 10:00:08 AM,04/19/2012 11:26:13 AM,0.00,in,A
01/12/2012 10:02:02 PM,04/19/2012 11:26:13 AM,0.00,in,A
01/12/2012 10:03:55 AM,04/19/2012 11:26:13 AM,0.00,in,A
01/11/2012 10:05:49 PM,04/19/2012 11:26:13 AM,0.00,in,A
01/11/2012 10:07:42 AM,04/19/2012 11:26:13 AM,0.00,in,A
01/10/2012 10:09:36 PM,04/19/2012 11:26:13 AM,0.00,in,A
01/10/2012 10:11:30 AM,04/19/2012 11:26:13 AM,0.00,in,A
01/09/2012 10:13:23 PM,04/19/2012 11:26:13 AM,0.00,in,A
01/09/2012 10:15:17 AM,04/19/2012 11:26:13 AM,0.00,in,A
01/08/2012 10:17:10 PM,04/19/2012 11:26:13 AM,0.00,in,A
01/08/2012 10:19:04 AM,04/19/2012 11:26:13 AM,0.00,in,A
01/07/2012 10:20:58 PM,04/19/2012 11:26:13 AM,0.00,in,A
01/07/2012 10:22:52 AM,04/19/2012 11:26:13 AM,0.00,in,A
01/06/2012 10:24:45 PM,04/19/2012 11:26:13 AM,0.00,in,A
01/06/2012 10:26:39 AM,04/19/2012 11:26:13 AM,0.00,in,A
01/05/2012 10:28:33 PM,04/19/2012 11:26:13 AM,0.00,in,A
01/05/2012 10:30:27 AM,04/19/2012 11:26:13 AM,0.00,in,A
01/04/2012 10:32:20 PM,04/19/2012 11:26:13 AM,0.00,in,A
01/04/2012 10:34:14 AM,04/19/2012 11:26:13 AM,0.00,in,A
01/03/2012 10:36:08 PM,04/19/2012 11:26:13 AM,0.00,in,A
01/03/2012 10:38:01 AM,04/19/2012 11:26:13 AM,0.00,in,A
01/02/2012 10:39:55 PM,04/19/2012 11:26:13 AM,0.00,in,A
01/02/2012 10:41:48 AM,04/19/2012 11:26:13 AM,0.00,in,A
01/01/2012 10:43:42 PM,04/19/2012 11:26:13 AM,0.00,in,A
